41
0 2 8 27 10 34 14 38 12 7 6
1 6 19 18 15 25 7 27 6 7 15 9 20
2 0 8 5 9 10 5 15 5 26 20 32 6
3 9 1 20 19 36 2 5 7
4 16 8 25 18 7 8
5 2 9 3 7 10 13 13 8 19 8 23 8
6 1 19 33 6 40 5 21 15 32 19
7 0 6 1 15 4 8 11 12 16 17 18 12 26 3 39 11
8 16 6 26 3 29 20 30 15 38 13
9 3 1 1 20 18 19 35 18
10 2 5 5 13
11 7 12 28 1 38 9
12 21 11 38 4
13 5 8
14 38 6
15 2 5 19 18 39 16
16 4 8 7 17 8 6 19 13 38 8 23 17 31 17
17 19 4 21 5 34 12 18 11
18 1 15 7 12 9 19 17 11 19 12
19 5 8 15 18 16 13 17 4 18 12
20 3 19 25 1 29 3 22 12 36 9
21 12 11 17 5 6 15 30 17 33 14 36 7
22 20 12 31 15
23 5 8 16 17 34 9 35 20 36 14 29 15
24 26 17 30 9
25 1 7 4 18 20 1 37 9
26 2 20 8 3 24 17 7 3
27 0 10 1 6 39 7
28 11 1
29 8 20 20 3 23 15 40 17
30 8 15 21 17 24 9
31 22 15 16 17 38 19
32 2 6 6 19 33 16 38 2
33 6 6 21 14 32 16 40 3
34 0 14 17 12 23 9
35 9 18 23 20
36 3 2 21 7 23 14 20 9 40 15
37 25 9
38 0 12 11 9 12 4 14 6 16 8 31 19 32 2 8 13 40 18
39 15 16 7 11 27 7
40 6 5 29 17 33 3 36 15 38 18
