83
0 1 18 30 5 55 5 62 6 77 5 49 7 53 10
1 0 18 49 8 73 16
2 6 2 65 11
3 50 5 64 12
4 58 12 81 15
5 39 12 73 16 79 10 81 15 18 17
6 2 2 51 1 64 12 82 15
7 22 14 73 4 81 8
8 51 12
9 12 14 26 6 41 18 57 4 58 13
10 64 11 51 10
11 24 14 42 14 69 8 61 9
12 9 14 54 12 69 4
13 25 13 38 4 39 5 48 7 57 12 74 9
14 25 10 58 4 57 16
15 49 3 64 2 31 1 35 6
16 46 12 75 11
17 58 4 34 14 61 19
18 5 17 19 15 57 17
19 18 15 20 6 82 6
20 19 6 48 8 52 4 62 20 71 1 21 20
21 20 20 49 14 57 1 75 20
22 7 14 31 5 37 3 46 13 82 11
23 66 12 80 5
24 11 14 50 4
25 13 13 14 10 53 4
26 9 6 34 19 58 5
27 44 10 55 18
28 79 8 50 14 74 15
29 30 11 32 2
30 0 5 29 11 75 18 60 12
31 22 5 15 1 38 4 41 19 57 6
32 29 2
33 68 2
34 26 19 17 14 45 14 69 2
35 15 6 43 3 72 13
36 37 19 61 17
37 22 3 36 19
38 13 4 31 4 44 5 48 16 56 14 62 16 64 2 71 8
39 5 12 13 5 53 15
40 64 8
41 9 18 31 19
42 11 14 56 17
43 35 3 54 19 74 9
44 27 10 38 5 47 12 66 7
45 34 14 65 15
46 16 12 22 13 53 6 61 8 76 13 78 11
47 44 12 77 3 49 7
48 13 7 20 8 38 16 58 1
49 1 8 15 3 21 14 0 7 47 7 59 12
50 3 5 24 4 28 14
51 6 1 8 12 10 10 57 17 67 1
52 20 4 60 12 77 14
53 25 4 39 15 46 6 0 10 62 1 77 9
54 43 19 12 12 66 11
55 0 5 27 18 58 17 79 15 69 7 73 6
56 38 14 42 17
57 9 4 13 12 18 17 31 6 51 17 14 16 21 1 81 5 68 17
58 4 12 9 13 14 4 17 4 26 5 48 1 55 17 75 5 81 4 73 12
59 49 12 70 13
60 52 12 30 12 61 12 72 10 81 16
61 46 8 60 12 11 9 17 19 36 17 63 5 62 7
62 0 6 20 20 38 16 53 1 61 7
63 61 5 75 20
64 6 12 10 11 15 2 38 2 40 8 3 12 78 4
65 2 11 45 15
66 23 12 44 7 54 11
67 51 1
68 33 2 57 17 70 5 76 3 78 19
69 11 8 12 4 34 2 55 7 70 17
70 59 13 68 5 69 17 80 4
71 20 1 38 8
72 35 13 60 10
73 1 16 5 16 7 4 55 6 58 12
74 13 9 43 9 28 15 78 9
75 30 18 58 5 16 11 21 20 63 20
76 46 13 68 3
77 0 5 47 3 52 14 53 9
78 64 4 68 19 74 9 46 11
79 5 10 28 8 55 15 81 19
80 23 5 70 4
81 5 15 57 5 58 4 60 16 79 19 4 15 7 8
82 6 15 19 6 22 11
