51
0 48 7 49 16 16 13
1 7 1 20 14 45 19 30 11 32 10
2 27 2 11 12 43 4
3 26 10 30 4 38 8 46 20 23 1
4 12 3 23 5 34 9 35 18 19 8
5 12 8 16 13 19 19 23 14 28 6 30 8
6 20 20 21 9 15 16 26 10 28 15 36 4
7 1 1 18 17 48 17
8 10 3 27 8 33 1 41 9 34 6 36 18
9 18 18 48 4
10 8 3 17 19 25 5
11 2 12 20 6 16 8
12 4 3 5 8 26 11 47 14
13 23 16 44 5
14 40 9 50 16 35 2
15 6 16 19 10 35 4 34 15 44 12
16 5 13 0 13 11 8 31 19 40 18
17 10 19 26 5 29 8 37 17
18 7 17 9 18 26 18 25 10 32 4 39 12
19 5 19 15 10 4 8 23 2 34 12 40 19
20 1 14 6 20 11 6 30 3 50 15
21 6 9 26 1 29 14 30 20
22 24 13 40 2 47 14 26 19
23 4 5 5 14 13 16 19 2 3 1 39 3 33 19
24 22 13 34 8 43 10 45 12 47 16
25 10 5 18 10 36 6
26 3 10 17 5 18 18 21 1 6 10 12 11 22 19 32 20
27 2 2 8 8 38 2 49 14
28 5 6 6 15 45 17 41 17
29 17 8 21 14 35 19 46 14
30 3 4 5 8 20 3 21 20 1 11 34 7 38 1 46 17 31 20 45 11 47 13
31 16 19 30 20 44 4 48 2
32 26 20 1 10 18 4 39 11 43 13
33 8 1 23 19 44 19
34 4 9 19 12 24 8 30 7 8 6 15 15
35 4 18 15 4 29 19 14 2 42 9 46 12 49 20 36 7
36 6 4 8 18 25 6 35 7 41 10
37 17 17 40 17
38 3 8 27 2 30 1 47 4
39 23 3 32 11 18 12 40 10 46 17
40 14 9 16 18 19 19 22 2 37 17 39 10
41 8 9 36 10 28 17
42 35 9 47 14
43 24 10 2 4 32 13 50 11
44 13 5 31 4 33 19 15 12
45 1 19 24 12 28 17 30 11 47 5
46 3 20 29 14 30 17 35 12 39 17 50 16
47 22 14 38 4 42 14 45 5 12 14 24 16 30 13
48 0 7 7 17 9 4 31 2
49 0 16 27 14 35 20
50 14 16 46 16 20 15 43 11
