27
0 1 10 2 3 3 20 4 20 5 14 7 3 9 5 10 6 11 18 12 20 13 11 15 14 16 10 17 15 18 3 19 10 20 16 21 18 22 6 23 13 24 6 25 16 6 16 26 13
1 0 10 2 19 3 20 4 15 5 16 6 10 7 17 8 16 9 12 10 1 12 7 13 10 14 13 15 8 17 8 18 1 20 20 21 15 22 17 23 6 24 18 25 10 26 20 11 8 19 12
2 0 3 1 19 3 19 4 9 5 4 6 6 7 14 8 18 9 1 10 17 11 10 12 3 14 17 15 7 16 20 17 10 18 7 19 2 20 15 21 5 22 6 23 11 24 17 25 14 26 5 13 1
3 0 20 1 20 2 19 5 1 6 11 7 7 8 17 9 6 10 15 11 2 12 12 13 8 14 3 15 15 16 12 17 18 18 8 20 16 21 5 22 18 23 2 24 2 26 20 4 15 19 1 25 3
4 0 20 1 15 2 9 3 15 5 16 6 1 7 9 8 11 9 3 10 16 11 3 12 20 13 11 14 19 15 16 16 7 17 11 18 2 19 14 20 3 21 13 22 10 23 8 24 12 25 18 26 14
5 0 14 1 16 2 4 3 1 4 16 6 5 7 10 8 4 9 10 10 16 11 15 12 13 13 19 15 3 16 8 17 4 18 2 20 2 21 10 22 2 23 2 24 15 25 18 26 12
6 1 10 2 6 3 11 4 1 5 5 0 16 7 16 8 18 10 3 11 7 12 14 13 7 14 7 15 8 16 19 17 12 18 14 19 17 20 14 21 1 22 9 23 12 24 16 25 16 26 20 9 11
7 0 3 1 17 2 14 3 7 4 9 5 10 6 16 8 7 9 7 10 15 12 1 13 6 14 1 15 6 16 4 17 10 18 2 19 14 20 16 21 8 22 6 23 4 24 13 25 5 26 1
8 1 16 2 18 3 17 4 11 5 4 6 18 7 7 9 16 10 13 11 3 12 6 13 3 14 2 15 20 16 15 17 11 18 2 19 4 20 19 22 8 23 16 24 9 25 3 26 5 21 6
9 0 5 1 12 2 1 3 6 4 3 5 10 7 7 8 16 6 11 10 11 11 15 12 17 13 9 14 17 15 19 16 6 17 9 18 10 19 6 21 8 22 3 23 12 24 1 25 12 26 1 20 9
10 0 6 1 1 2 17 3 15 4 16 5 16 6 3 7 15 8 13 9 11 11 9 12 2 13 9 14 11 15 6 17 9 18 10 19 3 20 18 21 19 22 14 24 4 25 13 26 8 16 20 23 16
11 0 18 2 10 3 2 4 3 5 15 6 7 8 3 9 15 10 9 1 8 12 7 13 18 14 15 15 2 17 12 18 5 19 11 20 13 21 7 22 10 23 4 24 15 25 10 26 13
12 0 20 1 7 2 3 3 12 4 20 5 13 6 14 7 1 8 6 9 17 10 2 11 7 13 15 15 1 16 20 17 16 18 19 19 4 20 17 21 4 22 8 23 20 24 18 26 7 14 16 25 17
13 0 11 1 10 3 8 4 11 5 19 6 7 7 6 8 3 9 9 10 9 11 18 12 15 2 1 14 9 15 16 16 1 17 1 18 9 19 4 20 1 21 11 22 6 23 13 24 16 25 5 26 6
14 1 13 2 17 3 3 4 19 6 7 7 1 8 2 9 17 10 11 11 15 13 9 12 16 15 17 17 14 18 16 19 12 20 5 21 2 22 9 23 3 24 2 25 1 26 14 16 7
15 0 14 1 8 2 7 3 15 4 16 5 3 6 8 7 6 8 20 9 19 10 6 11 2 12 1 13 16 14 17 16 5 17 10 18 13 19 13 20 18 21 4 22 8 23 14 24 12 25 4 26 1
16 0 10 2 20 3 12 4 7 5 8 6 19 7 4 8 15 9 6 12 20 13 1 15 5 10 20 14 7 17 5 19 13 20 19 21 11 22 15 23 1 24 9 25 3 26 12 18 11
17 0 15 1 8 2 10 3 18 4 11 5 4 6 12 7 10 8 11 9 9 10 9 11 12 12 16 13 1 14 14 15 10 16 5 19 1 20 4 21 18 22 14 23 13 24 15 25 20 26 15 18 15
18 0 3 1 1 2 7 3 8 4 2 5 2 6 14 7 2 8 2 9 10 10 10 11 5 12 19 13 9 14 16 15 13 16 11 17 15 19 14 20 1 21 18 22 9 23 12 24 4 25 17 26 13
19 0 10 2 2 4 14 6 17 7 14 8 4 9 6 10 3 11 11 12 4 13 4 14 12 15 13 16 13 17 1 18 14 1 12 3 1 20 3 21 4 22 7 23 10 24 6 25 3 26 6
20 0 16 1 20 2 15 3 16 4 3 5 2 6 14 7 16 8 19 10 18 11 13 12 17 13 1 14 5 15 18 16 19 17 4 18 1 19 3 9 9 21 16 22 15 23 20 24 15 26 4 25 6
21 0 18 1 15 2 5 3 5 4 13 5 10 6 1 7 8 9 8 10 19 11 7 12 4 13 11 14 2 15 4 16 11 17 18 18 18 19 4 20 16 8 6 22 17 23 5 24 14 26 18 25 20
22 0 6 1 17 2 6 3 18 4 10 5 2 6 9 7 6 8 8 9 3 10 14 11 10 12 8 13 6 14 9 15 8 16 15 17 14 18 9 19 7 20 15 21 17 24 4 25 5 26 7 23 2
23 0 13 1 6 2 11 3 2 4 8 5 2 6 12 7 4 8 16 9 12 11 4 12 20 13 13 14 3 15 14 16 1 17 13 18 12 19 10 20 20 21 5 10 16 22 2 24 2 25 12 26 4
24 0 6 1 18 2 17 3 2 4 12 5 15 6 16 7 13 8 9 9 1 10 4 11 15 12 18 13 16 14 2 15 12 16 9 17 15 18 4 19 6 20 15 21 14 22 4 23 2 26 11 25 7
25 0 16 1 10 2 14 4 18 5 18 6 16 7 5 8 3 9 12 10 13 11 10 13 5 14 1 15 4 16 3 17 20 18 17 19 3 22 5 23 12 3 3 12 17 20 6 21 20 24 7 26 16
26 1 20 2 5 3 20 4 14 5 12 6 20 7 1 8 5 9 1 10 8 12 7 14 14 16 12 17 15 18 13 19 6 20 4 21 18 22 7 23 4 24 11 0 13 11 13 13 6 15 1 25 16
