65
0 1 17 2 5 3 7 4 1 5 15 6 1 7 14 8 2 9 7 10 7 11 19 12 10 13 11 15 13 16 7 17 3 18 20 19 2 20 9 21 17 23 2 25 13 26 12 28 20 29 14 30 2 31 16 32 10 33 14 34 9 35 16 36 1 37 20 38 3 40 1 41 3 42 15 43 9 44 17 45 6 46 19 47 16 49 6 50 10 52 14 53 4 54 18 55 2 57 14 58 12 59 2 61 19 62 16 63 8 64 7 14 7 22 20 24 16 27 12 39 8 48 18 51 18 56 13
1 0 17 2 3 3 7 4 6 5 19 6 13 7 17 8 2 9 12 10 20 11 12 13 10 14 2 15 12 16 11 17 13 18 17 19 1 21 3 22 8 23 20 25 12 26 4 27 5 28 18 29 12 30 11 31 12 32 16 33 13 34 5 35 2 36 11 37 19 38 14 40 16 41 10 42 2 44 18 45 12 46 18 47 17 48 19 49 20 50 18 51 14 52 4 54 14 55 5 56 7 58 9 59 17 60 10 61 6 62 15 63 5 64 6 12 18 20 17 24 10 43 18 53 9 57 5
2 0 5 1 3 3 2 4 2 5 14 6 10 7 13 8 18 9 15 10 12 11 10 12 7 13 10 14 20 15 14 16 12 17 17 18 14 19 3 20 11 21 3 22 18 23 3 24 5 25 10 26 10 27 16 28 1 30 8 31 12 32 18 33 11 34 18 35 12 36 11 37 17 38 16 39 19 40 18 41 11 42 13 43 13 44 9 46 3 47 9 49 19 50 7 51 3 52 18 53 12 54 1 55 12 56 8 57 10 58 10 59 18 60 14 61 15 62 2 63 10 64 1 29 17 45 2
3 0 7 1 7 2 2 4 14 5 8 6 19 7 20 8 2 9 20 10 16 11 14 12 12 13 9 14 16 16 20 17 19 18 12 19 1 20 18 21 20 22 17 23 14 24 5 25 4 26 17 27 14 28 5 29 1 30 19 31 14 32 10 33 16 34 16 35 7 36 18 37 14 38 4 39 14 40 5 41 20 42 19 43 7 44 2 45 10 46 15 47 14 48 1 49 17 50 14 51 19 53 16 54 6 55 7 56 2 57 15 58 12 59 8 60 2 61 19 62 18 63 14 64 14 15 19
4 0 1 1 6 2 2 3 14 5 10 6 12 7 12 8 15 9 10 10 18 11 3 12 16 13 15 14 12 15 3 17 19 18 1 19 5 20 20 21 13 22 9 23 16 24 11 25 1 26 1 27 7 28 17 30 14 31 18 32 17 33 8 34 10 35 15 36 3 37 14 38 5 39 3 41 13 42 16 43 17 45 14 46 1 47 4 48 10 49 10 50 16 51 3 53 9 54 10 55 11 56 1 57 8 58 20 59 11 60 16 61 16 62 11 64 2 16 2 29 5 40 5 44 19 52 8 63 14
5 0 15 1 19 2 14 3 8 4 10 6 10 7 5 8 17 9 4 11 18 12 20 13 11 14 14 15 1 16 13 17 2 19 9 20 17 22 10 23 20 24 18 25 4 26 17 27 16 28 8 29 5 30 13 31 1 32 15 33 7 34 15 35 12 36 4 37 9 38 8 39 4 40 19 42 20 43 15 44 1 45 5 46 4 47 6 48 10 49 5 51 2 53 19 54 14 55 12 56 18 57 3 58 7 59 7 63 16 64 15 10 11 18 8 21 16 41 12 50 17 52 7 60 3 61 12 62 10
6 0 1 1 13 2 10 3 19 4 12 5 10 7 14 8 9 9 9 10 6 11 12 12 3 13 8 14 9 15 19 16 8 17 2 18 8 19 10 20 6 21 14 22 16 23 7 24 8 25 1 26 17 27 20 28 1 29 12 30 11 31 7 33 2 34 12 35 10 36 11 38 9 39 15 40 11 41 13 42 3 43 11 45 13 46 3 47 10 48 14 49 8 50 18 51 18 52 3 53 6 54 7 56 10 57 10 59 19 60 8 61 2 62 17 63 14 64 3 32 14 37 5 44 16 55 3 58 12
7 0 14 1 17 2 13 3 20 4 12 5 5 6 14 8 16 9 13 10 5 11 13 12 17 13 9 14 11 15 1 16 6 17 15 18 20 19 1 20 20 21 18 22 10 23 19 24 5 25 7 26 5 27 9 28 16 29 11 30 20 31 13 32 7 33 10 34 3 36 15 37 19 38 11 39 4 40 3 41 14 42 1 43 9 44 5 46 4 47 11 48 20 49 11 50 14 52 20 53 15 54 18 55 19 56 12 57 12 58 5 59 1 60 5 61 6 62 16 63 20 64 3 35 11 45 18 51 18
8 0 2 1 2 2 18 3 2 4 15 5 17 6 9 7 16 9 11 10 13 12 13 13 8 14 7 15 7 16 1 17 19 19 7 20 10 21 2 22 12 23 16 24 19 25 2 26 19 27 8 29 17 30 16 32 12 33 20 34 15 36 18 37 6 39 4 40 17 41 10 42 14 43 7 44 20 45 12 46 17 47 4 48 16 49 17 50 8 52 17 53 19 54 11 56 17 57 19 58 20 59 12 60 15 62 19 63 10 64 11 11 16 18 17 28 9 31 3 38 4 51 2 55 10 61 3
9 0 7 1 12 2 15 3 20 4 10 5 4 6 9 7 13 8 11 10 16 11 7 12 11 13 13 15 6 17 19 18 7 19 15 20 5 21 19 22 1 23 3 24 8 25 13 26 2 27 2 28 4 29 20 30 14 31 15 32 5 33 3 34 12 35 7 36 20 37 12 39 5 40 9 41 20 42 3 44 10 45 7 46 19 47 2 48 13 49 11 50 19 51 1 52 3 53 1 54 7 55 1 57 7 58 2 59 1 60 4 61 13 62 3 63 11 64 11 14 5 38 16 43 12 56 8
10 0 7 1 20 2 12 3 16 4 18 6 6 7 5 8 13 9 16 5 11 11 2 12 1 13 10 16 7 17 7 18 16 19 5 20 13 21 2 22 16 23 6 24 12 25 20 26 6 27 12 28 2 29 13 30 14 32 1 33 11 34 18 35 13 36 12 37 15 39 15 40 10 41 10 42 11 43 4 44 7 46 6 47 9 48 17 49 3 51 15 52 7 53 12 54 12 55 20 56 3 57 2 58 10 60 5 61 13 62 18 63 20 64 14 14 19 15 6 31 7 38 8 45 2 50 2 59 5
11 0 19 1 12 2 10 3 14 4 3 5 18 6 12 7 13 9 7 10 2 8 16 12 13 13 2 14 10 15 3 16 8 17 10 19 8 20 9 21 11 22 5 23 7 25 19 26 20 27 16 29 14 30 11 32 2 33 9 34 9 35 7 36 17 37 7 39 15 40 7 41 18 42 14 43 6 44 8 45 1 46 15 47 7 48 3 49 3 50 4 51 16 52 9 53 9 54 9 56 3 57 12 58 8 59 16 60 6 61 1 62 6 63 17 64 12 18 18 24 14 28 6 31 20 38 20 55 16
12 0 10 2 7 3 12 4 16 5 20 6 3 7 17 8 13 9 11 10 1 11 13 1 18 14 16 15 9 16 11 17 9 18 11 21 10 22 1 23 7 24 19 25 11 26 13 27 11 28 8 29 20 30 3 32 2 33 5 34 3 35 16 36 4 37 10 38 20 39 15 40 14 41 6 42 12 43 10 44 1 45 2 46 6 48 17 49 10 50 17 51 10 52 3 53 8 54 4 55 7 57 16 58 17 59 8 60 11 61 11 62 7 63 1 13 9 19 10 20 3 31 4 47 10 56 4
13 0 11 1 10 2 10 3 9 4 15 5 11 6 8 7 9 8 8 9 13 10 10 11 2 12 9 14 6 15 7 16 14 17 15 18 1 19 9 20 7 21 17 22 11 24 16 25 8 26 2 27 1 28 14 29 3 30 2 32 6 33 11 34 16 35 11 36 18 37 5 38 9 40 18 41 3 42 17 43 5 45 13 46 13 48 8 49 12 50 18 51 5 52 18 54 15 55 19 56 13 57 20 59 9 60 9 61 14 62 18 63 11 23 14 31 5 39 3 47 15 53 2 58 3 64 16
14 1 2 2 20 3 16 4 12 5 14 6 9 7 11 8 7 11 10 12 16 13 6 0 7 9 5 10 19 15 5 16 19 17 16 19 10 21 11 22 7 23 16 24 1 25 10 26 12 27 10 28 20 29 9 30 2 32 11 33 17 34 9 35 7 36 11 37 9 38 17 39 18 40 5 42 20 43 10 44 15 45 16 46 14 47 18 48 5 49 16 50 12 51 12 52 8 53 3 54 7 55 17 56 7 57 2 58 6 59 6 61 12 62 3 63 1 64 20 18 18 20 18 31 15 41 18 60 9
15 0 13 1 12 2 14 4 3 5 1 6 19 7 1 8 7 9 6 11 3 12 9 13 7 14 5 3 19 10 6 16 13 18 8 19 2 20 11 21 6 22 15 23 19 24 14 26 6 27 12 28 8 29 17 30 5 31 14 32 16 34 4 35 4 36 5 37 1 38 2 39 1 40 13 41 16 42 7 43 3 44 6 45 5 46 6 47 6 48 1 49 1 50 10 51 8 53 11 54 4 55 15 56 12 57 3 58 19 59 9 60 11 61 17 62 12 63 7 64 16 17 10 25 9 52 2
16 0 7 1 11 2 12 3 20 5 13 6 8 7 6 8 1 10 7 11 8 12 11 13 14 14 19 15 13 4 2 17 19 18 14 19 10 20 16 21 20 22 20 23 10 24 4 26 14 27 16 28 12 29 11 30 20 31 3 32 1 33 3 34 10 35 2 37 12 38 1 39 5 40 3 41 18 43 11 44 1 45 8 46 7 47 2 48 18 49 9 50 12 52 3 53 15 54 10 55 4 56 5 57 5 59 20 61 11 62 17 63 10 64 12 25 1 36 2 42 4 51 6 58 12
17 0 3 1 13 2 17 3 19 4 19 5 2 6 2 7 15 8 19 9 19 10 7 11 10 12 9 13 15 14 16 16 19 15 10 18 16 19 3 20 11 21 14 22 18 23 14 24 8 25 6 26 12 27 17 28 8 29 20 30 18 31 12 32 11 33 7 34 17 35 13 36 7 37 16 38 19 41 20 42 20 43 19 45 14 46 10 47 3 48 3 49 3 50 4 51 7 52 13 53 14 54 2 55 3 58 4 59 19 60 6 61 15 62 18 64 8 39 1 44 12 57 16 63 15
18 0 20 1 17 2 14 3 12 4 1 6 8 7 20 9 7 10 16 12 11 13 1 15 8 16 14 17 16 5 8 8 17 11 18 14 18 19 4 20 6 21 2 22 12 23 17 24 18 25 13 26 1 27 3 28 7 29 11 30 18 31 12 32 3 33 13 34 1 35 19 36 19 37 10 39 20 40 11 41 6 42 20 43 3 44 12 45 5 46 14 47 11 48 20 49 8 50 11 51 17 52 15 53 2 54 5 57 7 58 20 59 18 60 8 61 12 62 10 38 9 55 19 56 13 63 6 64 17
19 0 2 1 1 2 3 3 1 4 5 5 9 6 10 7 1 8 7 9 15 10 5 11 8 13 9 14 10 15 2 16 10 17 3 18 4 12 10 20 18 21 13 22 15 23 14 24 20 25 11 26 8 27 10 28 20 29 20 30 10 31 11 32 5 33 13 34 3 35 2 36 1 37 6 38 16 39 11 40 1 41 3 42 19 43 20 44 7 45 14 46 4 47 14 48 6 49 11 50 9 51 6 52 18 53 2 54 13 55 5 56 6 57 13 58 9 59 2 60 12 61 14 62 17 64 4 63 20
20 0 9 2 11 3 18 4 20 5 17 6 6 7 20 8 10 9 5 10 13 11 9 13 7 15 11 16 16 17 11 18 6 19 18 1 17 12 3 14 18 21 2 22 19 23 13 24 10 25 2 26 1 27 6 29 8 31 20 32 20 33 11 34 7 35 17 37 8 38 20 39 2 40 4 41 7 42 15 43 16 44 14 45 16 46 3 47 2 48 10 49 1 50 9 51 19 52 4 53 9 54 19 55 10 56 15 58 9 60 14 62 8 63 11 64 13 28 4 30 11 36 3 57 19 59 11 61 2
21 0 17 1 3 2 3 3 20 4 13 6 14 7 18 8 2 9 19 10 2 11 11 12 10 13 17 14 11 15 6 16 20 17 14 18 2 19 13 20 2 5 16 22 10 24 20 25 10 26 11 28 13 29 4 30 15 32 7 33 19 34 2 35 13 36 7 37 16 38 3 39 16 40 18 41 12 42 12 43 15 44 16 45 3 46 3 47 5 48 7 49 13 50 11 51 3 52 20 53 11 54 10 55 7 56 16 57 16 58 7 59 17 60 16 62 10 63 17 64 10 23 16 27 6 31 11 61 18
22 1 8 2 18 3 17 4 9 5 10 6 16 7 10 8 12 9 1 10 16 11 5 12 1 13 11 14 7 15 15 16 20 17 18 18 12 19 15 20 19 21 10 0 20 23 17 24 20 26 14 27 1 28 6 29 2 30 1 31 12 32 7 33 3 34 9 35 17 36 9 37 1 39 16 40 5 41 1 42 16 43 9 44 14 45 6 46 20 47 3 48 9 49 1 50 8 51 13 52 4 53 4 54 2 55 2 56 7 57 18 58 10 59 7 60 8 61 19 62 16 63 12 64 17 25 4 38 4
23 0 2 1 20 2 3 3 14 4 16 5 20 6 7 7 19 8 16 9 3 10 6 11 7 12 7 14 16 15 19 16 10 17 14 18 17 19 14 20 13 22 17 13 14 21 16 24 7 25 13 26 9 27 6 28 13 29 12 31 4 32 7 33 19 34 17 35 15 36 17 37 19 39 3 41 1 43 10 44 20 45 5 46 12 47 11 48 4 50 9 51 3 53 3 55 12 56 4 57 8 59 3 60 10 61 15 62 10 63 17 30 1 38 14 40 4 42 15 49 19 52 6 54 12 58 6 64 7
24 2 5 3 5 4 11 5 18 6 8 7 5 8 19 9 8 10 12 12 19 13 16 14 1 15 14 16 4 17 8 18 18 19 20 20 10 21 20 22 20 23 7 0 16 1 10 11 14 25 19 26 18 27 3 28 9 29 18 30 12 31 11 32 10 33 1 34 18 35 2 36 13 37 6 38 20 39 2 40 15 41 9 42 16 43 6 44 5 45 7 46 9 47 14 48 17 49 16 50 1 51 5 52 9 53 3 54 19 55 13 56 1 57 5 58 1 59 6 60 6 61 20 62 14 63 13 64 7
25 0 13 1 12 2 10 3 4 4 1 5 4 6 1 7 7 8 2 9 13 10 20 11 19 12 11 13 8 14 10 17 6 18 13 19 11 20 2 21 10 23 13 24 19 15 9 16 1 22 4 26 9 29 18 31 12 32 6 33 6 34 18 35 7 36 8 38 6 39 6 40 16 41 10 42 9 43 11 44 9 45 4 46 18 47 6 48 7 49 3 50 17 51 4 52 19 53 16 54 3 55 14 57 16 58 18 59 13 60 1 61 18 62 8 63 20 28 19 30 2 37 13 56 6 64 2
26 0 12 1 4 2 10 3 17 4 1 5 17 6 17 7 5 8 19 9 2 10 6 11 20 12 13 13 2 14 12 15 6 16 14 17 12 18 1 19 8 20 1 21 11 22 14 23 9 24 18 25 9 27 13 28 16 29 11 30 14 31 17 32 10 33 2 34 5 36 3 37 15 38 17 39 8 40 3 42 14 43 20 44 9 45 14 46 1 47 2 48 15 49 9 50 13 52 3 53 2 54 20 55 18 56 12 57 8 59 8 60 16 61 17 62 6 63 8 64 13 35 8 41 7 51 4 58 5
27 1 5 2 16 3 14 4 7 5 16 6 20 7 9 8 8 9 2 10 12 11 16 12 11 13 1 14 10 15 12 16 16 17 17 18 3 19 10 20 6 22 1 23 6 24 3 26 13 0 12 21 6 28 12 29 11 30 20 31 8 32 3 33 15 34 11 35 6 36 15 39 1 40 6 41 5 42 1 43 19 44 4 45 19 46 15 47 3 48 1 49 18 50 2 52 7 53 5 54 9 55 11 56 17 57 6 59 1 60 15 61 9 62 2 63 5 64 6 38 12 51 9 58 8
28 0 20 1 18 2 1 3 5 4 17 5 8 6 1 7 16 9 4 10 2 12 8 13 14 14 20 15 8 16 12 17 8 18 7 19 20 21 13 22 6 23 13 24 9 26 16 27 12 8 9 11 6 20 4 25 19 29 11 30 11 31 15 32 16 34 14 35 19 36 9 37 4 38 17 39 3 40 17 41 1 42 14 43 20 44 13 45 4 48 11 49 8 50 11 51 7 52 14 53 3 55 4 56 8 57 8 58 17 59 5 60 1 62 15 63 1 64 17 33 11 46 19 54 18 61 18
29 0 14 1 12 3 1 5 5 6 12 7 11 8 17 9 20 10 13 11 14 12 20 13 3 14 9 15 17 16 11 17 20 18 11 19 20 20 8 21 4 22 2 23 12 24 18 25 18 26 11 27 11 28 11 2 17 4 5 30 9 31 14 32 11 33 13 34 10 35 12 36 2 37 16 38 10 39 16 40 15 41 18 42 2 43 15 45 16 46 18 47 19 48 17 49 14 50 13 51 9 52 13 53 8 54 4 56 9 57 5 59 17 60 12 61 4 62 18 63 5 64 13 44 19 55 20
30 0 2 1 11 2 8 3 19 4 14 5 13 6 11 7 20 8 16 9 14 10 14 11 11 12 3 13 2 14 2 15 5 16 20 17 18 18 18 19 10 21 15 22 1 24 12 26 14 27 20 28 11 29 9 20 11 23 1 25 2 31 20 32 7 33 7 34 13 35 16 36 12 37 18 38 4 39 13 40 16 41 12 42 1 43 7 44 10 45 20 46 2 47 18 49 11 51 8 52 13 53 17 54 1 55 16 56 8 57 18 58 9 59 18 60 15 61 9 62 2 64 18 48 14 50 5 63 1
31 0 16 1 12 2 12 3 14 4 18 5 1 6 7 7 13 9 15 15 14 16 3 17 12 18 12 19 11 20 20 22 12 23 4 24 11 25 12 26 17 27 8 28 15 29 14 30 20 8 3 10 7 11 20 12 4 13 5 14 15 21 11 32 12 33 11 34 16 35 15 36 15 37 9 38 5 39 13 41 18 42 13 43 15 44 20 45 1 46 4 47 5 48 15 49 17 50 19 51 19 52 8 55 13 56 18 58 2 59 15 60 15 62 19 63 10 64 19 40 4 53 19 54 16 57 3 61 15
32 0 10 1 16 2 18 3 10 4 17 5 15 7 7 8 12 9 5 10 1 11 2 12 2 13 6 14 11 15 16 16 1 17 11 18 3 19 5 20 20 21 7 22 7 23 7 24 10 25 6 26 10 27 3 28 16 29 11 30 7 31 12 6 14 33 15 34 3 35 19 36 7 37 14 38 1 39 12 40 4 41 9 43 6 44 9 45 5 46 11 47 3 48 4 49 5 50 1 51 11 52 6 53 7 55 16 56 9 57 12 58 12 59 14 61 16 62 11 63 5 64 13 42 16 54 20 60 13
33 0 14 1 13 2 11 3 16 4 8 5 7 6 2 7 10 8 20 9 3 10 11 11 9 12 5 13 11 14 17 16 3 17 7 18 13 19 13 20 11 21 19 22 3 23 19 24 1 25 6 26 2 27 15 29 13 30 7 31 11 32 15 28 11 34 2 35 14 36 12 37 5 38 3 39 7 40 8 41 19 42 14 43 16 44 11 45 18 46 6 47 10 48 9 49 17 50 1 51 15 52 18 53 15 54 7 55 9 56 5 57 20 58 3 59 1 60 8 61 4 62 13 63 8 64 16
34 0 9 1 5 2 18 3 16 4 10 5 15 6 12 7 3 8 15 9 12 10 18 11 9 12 3 13 16 14 9 15 4 16 10 17 17 18 1 19 3 20 7 21 2 22 9 23 17 24 18 25 18 26 5 27 11 28 14 29 10 30 13 31 16 32 3 33 2 36 10 37 13 38 17 39 12 40 1 42 13 43 14 44 14 45 3 46 14 47 7 48 13 49 16 50 13 51 15 52 19 53 15 54 17 55 17 56 15 57 17 58 14 59 15 60 14 61 1 62 6 63 9 64 20 35 2 41 6
35 0 16 1 2 2 12 3 7 4 15 5 12 6 10 9 7 10 13 11 7 12 16 13 11 14 7 15 4 16 2 17 13 18 19 19 2 20 17 21 13 22 17 23 15 24 2 25 7 27 6 28 19 29 12 30 16 31 15 32 19 33 14 7 11 26 8 34 2 36 18 37 19 38 12 39 20 40 9 41 13 42 9 43 5 44 14 45 14 46 4 47 20 48 11 49 1 51 8 52 17 53 19 54 20 55 9 56 2 57 8 59 6 60 16 61 9 62 6 63 16 64 3 58 13
36 0 1 1 11 2 11 3 18 4 3 5 4 6 11 7 15 8 18 9 20 10 12 11 17 12 4 13 18 14 11 15 5 17 7 18 19 19 1 21 7 22 9 23 17 24 13 25 8 26 3 27 15 28 9 29 2 30 12 31 15 32 7 33 12 34 10 35 18 16 2 20 3 37 19 38 1 39 5 40 18 41 11 42 18 43 11 44 14 45 8 46 8 47 18 48 13 49 1 50 14 52 9 53 13 54 7 55 6 56 8 57 14 58 9 59 16 60 12 61 16 62 12 63 3 64 14 51 10
37 0 20 1 19 2 17 3 14 4 14 5 9 7 19 8 6 9 12 10 15 11 7 12 10 13 5 14 9 15 1 16 12 17 16 18 10 19 6 20 8 21 16 22 1 23 19 24 6 26 15 28 4 29 16 30 18 31 9 32 14 33 5 34 13 35 19 36 19 6 5 25 13 38 5 39 16 40 9 41 9 43 4 44 7 45 2 47 8 48 15 49 17 50 20 51 18 52 11 53 16 54 14 55 7 56 4 57 16 58 13 59 11 60 10 61 20 62 13 63 9 64 20 46 19
38 0 3 1 14 2 16 3 4 4 5 5 8 6 9 7 11 12 20 13 9 14 17 15 2 16 1 17 19 19 16 20 20 21 3 24 20 25 6 26 17 28 17 29 10 30 4 31 5 32 1 33 3 34 17 35 12 36 1 37 5 8 4 9 16 10 8 11 20 18 9 22 4 23 14 27 12 40 8 41 12 42 5 43 7 45 7 46 9 48 9 49 11 50 1 51 3 52 12 53 3 54 10 55 2 56 12 57 13 58 18 59 6 60 15 61 4 62 8 63 18 64 11 39 14 44 2 47 7
39 2 19 3 14 4 3 5 4 6 15 7 4 8 4 9 5 10 15 11 15 12 15 14 18 15 1 16 5 18 20 19 11 20 2 21 16 22 16 23 3 24 2 25 6 26 8 27 1 28 3 29 16 30 13 31 13 32 12 33 7 34 12 35 20 36 5 37 16 0 8 13 3 17 1 38 14 40 5 41 3 43 20 44 5 45 15 46 4 47 8 48 10 49 11 50 14 51 3 52 2 53 11 54 17 56 15 57 10 58 16 59 6 61 14 62 20 64 1 42 14 55 16 60 18 63 1
40 0 1 1 16 2 18 3 5 5 19 6 11 7 3 8 17 9 9 10 10 11 7 12 14 13 18 14 5 15 13 16 3 18 11 19 1 20 4 21 18 22 5 24 15 25 16 26 3 27 6 28 17 29 15 30 16 32 4 33 8 34 1 35 9 36 18 37 9 38 8 39 5 4 5 23 4 31 4 41 19 42 13 43 5 44 15 45 16 46 5 47 11 48 7 49 17 50 4 51 15 52 16 53 20 54 5 55 16 56 18 57 10 58 14 59 2 60 4 61 18 63 1 64 14
41 0 3 1 10 2 11 3 20 4 13 6 13 7 14 8 10 9 20 10 10 11 18 12 6 13 3 15 16 16 18 17 20 18 6 19 3 20 7 21 12 22 1 23 1 24 9 25 10 27 5 28 1 29 18 30 12 31 18 32 9 33 19 35 13 36 11 37 9 38 12 39 3 40 19 5 12 14 18 26 7 34 6 43 7 44 12 46 5 47 13 48 19 49 15 52 5 53 6 54 2 55 15 56 16 58 13 59 10 60 5 61 3 62 11 64 12 42 5 45 5 50 7 51 8 57 15 63 17
42 0 15 1 2 2 13 3 19 4 16 5 20 6 3 7 1 8 14 9 3 10 11 11 14 12 12 13 17 14 20 15 7 17 20 18 20 19 19 20 15 21 12 22 16 24 16 25 9 26 14 27 1 28 14 29 2 30 1 31 13 33 14 34 13 35 9 36 18 38 5 40 13 16 4 23 15 32 16 39 14 41 5 43 16 44 20 45 10 46 6 47 11 48 17 49 20 50 8 51 7 52 15 53 19 54 14 55 13 56 8 57 12 58 14 59 20 60 10 61 17 62 2 63 1 64 3
43 0 9 2 13 3 7 4 17 5 15 6 11 7 9 8 7 10 4 11 6 12 10 13 5 14 10 15 3 16 11 17 19 18 3 19 20 20 16 21 15 22 9 23 10 24 6 25 11 26 20 27 19 28 20 29 15 30 7 31 15 32 6 33 16 34 14 35 5 36 11 37 4 38 7 39 20 40 5 41 7 42 16 1 18 9 12 45 11 46 9 47 12 48 2 49 8 50 14 51 16 52 6 53 6 54 2 55 15 56 10 57 8 58 15 59 2 60 13 61 18 62 8 63 15 64 10 44 17
44 0 17 1 18 2 9 3 2 5 1 7 5 8 20 9 10 10 7 11 8 12 1 14 15 15 6 16 1 18 12 19 7 20 14 21 16 22 14 23 20 24 5 25 9 26 9 27 4 28 13 30 10 31 20 32 9 33 11 34 14 35 14 36 14 37 7 39 5 40 15 41 12 42 20 4 19 6 16 17 12 29 19 38 2 43 17 46 16 47 7 48 3 49 14 50 14 51 20 52 3 53 11 54 7 56 11 57 3 58 7 59 4 60 16 61 16 62 11 63 10 64 5 45 4
45 0 6 1 12 3 10 4 14 5 5 6 13 8 12 9 7 11 1 12 2 13 13 14 16 15 5 16 8 17 14 18 5 19 14 20 16 21 3 22 6 23 5 24 7 25 4 26 14 27 19 28 4 29 16 30 20 31 1 32 5 33 18 34 3 35 14 36 8 37 2 38 7 39 15 40 16 42 10 43 11 2 2 7 18 10 2 41 5 44 4 46 13 47 5 48 8 49 15 50 15 51 14 52 10 53 1 54 17 55 19 56 1 57 18 58 19 59 2 60 17 61 11 62 6 64 11 63 8
46 0 19 1 18 2 3 3 15 4 1 5 4 6 3 7 4 8 17 9 19 10 6 11 15 12 6 13 13 14 14 15 6 16 7 17 10 18 14 19 4 20 3 21 3 22 20 23 12 24 9 25 18 26 1 27 15 29 18 30 2 31 4 32 11 33 6 34 14 35 4 36 8 38 9 39 4 40 5 41 5 42 6 43 9 44 16 45 13 28 19 37 19 48 11 50 3 51 10 52 11 53 16 54 19 56 2 57 12 58 18 59 1 60 11 61 8 62 16 63 13 64 14 47 17 49 18
47 0 16 1 17 2 9 3 14 4 4 5 6 6 10 7 11 8 4 9 2 10 9 11 7 14 18 15 6 16 2 17 3 18 11 19 14 20 2 21 5 22 3 23 11 24 14 25 6 26 2 27 3 29 19 30 18 31 5 32 3 33 10 34 7 35 20 36 18 37 8 39 8 40 11 41 13 42 11 43 12 44 7 45 5 12 10 13 15 38 7 46 17 49 10 50 3 51 7 52 12 53 7 54 12 55 2 56 7 57 10 58 2 59 19 60 10 61 20 62 4 63 13 64 10 48 19
48 1 19 3 1 4 10 5 10 6 14 7 20 8 16 9 13 10 17 11 3 12 17 13 8 14 5 15 1 16 18 17 3 18 20 19 6 20 10 21 7 22 9 23 4 24 17 25 7 26 15 27 1 28 11 29 17 31 15 32 4 33 9 34 13 35 11 36 13 37 15 38 9 39 10 40 7 41 19 42 17 43 2 44 3 45 8 46 11 0 18 30 14 47 19 49 17 50 1 51 12 52 8 53 20 54 19 55 1 56 18 57 16 58 6 60 6 61 2 62 9 63 12 64 9 59 11
49 0 6 1 20 2 19 3 17 4 10 5 5 6 8 7 11 8 17 9 11 10 3 11 3 12 10 13 12 14 16 15 1 16 9 17 3 18 8 19 11 20 1 21 13 22 1 24 16 25 3 26 9 27 18 28 8 29 14 30 11 31 17 32 5 33 17 34 16 35 1 36 1 37 17 38 11 39 11 40 17 41 15 42 20 43 8 44 14 45 15 47 10 48 17 23 19 46 18 50 12 51 18 53 4 54 19 55 3 56 10 58 11 60 3 61 11 62 8 64 12 52 18 57 17 59 10 63 14
50 0 10 1 18 2 7 3 14 4 16 6 18 7 14 8 8 9 19 11 4 12 17 13 18 14 12 15 10 16 12 17 4 18 11 19 9 20 9 21 11 22 8 23 9 24 1 25 17 26 13 27 2 28 11 29 13 31 19 32 1 33 1 34 13 36 14 37 20 38 1 39 14 40 4 42 8 43 14 44 14 45 15 46 3 47 3 48 1 49 12 5 17 10 2 30 5 41 7 51 12 52 20 53 9 54 9 55 1 56 15 58 2 59 15 60 8 61 2 62 2 63 18 64 13 57 7
51 1 14 2 3 3 19 4 3 5 2 6 18 9 1 10 15 11 16 12 10 13 5 14 12 15 8 17 7 18 17 19 6 20 19 21 3 22 13 23 3 24 5 25 4 28 7 29 9 30 8 31 19 32 11 33 15 34 15 35 8 37 18 38 3 39 3 40 15 42 7 43 16 44 20 45 14 46 10 47 7 48 12 49 18 50 12 0 18 7 18 8 2 16 6 26 4 27 9 36 10 41 8 53 13 54 15 55 1 56 15 57 13 59 4 60 17 61 14 63 1 64 19 52 11 58 3 62 6
52 0 14 1 4 2 18 6 3 7 20 8 17 9 3 10 7 11 9 12 3 13 18 14 8 16 3 17 13 18 15 19 18 20 4 21 20 22 4 24 9 25 19 26 3 27 7 28 14 29 13 30 13 31 8 32 6 33 18 34 19 35 17 36 9 37 11 38 12 39 2 40 16 41 5 42 15 43 6 44 3 45 10 46 11 47 12 48 8 50 20 4 8 5 7 15 2 23 6 49 18 51 11 54 17 55 20 56 15 57 15 59 8 60 4 61 17 62 3 63 14 64 12 58 19
53 0 4 2 12 3 16 4 9 5 19 6 6 7 15 8 19 9 1 10 12 11 9 12 8 14 3 15 11 16 15 17 14 18 2 19 2 20 9 21 11 22 4 23 3 24 3 25 16 26 2 27 5 28 3 29 8 30 17 32 7 33 15 34 15 35 19 36 13 37 16 38 3 39 11 40 20 41 6 42 19 43 6 44 11 45 1 46 16 47 7 48 20 49 4 50 9 51 13 1 9 13 2 31 19 54 11 55 15 56 10 57 11 58 20 59 11 60 1 61 12 62 17 63 11 64 4
54 0 18 1 14 2 1 3 6 4 10 5 14 6 7 7 18 8 11 9 7 10 12 11 9 12 4 13 15 14 7 15 4 16 10 17 2 18 5 19 13 20 19 21 10 22 2 24 19 25 3 26 20 27 9 29 4 30 1 33 7 34 17 35 20 36 7 37 14 38 10 39 17 40 5 41 2 42 14 43 2 44 7 45 17 46 19 47 12 48 19 49 19 50 9 51 15 52 17 53 11 23 12 28 18 31 16 32 20 55 5 56 20 58 15 60 11 61 5 62 13 63 4 64 8 57 13 59 19
55 0 2 1 5 2 12 3 7 4 11 5 12 7 19 9 1 10 20 12 7 13 19 14 17 15 15 16 4 17 3 19 5 20 10 21 7 22 2 23 12 24 13 25 14 26 18 27 11 28 4 30 16 31 13 32 16 33 9 34 17 35 9 36 6 37 7 38 2 40 16 41 15 42 13 43 15 45 19 47 2 48 1 49 3 50 1 51 1 52 20 53 15 54 5 6 3 8 10 11 16 18 19 29 20 39 16 56 2 57 12 58 1 59 11 60 12 61 15 62 15 63 19 64 6
56 1 7 2 8 3 2 4 1 5 18 6 10 7 12 8 17 10 3 11 3 13 13 14 7 15 12 16 5 19 6 20 15 21 16 22 7 23 4 24 1 26 12 27 17 28 8 29 9 30 8 31 18 32 9 33 5 34 15 35 2 36 8 37 4 38 12 39 15 40 18 41 16 42 8 43 10 44 11 45 1 46 2 47 7 48 18 49 10 50 15 51 15 52 15 53 10 54 20 55 2 0 13 9 8 12 4 18 13 25 6 57 9 58 20 59 9 60 10 61 1 62 10 63 2 64 11
57 0 14 2 10 3 15 4 8 5 3 6 10 7 12 8 19 9 7 10 2 11 12 12 16 13 20 14 2 15 3 16 5 18 7 19 13 21 16 22 18 23 8 24 5 25 16 26 8 27 6 28 8 29 5 30 18 32 12 33 20 34 17 35 8 36 14 37 16 38 13 39 10 40 10 42 12 43 8 44 3 45 18 46 12 47 10 48 16 51 13 52 15 53 11 55 12 56 9 1 5 17 16 20 19 31 3 41 15 49 17 50 7 54 13 58 18 60 9 61 1 62 10 63 3 64 18 59 13
58 0 12 1 9 2 10 3 12 4 20 5 7 7 5 8 20 9 2 10 10 11 8 12 17 14 6 15 19 17 4 18 20 19 9 20 9 21 7 22 10 24 1 25 18 28 17 30 9 31 2 32 12 33 3 34 14 36 9 37 13 38 18 39 16 40 14 41 13 42 14 43 15 44 7 45 19 46 18 47 2 48 6 49 11 50 2 53 20 54 15 55 1 56 20 57 18 6 12 13 3 16 12 23 6 26 5 27 8 35 13 51 3 52 19 59 4 60 13 61 13 62 12 63 6 64 1
59 0 2 1 17 2 18 3 8 4 11 5 7 6 19 7 1 8 12 9 1 11 16 12 8 13 9 14 6 15 9 16 20 17 19 18 18 19 2 21 17 22 7 23 3 24 6 25 13 26 8 27 1 28 5 29 17 30 18 31 15 32 14 33 1 34 15 35 6 36 16 37 11 38 6 39 6 40 2 41 10 42 20 43 2 44 4 45 2 46 1 47 19 50 15 51 4 52 8 53 11 55 11 56 9 58 4 10 5 20 11 48 11 49 10 54 19 57 13 60 16 62 17 63 10 64 3 61 1
60 1 10 2 14 3 2 4 16 6 8 7 5 8 15 9 4 10 5 11 6 12 11 13 9 15 11 17 6 18 8 19 12 20 14 21 16 22 8 23 10 24 6 25 1 26 16 27 15 28 1 29 12 30 15 31 15 33 8 34 14 35 16 36 12 37 10 38 15 40 4 41 5 42 10 43 13 44 16 45 17 46 11 47 10 48 6 49 3 50 8 51 17 52 4 53 1 54 11 55 12 56 10 57 9 58 13 59 16 5 3 14 9 32 13 39 18 61 8 62 7 63 20 64 17
61 0 19 1 6 2 15 3 19 4 16 6 2 7 6 9 13 10 13 11 1 12 11 13 14 14 12 15 17 16 11 17 15 18 12 19 14 22 19 23 15 24 20 25 18 26 17 27 9 29 4 30 9 32 16 33 4 34 1 35 9 36 16 37 20 38 4 39 14 40 18 41 3 42 17 43 18 44 16 45 11 46 8 47 20 48 2 49 11 50 2 51 14 52 17 53 12 54 5 55 15 56 1 57 1 58 13 60 8 5 12 8 3 20 2 21 18 28 18 31 15 59 1 62 3 63 18 64 10
62 0 16 1 15 2 2 3 18 4 11 6 17 7 16 8 19 9 3 10 18 11 6 12 7 13 18 14 3 15 12 16 17 17 18 18 10 19 17 20 8 21 10 22 16 23 10 24 14 25 8 26 6 27 2 28 15 29 18 30 2 31 19 32 11 33 13 34 6 35 6 36 12 37 13 38 8 39 20 41 11 42 2 43 8 44 11 45 6 46 16 47 4 48 9 49 8 50 2 52 3 53 17 54 13 55 15 56 10 57 10 58 12 59 17 60 7 61 3 5 10 51 6 63 16 64 4
63 0 8 1 5 2 10 3 14 5 16 6 14 7 20 8 10 9 11 10 20 11 17 12 1 13 11 14 1 15 7 16 10 20 11 21 17 22 12 23 17 24 13 25 20 26 8 27 5 28 1 29 5 31 10 32 5 33 8 34 9 35 16 36 3 37 9 38 18 40 1 42 1 43 15 44 10 46 13 47 13 48 12 50 18 51 1 52 14 53 11 54 4 55 19 56 2 57 3 58 6 59 10 60 20 61 18 62 16 4 14 17 15 18 6 19 20 30 1 39 1 41 17 45 8 49 14 64 6
64 0 7 1 6 2 1 3 14 4 2 5 15 6 3 7 3 8 11 9 11 10 14 11 12 14 20 15 16 16 12 17 8 19 4 20 13 21 10 22 17 24 7 26 13 27 6 28 17 29 13 30 18 31 19 32 13 33 16 34 20 35 3 36 14 37 20 38 11 39 1 40 14 41 12 42 3 43 10 44 5 45 11 46 14 47 10 48 9 49 12 50 13 51 19 52 12 53 4 54 8 55 6 56 11 57 18 58 1 59 3 60 17 61 10 63 6 13 16 18 17 23 7 25 2 62 4
