85
0 1 7 2 18 3 12 5 19 6 3 7 2 8 3 9 16 10 11 11 11 12 12 13 15 14 3 15 10 16 10 17 10 18 3 19 17 20 15 21 8 22 16 23 7 24 17 25 11 26 17 27 15 28 1 29 1 30 8 31 1 32 5 34 9 35 4 36 9 37 10 38 2 39 19 40 15 41 14 43 18 44 18 45 6 47 11 48 14 49 3 50 20 51 7 52 20 53 16 54 5 55 6 56 4 57 4 58 16 59 20 60 2 61 1 62 16 63 13 64 18 65 3 66 3 67 3 68 6 69 2 70 10 71 18 72 10 73 4 74 8 75 8 76 12 77 19 78 20 79 13 81 20 83 7 84 17 4 5 33 2 42 4 46 4 80 7 82 18
1 0 7 3 17 4 2 5 2 6 20 7 6 8 12 9 18 10 17 11 3 12 9 13 10 14 4 15 18 16 8 17 9 18 17 19 7 20 1 21 17 22 19 23 8 24 19 25 20 26 2 27 8 28 18 29 14 30 2 32 10 33 6 34 2 35 20 36 5 37 17 38 12 39 13 40 18 41 4 42 1 43 8 44 6 45 10 46 4 48 6 49 8 50 16 51 15 52 5 53 14 54 11 55 19 56 18 57 7 58 6 62 13 63 2 64 2 65 2 66 12 67 8 68 11 69 17 70 1 71 12 72 17 73 12 74 18 75 17 76 5 77 7 78 16 79 14 81 7 82 19 83 10 84 20 31 6 47 17 59 20 60 7 61 7 80 17
2 0 18 3 10 4 5 6 16 7 20 9 2 10 12 11 7 12 20 13 17 14 2 15 12 16 20 17 1 18 17 19 16 20 10 21 11 22 14 23 10 24 14 25 20 26 1 27 20 29 7 30 8 31 14 32 20 33 16 34 12 36 14 37 18 38 14 39 15 40 13 41 10 42 17 43 17 44 3 45 8 46 12 49 3 50 4 51 4 52 12 53 6 54 14 55 11 56 12 57 16 58 13 59 1 60 7 62 10 63 9 64 11 65 11 66 4 67 15 68 10 70 4 71 2 72 12 73 5 74 20 75 13 76 18 77 16 78 17 79 9 80 13 81 5 82 13 83 12 84 18 8 18 28 4 35 6 47 5 48 13 69 4
3 0 12 1 17 2 10 4 19 5 13 6 16 8 9 9 10 11 8 12 6 13 6 14 14 15 19 16 12 17 15 18 20 20 6 21 17 22 19 23 6 24 6 25 1 26 9 27 9 28 17 30 1 31 17 32 1 33 18 34 2 35 16 36 20 37 6 38 1 39 17 40 4 41 1 42 17 43 4 44 14 45 12 46 5 48 18 49 14 50 12 51 5 54 10 55 6 56 20 57 1 58 20 59 6 60 13 61 7 62 20 63 1 64 2 66 18 67 3 68 14 69 9 70 18 71 9 72 14 73 8 74 14 75 5 76 13 77 14 78 10 79 19 80 1 81 14 82 19 83 7 84 20 7 6 10 20 19 13 29 12 47 6 52 13 53 14 65 9
4 1 2 2 5 3 19 0 5 6 13 9 19 10 3 11 16 12 18 13 19 14 11 15 1 17 11 18 8 19 8 20 18 21 2 22 5 23 12 25 16 26 14 27 9 28 12 29 13 30 3 32 12 34 17 35 1 36 14 37 4 38 10 40 18 41 20 42 11 43 10 44 11 46 19 47 10 48 6 49 17 50 15 51 13 52 5 53 17 54 18 55 1 56 19 57 2 58 13 59 5 60 10 61 19 62 9 63 19 64 7 65 8 66 3 67 16 68 12 69 3 70 5 71 4 73 12 74 10 75 2 76 16 77 9 78 14 79 9 80 20 81 7 82 10 83 11 84 16 8 16 16 20 24 4 31 17 33 11 39 7 45 2 72 15
5 0 19 1 2 3 13 6 10 7 20 8 15 9 8 10 4 12 11 13 20 14 12 15 1 16 16 17 6 18 7 19 18 20 19 21 11 22 12 23 4 24 7 25 17 26 15 27 18 28 20 29 8 30 2 31 14 32 11 33 19 34 3 35 12 36 16 37 3 38 14 40 7 41 8 42 1 43 15 44 4 46 8 47 18 48 20 49 10 50 4 51 9 52 11 53 9 54 3 55 14 56 4 57 18 58 12 59 13 60 5 61 11 62 7 63 9 64 8 65 3 66 9 67 10 68 3 69 18 70 16 71 5 72 16 73 2 74 6 75 19 76 7 77 15 78 15 79 10 80 20 81 1 82 17 84 16 11 12 39 2 45 13 83 14
6 0 3 1 20 2 16 3 16 4 13 5 10 7 11 8 3 9 2 10 6 11 19 12 10 13 17 14 18 15 16 16 4 17 13 18 12 19 7 20 14 21 19 23 12 24 2 25 19 26 16 27 18 28 11 29 10 30 5 31 1 32 3 33 7 34 1 35 9 36 18 37 17 38 17 39 18 40 3 41 1 42 11 43 18 44 18 45 1 47 20 48 8 49 16 50 20 51 16 52 14 53 13 54 3 55 17 56 5 58 8 59 20 60 15 61 4 62 4 63 17 64 6 65 6 66 16 67 10 68 2 69 9 71 16 72 13 73 2 74 14 75 20 76 16 77 13 78 19 79 19 80 1 81 17 82 14 83 11 84 17 22 9 57 16 70 12
7 0 2 1 6 2 20 5 20 6 11 3 6 8 13 9 3 10 11 11 6 12 19 13 3 14 6 15 12 16 4 17 15 18 19 19 6 21 17 22 8 23 3 24 16 25 1 27 20 28 3 29 16 30 9 31 9 32 1 33 12 34 17 35 4 36 18 37 9 38 4 39 14 41 1 42 13 43 10 44 18 45 17 46 2 47 15 49 3 50 6 51 16 55 3 56 12 57 2 58 17 59 20 60 9 61 9 62 15 63 14 64 15 65 10 66 13 67 18 68 18 69 15 70 5 71 6 72 14 73 4 74 9 75 4 76 8 77 16 78 13 79 7 82 15 83 9 84 16 20 4 26 19 40 11 48 10 52 4 53 16 54 3 80 12 81 14
8 0 3 1 12 3 9 5 15 6 3 7 13 2 18 4 16 9 14 10 17 11 11 12 11 13 4 14 19 15 14 16 18 17 1 18 2 21 8 22 16 23 13 24 4 25 4 26 9 27 13 28 19 29 11 30 1 31 5 32 10 33 10 34 18 35 14 36 13 37 14 38 11 39 5 40 17 41 2 42 12 44 13 45 16 46 7 48 16 49 17 50 20 51 11 52 14 53 9 54 4 55 16 56 15 57 8 58 12 59 12 61 1 62 14 63 15 64 11 65 18 66 13 67 17 69 7 70 12 71 11 72 5 73 2 75 1 76 19 77 9 79 14 81 4 82 18 83 12 84 3 19 17 20 7 43 14 47 11 60 1 68 17 74 18 78 10 80 11
9 0 16 1 18 2 2 3 10 4 19 5 8 6 2 7 3 8 14 10 6 11 11 13 18 14 19 15 10 16 7 17 15 18 10 19 20 20 3 21 19 22 8 23 18 24 12 26 20 27 3 28 19 29 3 30 7 31 8 32 14 33 9 34 15 35 7 36 14 37 13 39 9 40 17 41 6 42 17 43 19 44 6 45 19 46 16 47 10 48 9 49 20 50 7 51 8 52 20 53 3 54 14 55 13 56 20 57 1 58 9 59 12 61 19 62 6 63 19 64 4 65 16 66 15 67 2 68 14 69 19 70 4 71 18 72 16 73 3 74 1 76 11 77 18 78 1 79 17 80 9 81 19 82 18 83 11 84 18 25 3 38 4 60 4 75 6
10 0 11 1 17 2 12 4 3 5 4 6 6 7 11 8 17 9 6 3 20 11 12 12 6 13 3 14 20 16 8 17 10 18 7 19 18 20 9 21 8 22 11 23 3 24 4 26 10 28 8 29 11 30 1 31 1 32 12 33 17 35 12 36 6 37 6 38 15 39 14 40 15 41 11 42 20 43 11 44 4 45 11 46 6 47 14 48 4 49 20 50 12 52 5 53 2 54 5 55 11 56 15 57 12 58 4 59 14 60 7 61 13 62 1 63 20 65 3 66 2 67 15 68 20 70 20 71 8 72 11 73 13 74 19 75 7 76 5 77 12 78 15 80 9 81 19 82 17 83 17 84 8 15 13 25 20 34 8 51 13 64 19 79 7
11 0 11 1 3 2 7 3 8 4 16 6 19 7 6 8 11 9 11 10 12 5 12 12 10 13 9 14 12 15 4 17 11 18 14 19 18 20 18 21 9 22 1 23 6 24 11 25 11 26 19 27 14 28 12 29 11 30 9 31 19 32 13 33 1 34 1 35 5 36 9 37 19 38 7 39 17 40 12 41 13 42 12 43 14 44 18 46 3 47 18 48 7 49 1 50 12 52 11 53 2 54 10 55 6 56 8 57 10 58 9 59 2 60 13 61 13 62 11 63 13 64 10 65 10 67 19 68 4 69 13 70 19 71 17 72 8 73 20 74 1 75 6 76 7 77 19 78 18 79 7 80 10 81 12 82 5 83 10 84 12 16 8 45 19 51 12 66 17
12 0 12 1 9 2 20 3 6 4 18 5 11 6 10 7 19 8 11 10 6 11 10 13 11 14 15 15 11 16 16 17 1 18 18 19 2 21 6 22 20 23 9 24 9 25 11 27 16 29 5 30 20 31 16 32 13 33 10 34 5 35 2 36 1 37 8 38 5 39 12 40 17 41 12 42 8 43 10 44 2 45 6 46 17 47 5 48 18 49 8 50 10 51 1 52 20 54 8 55 7 56 9 57 18 58 8 59 9 60 6 61 20 62 3 63 4 64 15 65 3 66 10 67 12 68 6 69 9 70 20 73 16 74 13 75 7 76 7 77 20 78 5 79 4 80 17 81 15 82 9 83 1 84 19 20 8 26 7 53 5 71 7 72 13
13 0 15 1 10 2 17 3 6 4 19 5 20 6 17 7 3 8 4 9 18 10 3 11 9 12 11 14 3 15 8 16 20 17 2 18 15 19 17 20 6 21 14 22 13 23 17 24 4 25 2 26 7 27 10 28 18 29 12 30 15 31 4 32 8 33 14 34 15 35 17 36 8 37 19 38 16 39 9 41 2 43 18 44 8 45 17 46 11 47 19 48 10 49 12 50 10 51 18 52 20 54 13 55 18 56 20 57 10 59 3 61 18 62 16 63 9 64 13 65 15 67 18 68 1 70 12 71 16 72 17 74 12 75 14 76 19 77 5 78 19 79 11 80 6 81 10 84 4 40 10 42 17 53 1 58 8 60 8 66 5 69 14 73 4 82 10 83 9
14 0 3 1 4 2 2 3 14 4 11 5 12 6 18 7 6 8 19 9 19 10 20 11 12 12 15 13 3 15 3 16 7 17 3 18 14 19 12 20 1 22 15 23 17 24 5 25 6 26 16 27 17 28 13 29 9 30 2 31 19 32 5 34 18 35 13 36 8 37 1 38 6 39 19 40 19 41 19 42 11 43 16 44 13 45 10 46 8 47 5 48 20 49 19 50 8 51 15 52 14 53 6 54 12 55 4 56 1 57 4 58 8 59 14 60 5 62 16 63 10 64 15 65 6 66 7 67 14 68 16 70 11 71 9 72 19 73 2 74 16 75 1 76 5 77 4 78 10 79 7 80 2 81 17 82 18 83 14 84 1 21 13 33 13 61 5 69 13
15 0 10 1 18 2 12 3 19 4 1 5 1 6 16 7 12 8 14 9 10 11 4 12 11 13 8 14 3 10 13 16 5 17 3 18 8 20 17 21 15 22 3 24 9 25 17 26 4 28 1 29 13 31 4 32 1 34 12 35 16 36 17 37 16 38 1 39 7 40 7 41 17 42 9 43 16 44 5 45 10 46 8 48 1 49 19 50 20 51 14 52 6 54 11 56 15 57 7 59 12 60 18 61 8 62 3 63 19 64 3 65 19 66 12 67 17 69 14 70 8 73 6 74 7 75 15 76 20 77 4 78 8 79 15 80 20 81 4 82 15 83 19 84 4 19 8 23 6 27 8 30 8 33 15 47 7 53 18 55 19 58 9 68 10 71 3 72 13
16 0 10 1 8 2 20 3 12 5 16 6 4 7 4 8 18 9 7 10 8 12 16 13 20 14 7 15 5 4 20 11 8 18 10 19 10 21 9 22 7 23 1 24 15 25 8 26 13 27 3 28 5 29 15 30 13 31 17 32 6 33 15 34 2 35 13 36 15 37 16 38 9 39 4 40 3 41 6 43 18 44 19 45 17 46 11 47 5 48 11 49 14 50 2 51 1 52 4 53 5 54 12 55 20 57 19 58 16 59 16 60 20 61 8 62 13 63 6 64 15 66 16 67 1 68 10 69 10 70 14 71 12 72 16 73 4 74 3 75 9 77 11 78 9 79 2 80 5 81 1 82 4 83 14 17 2 20 11 42 2 56 17 65 10 84 10
17 0 10 1 9 2 1 3 15 4 11 5 6 6 13 7 15 8 1 9 15 10 10 11 11 12 1 13 2 14 3 15 3 16 2 18 6 19 3 20 20 21 1 22 7 23 2 24 4 25 13 26 16 27 8 28 8 29 20 31 15 32 20 33 15 34 11 36 20 37 15 39 5 40 10 41 16 42 3 43 19 45 10 46 7 47 14 48 12 49 11 50 10 51 13 52 6 54 3 55 15 56 2 57 6 58 16 59 15 60 15 61 9 62 3 64 2 65 20 66 11 67 7 68 14 69 17 70 13 71 20 73 14 74 12 75 1 76 6 77 15 78 12 79 3 80 20 81 13 82 15 83 11 84 10 30 10 35 11 38 19 44 14 63 11 72 11
18 0 3 1 17 2 17 3 20 4 8 5 7 6 12 7 19 8 2 9 10 10 7 11 14 12 18 13 15 14 14 15 8 16 10 17 6 19 17 20 17 21 4 22 8 23 16 24 3 25 7 26 13 27 10 28 19 29 5 30 1 31 13 32 1 33 20 34 13 35 11 36 18 37 12 38 7 39 15 40 19 41 4 42 10 43 19 46 18 48 19 49 19 50 14 51 7 52 13 53 20 54 12 55 3 56 18 57 19 58 3 59 19 60 5 61 16 62 8 63 8 64 10 65 19 66 3 67 16 68 20 69 2 70 9 71 15 72 1 73 3 74 20 75 1 76 9 77 1 78 2 79 18 81 3 82 10 83 19 84 13 44 12 45 4 47 14 80 10
19 0 17 1 7 2 16 4 8 5 18 6 7 7 6 9 20 10 18 11 18 12 2 13 17 14 12 16 10 17 3 18 17 3 13 8 17 15 8 20 7 21 13 22 13 23 9 24 3 25 13 27 16 28 11 29 9 30 16 31 19 32 8 33 18 34 14 36 18 37 5 38 1 40 10 41 1 42 15 43 3 44 18 45 6 47 10 48 14 49 8 51 18 52 13 53 19 54 14 55 5 56 7 57 4 58 17 59 12 60 15 61 8 62 8 63 14 64 11 65 16 66 11 67 8 69 16 70 1 71 17 74 4 75 5 76 18 77 18 78 20 79 15 80 9 81 6 82 1 83 11 26 9 35 18 39 1 46 2 50 14 68 11 72 17 73 18 84 11
20 0 15 1 1 2 10 3 6 4 18 5 19 6 14 9 3 10 9 11 18 13 6 14 1 15 17 17 20 18 17 19 7 7 4 8 7 12 8 16 11 22 9 23 3 24 7 27 18 28 18 29 16 30 12 31 10 32 8 33 8 35 16 36 16 37 20 38 6 39 5 40 19 41 8 42 15 43 20 44 10 45 12 46 18 47 3 49 10 50 3 52 17 53 8 54 11 56 14 57 17 58 3 59 11 60 7 61 7 62 2 63 6 64 16 65 10 66 20 67 17 68 9 69 15 70 5 71 19 72 20 73 18 74 1 75 19 76 14 77 16 78 12 79 3 80 2 81 14 83 2 84 12 21 4 25 15 26 3 34 16 48 19 51 16 55 18 82 19
21 0 8 1 17 2 11 3 17 4 2 5 11 6 19 7 17 8 8 9 19 10 8 11 9 12 6 13 14 15 15 16 9 17 1 18 4 19 13 14 13 20 4 22 19 23 9 24 10 25 10 26 3 27 7 28 8 29 19 30 8 31 19 32 5 33 1 34 4 35 17 36 12 37 2 38 13 39 19 40 4 41 14 42 18 43 20 44 11 45 5 46 6 47 15 48 9 49 5 51 6 52 17 54 3 55 14 56 13 57 13 58 19 59 15 60 4 61 11 62 8 63 12 64 10 65 8 66 1 67 20 68 12 69 6 70 19 71 8 72 6 73 14 76 18 77 4 78 16 79 12 81 11 82 4 83 12 84 5 53 17 74 11 75 20 80 6
22 0 16 1 19 2 14 3 19 4 5 5 12 7 8 8 16 9 8 10 11 11 1 12 20 13 13 14 15 15 3 16 7 17 7 18 8 19 13 20 9 21 19 6 9 23 8 24 15 25 15 26 20 27 15 28 2 29 14 30 14 31 15 32 15 33 1 34 7 35 2 36 8 37 5 39 12 40 1 41 14 42 14 43 20 44 17 45 19 46 6 47 4 48 6 50 4 51 2 52 13 53 5 56 2 57 2 58 3 59 3 60 8 61 8 62 20 63 18 64 18 65 20 68 4 69 1 70 17 71 17 72 18 73 20 74 1 75 9 76 16 77 9 78 20 79 2 80 14 81 12 82 4 83 7 84 2 38 10 49 1 54 8 55 5 66 20 67 12
23 0 7 1 8 2 10 3 6 4 12 5 4 6 12 7 3 8 13 9 18 10 3 11 6 12 9 13 17 14 17 16 1 17 2 18 16 19 9 20 3 21 9 22 8 15 6 24 19 25 5 26 6 27 16 28 8 29 15 30 14 31 9 32 20 33 7 34 20 35 14 36 16 38 4 39 14 40 19 41 10 44 16 45 17 46 20 47 3 48 14 50 9 51 12 52 10 53 20 54 1 55 13 57 7 58 12 59 1 60 10 61 3 62 9 63 6 64 14 66 1 67 5 68 6 69 4 70 2 71 9 72 16 73 14 74 19 75 8 76 13 77 11 78 2 79 13 80 4 81 5 82 9 83 1 84 2 37 3 42 19 43 11 49 15 56 13 65 1
24 0 17 1 19 2 14 3 6 5 7 6 2 7 16 8 4 9 12 10 4 11 11 12 9 13 4 14 5 15 9 16 15 17 4 18 3 19 3 20 7 21 10 22 15 23 19 4 4 25 19 26 16 27 10 28 2 29 7 30 3 31 17 32 5 33 8 34 10 35 6 36 10 37 4 38 4 39 20 41 3 42 16 43 7 44 16 45 18 46 5 47 13 48 6 49 19 50 17 51 19 52 3 53 9 55 7 56 3 57 17 58 10 59 13 60 11 61 10 62 8 63 20 64 7 65 18 66 15 67 19 68 19 69 20 70 2 71 6 72 3 74 14 75 5 76 11 78 17 79 2 80 8 81 12 82 1 83 18 40 11 54 7 73 9 77 15 84 1
25 0 11 1 20 2 20 3 1 4 16 5 17 6 19 7 1 8 4 11 11 12 11 13 2 14 6 15 17 16 8 17 13 18 7 19 13 21 10 22 15 23 5 24 19 9 3 10 20 20 15 26 9 27 6 28 18 29 15 30 11 32 1 33 20 34 14 35 6 36 20 37 10 38 18 39 4 40 15 42 20 43 7 44 17 45 4 46 16 47 8 48 13 49 1 50 14 51 7 52 3 53 13 54 13 55 19 56 9 58 2 59 4 60 10 61 16 62 3 63 10 64 7 65 5 66 4 67 13 68 3 69 7 70 4 71 8 72 5 73 9 74 5 75 1 76 14 77 10 78 17 79 18 80 11 81 14 83 2 31 8 41 3 57 16 84 16
26 0 17 1 2 2 1 3 9 4 14 5 15 6 16 8 9 9 20 10 10 11 19 13 7 14 16 15 4 16 13 17 16 18 13 21 3 22 20 23 6 24 16 25 9 7 19 12 7 19 9 20 3 27 7 28 20 29 17 30 9 31 5 32 15 33 16 34 17 35 12 36 10 37 19 39 8 40 6 41 8 42 18 43 17 44 6 45 6 46 1 47 20 48 12 49 2 50 18 51 9 52 8 53 20 54 18 55 12 56 10 57 12 58 15 60 11 61 10 62 5 63 16 64 16 65 1 66 19 67 3 68 20 69 12 71 9 72 16 73 2 74 18 76 6 77 16 78 4 79 16 80 8 81 19 82 10 84 10 38 17 70 16 75 2 83 20
27 0 15 1 8 2 20 3 9 4 9 5 18 6 18 7 20 8 13 9 3 11 14 12 16 13 10 14 17 16 3 17 8 18 10 19 16 20 18 21 7 22 15 23 16 24 10 25 6 26 7 15 8 28 15 29 16 30 19 31 10 32 13 33 20 34 9 36 1 37 12 38 14 39 18 40 14 41 6 42 12 43 6 44 18 45 19 46 15 47 12 48 7 49 14 50 9 51 7 52 14 54 9 55 13 56 20 57 10 58 14 60 13 61 20 63 10 64 16 65 13 66 7 68 17 69 11 70 14 71 9 72 19 73 8 74 4 75 18 76 2 77 13 78 20 79 12 80 4 81 14 82 19 83 14 84 3 35 14 53 4 59 7 62 18
28 0 1 1 18 3 17 4 12 5 20 6 11 7 3 8 19 9 19 10 8 11 12 13 18 14 13 15 1 16 5 17 8 18 19 19 11 20 18 21 8 22 2 23 8 24 2 25 18 26 20 27 15 2 4 29 20 30 2 31 18 32 14 33 13 34 4 35 2 36 7 37 13 39 4 40 11 42 5 43 18 45 6 46 15 47 5 49 7 50 19 51 4 52 7 53 20 54 10 55 3 56 10 57 15 58 11 59 17 60 7 61 19 62 8 63 13 64 17 65 4 66 13 67 20 68 14 69 11 70 5 71 2 72 12 73 12 74 3 75 2 76 14 77 8 78 7 79 20 80 18 81 20 83 20 84 2 38 7 41 14 44 18 48 13
29 0 1 1 14 2 7 4 13 5 8 6 10 7 16 8 11 9 3 10 11 11 11 12 5 13 12 14 9 15 13 16 15 17 20 18 5 19 9 20 16 21 19 22 14 23 15 24 7 25 15 26 17 27 16 28 20 3 12 30 14 31 3 32 17 33 20 34 7 35 14 36 20 37 19 38 12 39 9 40 12 41 18 42 17 43 3 44 4 45 19 46 9 47 7 48 20 49 19 50 15 51 13 52 18 55 5 56 8 57 13 59 18 60 11 61 13 62 16 63 16 64 9 65 13 66 12 67 2 68 18 69 1 73 3 74 5 75 18 76 5 77 19 78 7 79 1 80 3 81 10 82 15 83 5 84 19 53 8 54 11 58 11 72 17
30 0 8 1 2 2 8 3 1 4 3 5 2 6 5 7 9 8 1 9 7 10 1 11 9 12 20 13 15 14 2 16 13 18 1 19 16 20 12 21 8 22 14 23 14 24 3 25 11 26 9 27 19 28 2 29 14 15 8 17 10 31 11 32 18 33 7 35 17 36 17 38 1 40 19 41 13 42 16 43 4 44 17 45 20 46 14 49 3 51 14 52 2 53 7 54 5 55 14 56 15 57 3 58 13 59 3 60 9 61 4 62 17 63 4 64 16 65 4 67 6 69 12 70 17 71 6 72 18 74 1 75 3 76 10 77 4 78 11 79 3 80 3 81 6 82 12 83 7 84 19 34 15 39 4 47 1 48 17 50 9 66 3 68 3 73 18
31 0 1 2 14 3 17 5 14 6 1 7 9 8 5 9 8 10 1 11 19 12 16 13 4 14 19 15 4 16 17 17 15 18 13 19 19 20 10 21 19 22 15 23 9 24 17 26 5 27 10 28 18 29 3 30 11 1 6 4 17 25 8 32 19 33 9 34 10 35 7 36 10 37 12 38 20 39 7 40 1 41 10 43 4 44 10 45 10 46 6 47 13 48 4 49 10 50 17 51 10 52 6 53 17 54 7 55 11 56 17 57 12 58 3 59 1 60 11 63 8 64 18 66 9 67 13 68 6 69 8 70 9 71 20 72 13 73 4 75 16 76 14 78 18 79 5 80 12 81 10 83 8 84 9 61 1 62 10 65 15 74 6 77 11 82 18
32 0 5 1 10 2 20 3 1 4 12 5 11 6 3 7 1 8 10 9 14 10 12 11 13 12 13 13 8 14 5 15 1 16 6 17 20 18 1 19 8 20 8 21 5 22 15 23 20 24 5 25 1 26 15 27 13 28 14 29 17 30 18 31 19 34 16 35 9 36 17 37 8 38 16 39 14 40 5 41 14 42 17 43 18 44 20 46 14 47 17 48 15 49 10 50 7 51 17 52 3 53 11 54 3 56 7 57 18 58 19 59 18 60 3 61 16 62 18 63 2 64 7 65 19 66 4 67 15 68 1 69 11 70 13 71 8 72 15 73 15 74 14 75 17 76 4 78 18 79 11 80 10 81 19 83 2 84 6 33 4 45 8 55 11 77 3 82 1
33 1 6 2 16 3 18 5 19 6 7 7 12 8 10 9 9 10 17 11 1 12 10 13 14 16 15 17 15 18 20 19 18 20 8 21 1 22 1 23 7 24 8 25 20 26 16 27 20 28 13 29 20 30 7 31 9 0 2 4 11 14 13 15 15 32 4 34 14 35 18 36 12 37 10 39 2 41 1 42 12 43 17 44 6 45 14 46 15 47 11 49 6 50 10 51 1 55 1 56 14 57 3 58 9 60 11 61 11 62 10 63 16 64 14 66 2 67 1 68 11 69 8 70 4 71 2 72 3 73 10 75 16 76 17 77 18 78 13 79 13 80 15 81 3 82 1 83 9 84 2 38 3 48 1 54 15 59 16 65 19 74 12
34 0 9 1 2 2 12 3 2 4 17 5 3 6 1 7 17 8 18 9 15 11 1 12 5 13 15 14 18 15 12 16 2 17 11 18 13 19 14 21 4 22 7 23 20 24 10 25 14 26 17 27 9 28 4 29 7 31 10 32 16 33 14 10 8 20 16 30 15 35 9 36 16 37 8 38 15 39 13 40 10 41 20 42 10 43 7 44 4 45 18 46 14 47 17 48 17 49 19 50 5 51 7 52 8 53 5 54 11 56 12 57 1 58 7 59 18 60 4 61 12 62 4 63 19 64 14 65 9 66 12 67 16 68 9 69 18 70 6 71 20 72 5 73 19 74 7 75 15 77 18 78 9 79 18 80 16 81 17 82 19 83 20 84 9 55 2 76 15
35 0 4 1 20 3 16 4 1 5 12 6 9 7 4 8 14 9 7 10 12 11 5 12 2 13 17 14 13 15 16 16 13 18 11 20 16 21 17 22 2 23 14 24 6 25 6 26 12 28 2 29 14 30 17 31 7 32 9 33 18 34 9 2 6 17 11 19 18 27 14 36 7 37 2 38 7 42 20 43 17 44 5 45 20 46 2 47 20 48 2 50 3 51 11 53 14 54 10 55 10 56 7 57 12 58 5 60 17 61 15 62 7 63 1 64 12 65 13 66 14 67 10 68 15 69 2 71 10 72 3 73 18 74 17 75 6 76 13 77 15 79 16 80 12 81 10 82 9 84 17 39 4 40 12 41 1 49 11 52 12 59 1 78 16 83 2
36 0 9 1 5 2 14 3 20 4 14 5 16 6 18 7 18 8 13 9 14 10 6 11 9 12 1 13 8 14 8 15 17 16 15 17 20 18 18 19 18 20 16 21 12 22 8 23 16 24 10 25 20 26 10 27 1 28 7 29 20 30 17 31 10 32 17 33 12 34 16 35 7 37 14 38 11 39 10 40 8 41 16 42 5 43 5 45 17 47 20 48 7 49 10 50 7 51 5 52 4 53 11 54 8 55 18 56 15 57 9 58 3 59 2 60 14 61 18 62 15 64 2 65 5 66 9 67 15 68 16 70 10 71 9 72 15 73 9 74 7 75 6 76 17 77 13 78 12 79 20 80 2 81 12 83 11 84 4 44 18 46 7 63 14 69 2 82 20
37 0 10 1 17 2 18 3 6 4 4 5 3 6 17 7 9 8 14 9 13 10 6 11 19 12 8 13 19 14 1 15 16 16 16 17 15 18 12 19 5 20 20 21 2 22 5 24 4 25 10 26 19 27 12 28 13 29 19 31 12 32 8 33 10 34 8 35 2 36 14 23 3 38 17 39 15 40 18 41 5 42 8 43 8 44 6 45 16 47 14 48 7 49 11 50 14 51 14 52 13 54 17 55 17 56 2 58 16 59 7 60 14 62 12 63 20 64 16 65 10 66 11 68 18 69 1 70 18 71 14 72 19 74 20 75 10 77 2 78 13 79 11 80 17 81 10 82 4 83 16 84 19 46 19 53 7 57 20 67 5 73 12 76 10
38 0 2 1 12 2 14 3 1 4 10 5 14 6 17 7 4 8 11 10 15 11 7 12 5 13 16 14 6 15 1 16 9 18 7 19 1 20 6 21 13 23 4 24 4 25 18 27 14 29 12 30 1 31 20 32 16 34 15 35 7 36 11 37 17 9 4 17 19 22 10 26 17 28 7 33 3 39 10 40 18 41 12 42 11 43 8 45 19 46 2 47 17 48 9 49 3 50 7 51 3 52 9 53 13 54 16 55 12 56 6 57 18 58 13 59 4 60 5 61 12 62 3 63 17 64 3 65 8 66 2 68 1 69 19 70 7 71 8 72 12 73 17 74 14 76 4 77 12 78 6 80 2 81 9 82 8 83 17 44 17 79 8 84 9
39 0 19 1 13 2 15 3 17 6 18 7 14 8 5 9 9 10 14 11 17 12 12 13 9 14 19 15 7 16 4 17 5 18 15 20 5 21 19 22 12 23 14 24 20 25 4 26 8 27 18 28 4 29 9 31 7 32 14 33 2 34 13 36 10 37 15 38 10 4 7 5 2 19 1 30 4 35 4 40 2 41 20 42 5 43 19 44 3 45 19 46 10 47 3 48 9 49 13 51 14 52 2 53 11 54 13 55 15 57 20 58 12 59 1 60 2 61 16 62 5 63 10 64 1 65 13 66 10 67 7 68 2 69 15 70 15 71 16 72 4 73 9 74 6 75 5 76 2 77 5 78 19 79 9 80 19 82 17 83 9 84 7 50 13 56 6 81 19
40 0 15 1 18 2 13 3 4 4 18 5 7 6 3 8 17 9 17 10 15 11 12 12 17 14 19 15 7 16 3 17 10 18 19 19 10 20 19 21 4 22 1 23 19 25 15 26 6 27 14 28 11 29 12 30 19 31 1 32 5 34 10 36 8 37 18 38 18 39 2 7 11 13 10 24 11 35 12 41 17 42 9 43 14 44 10 46 7 47 1 48 19 49 5 50 4 51 7 52 15 53 4 54 7 55 7 57 9 58 9 60 7 61 12 62 10 63 12 64 13 65 3 66 17 67 17 69 3 70 4 71 16 72 2 73 7 75 8 77 7 78 10 79 7 80 3 82 14 83 18 84 15 45 3 56 17 59 5 68 17 76 20 81 7
41 0 14 1 4 2 10 3 1 4 20 5 8 6 1 7 1 8 2 9 6 10 11 11 13 12 12 13 2 14 19 15 17 16 6 17 16 18 4 19 1 20 8 21 14 22 14 23 10 24 3 26 8 27 6 29 18 30 13 31 10 32 14 33 1 34 20 36 16 37 5 38 12 39 20 40 17 25 3 28 14 35 1 42 11 43 3 44 19 45 15 46 2 47 6 48 7 49 3 50 2 51 3 52 13 53 14 55 14 56 10 57 13 58 3 59 8 60 14 61 9 62 10 63 13 64 3 65 20 66 9 67 17 68 19 69 9 72 10 74 1 75 12 76 15 77 3 78 2 79 8 81 6 83 13 84 2 54 5 70 15 71 2 73 2 80 9 82 19
42 1 1 2 17 3 17 4 11 5 1 6 11 7 13 8 12 9 17 10 20 11 12 12 8 14 11 15 9 17 3 18 10 19 15 20 15 21 18 22 14 24 16 25 20 26 18 27 12 28 5 29 17 30 16 32 17 33 12 34 10 35 20 36 5 37 8 38 11 39 5 40 9 41 11 0 4 13 17 16 2 23 19 44 11 45 10 46 6 47 15 48 7 49 1 50 15 51 7 53 14 54 20 55 4 56 20 58 20 59 2 60 11 61 19 62 19 63 1 65 10 66 8 68 8 69 12 70 5 71 15 72 3 73 4 74 3 75 5 76 18 77 15 78 18 79 4 81 10 82 15 83 4 84 15 52 18 57 18 67 20 80 3
43 0 18 1 8 2 17 3 4 4 10 5 15 6 18 7 10 9 19 10 11 11 14 12 10 13 18 14 16 15 16 16 18 17 19 18 19 19 3 20 20 21 20 22 20 24 7 25 7 26 17 27 6 28 18 29 3 30 4 31 4 32 18 33 17 34 7 35 17 36 5 37 8 38 8 39 19 40 14 41 3 8 14 23 11 44 15 45 12 46 4 47 19 48 7 49 9 50 5 51 17 52 18 53 13 54 12 55 11 56 2 57 16 58 8 59 1 61 16 62 12 63 17 64 18 65 1 66 3 67 7 68 8 69 17 70 15 71 2 73 14 74 9 75 12 76 16 77 17 78 3 79 13 80 12 82 8 83 15 84 14 60 19 72 14 81 16
44 0 18 1 6 2 3 3 14 4 11 5 4 6 18 7 18 8 13 9 6 10 4 11 18 12 2 13 8 14 13 15 5 16 19 19 18 20 10 21 11 22 17 23 16 24 16 25 17 26 6 27 18 29 4 30 17 31 10 32 20 33 6 34 4 35 5 37 6 39 3 40 10 41 19 42 11 43 15 17 14 18 12 28 18 36 18 38 17 45 15 47 20 48 1 49 19 50 10 51 5 52 10 54 4 55 16 56 18 57 6 58 10 59 19 60 20 61 15 62 17 63 4 64 20 65 7 66 7 67 2 68 11 69 16 70 12 71 2 72 7 73 3 74 16 75 13 76 1 78 16 79 1 80 2 81 10 82 12 83 4 84 3 46 15 53 12 77 18
45 0 6 1 10 2 8 3 12 6 1 7 17 8 16 9 19 10 11 12 6 13 17 14 10 15 10 16 17 17 10 19 6 20 12 21 5 22 19 23 17 24 18 25 4 26 6 27 19 28 6 29 19 30 20 31 10 33 14 34 18 35 20 36 17 37 16 38 19 39 19 41 15 42 10 43 12 44 15 4 2 5 13 11 19 18 4 32 8 40 3 46 2 47 6 48 5 50 7 51 11 52 13 53 12 54 5 55 17 56 8 57 15 58 9 59 19 60 14 61 11 62 18 63 10 64 12 65 3 66 16 67 10 68 6 69 2 70 19 71 11 72 18 74 3 75 3 76 3 77 8 78 20 79 19 80 20 81 18 82 19 83 1 49 7 73 8
46 1 4 2 12 3 5 4 19 5 8 7 2 8 7 9 16 10 6 11 3 12 17 13 11 14 8 15 8 16 11 17 7 18 18 20 18 21 6 22 6 23 20 24 5 25 16 26 1 27 15 28 15 29 9 30 14 31 6 32 14 33 15 34 14 35 2 38 2 39 10 40 7 41 2 42 6 43 4 45 2 0 4 19 2 36 7 37 19 44 15 47 6 48 4 49 15 50 13 52 15 54 9 55 14 56 11 57 8 58 4 59 17 60 11 61 14 62 20 65 11 66 5 67 3 68 13 69 4 70 20 71 14 72 19 73 3 74 6 75 6 76 20 77 8 78 6 80 8 81 10 82 7 83 1 84 20 51 7 53 4 63 4 64 8
47 0 11 4 10 5 18 6 20 7 15 9 10 10 14 11 18 12 5 13 19 14 5 16 5 17 14 19 10 20 3 21 15 22 4 23 3 24 13 25 8 26 20 27 12 28 5 29 7 31 13 32 17 33 11 34 17 35 20 36 20 37 14 38 17 39 3 40 1 41 6 42 15 43 19 44 20 45 6 46 6 1 17 2 5 3 6 8 11 15 7 18 14 30 1 48 17 49 6 50 17 51 18 53 16 54 7 55 6 56 15 57 6 58 6 59 4 60 4 61 19 62 19 63 16 64 5 65 11 67 19 68 16 70 1 71 7 72 10 75 5 76 4 77 7 78 15 79 2 80 19 81 19 82 10 83 2 52 18 66 1 69 15 73 17 74 14 84 8
48 0 14 1 6 3 18 4 6 5 20 6 8 8 16 9 9 10 4 11 7 12 18 13 10 14 20 15 1 16 11 17 12 18 19 19 14 21 9 22 6 23 14 24 6 25 13 26 12 27 7 29 20 31 4 32 15 34 17 35 2 36 7 37 7 38 9 39 9 40 19 41 7 42 7 43 7 44 1 45 5 46 4 47 17 2 13 7 10 20 19 28 13 30 17 33 1 49 10 50 19 51 9 52 15 54 12 55 2 56 3 57 10 58 10 59 3 60 12 61 5 62 8 63 15 64 16 65 4 66 15 67 11 68 4 70 10 71 18 72 1 73 4 74 2 75 12 76 8 77 4 78 11 79 11 80 17 81 11 82 2 83 5 84 12 53 20 69 16
49 0 3 1 8 2 3 3 14 4 17 5 10 6 16 7 3 8 17 9 20 10 20 11 1 12 8 13 12 14 19 15 19 16 14 17 11 18 19 19 8 20 10 21 5 24 19 25 1 26 2 27 14 28 7 29 19 30 3 31 10 32 10 33 6 34 19 36 10 37 11 38 3 39 13 40 5 41 3 42 1 43 9 44 19 46 15 47 6 48 10 22 1 23 15 35 11 45 7 50 6 51 10 52 20 53 7 54 3 55 6 58 5 59 20 60 8 61 7 63 9 64 19 65 5 66 16 67 15 68 6 69 20 70 17 71 15 72 7 73 11 74 16 75 9 76 17 77 3 78 4 79 11 80 15 81 7 82 3 83 11 84 3 56 16 57 7 62 19
50 0 20 1 16 2 4 3 12 4 15 5 4 6 20 7 6 8 20 9 7 10 12 11 12 12 10 13 10 14 8 15 20 16 2 17 10 18 14 20 3 22 4 23 9 24 17 25 14 26 18 27 9 28 19 29 15 31 17 32 7 33 10 34 5 35 3 36 7 37 14 38 7 40 4 41 2 42 15 43 5 44 10 45 7 46 13 47 17 48 19 49 6 19 14 30 9 39 13 51 19 52 19 53 6 54 7 55 3 56 2 57 15 58 17 59 1 60 13 61 16 62 6 63 9 64 11 66 12 67 15 68 19 69 2 70 16 71 5 72 19 73 15 74 14 75 16 76 6 77 13 78 5 79 11 80 15 81 11 82 6 83 13 84 19 65 17
51 0 7 1 15 2 4 3 5 4 13 5 9 6 16 7 16 8 11 9 8 12 1 13 18 14 15 15 14 16 1 17 13 18 7 19 18 21 6 22 2 23 12 24 19 25 7 26 9 27 7 28 4 29 13 30 14 31 10 32 17 33 1 34 7 35 11 36 5 37 14 38 3 39 14 40 7 41 3 42 7 43 17 44 5 45 11 47 18 48 9 49 10 50 19 10 13 11 12 20 16 46 7 52 17 53 6 54 16 55 3 56 14 57 17 58 17 60 7 61 9 62 10 63 15 64 11 65 17 66 18 67 9 68 16 69 2 70 1 71 17 72 13 73 20 74 9 75 7 76 18 77 19 79 1 80 10 81 2 82 13 83 20 84 1 59 5 78 16
52 0 20 1 5 2 12 4 5 5 11 6 14 8 14 9 20 10 5 11 11 12 20 13 20 14 14 15 6 16 4 17 6 18 13 19 13 20 17 21 17 22 13 23 10 24 3 25 3 26 8 27 14 28 7 29 18 30 2 31 6 32 3 34 8 36 4 37 13 38 9 39 2 40 15 41 13 43 18 44 10 45 13 46 15 48 15 49 20 50 19 51 17 3 13 7 4 35 12 42 18 47 18 54 19 55 3 56 13 57 4 58 3 59 4 60 9 62 2 63 8 64 5 65 15 66 5 67 16 68 9 69 6 70 7 71 1 72 6 73 14 74 3 75 1 76 17 77 20 78 18 80 16 81 3 82 1 83 17 84 3 53 14 61 18 79 17
53 0 16 1 14 2 6 4 17 5 9 6 13 8 9 9 3 10 2 11 2 14 6 16 5 18 20 19 19 20 8 22 5 23 20 24 9 25 13 26 20 28 20 30 7 31 17 32 11 34 5 35 14 36 11 38 13 39 11 40 4 41 14 42 14 43 13 45 12 47 16 49 7 50 6 51 6 3 14 7 16 12 5 13 1 15 18 21 17 27 4 29 8 37 7 44 12 46 4 48 20 52 14 54 14 55 8 56 15 57 4 58 15 60 14 61 7 62 17 64 15 65 6 66 3 67 6 68 3 69 14 71 20 72 12 73 5 74 15 75 14 76 5 77 12 78 20 79 8 80 6 81 12 82 9 83 17 84 19 59 5 63 4 70 3
54 0 5 1 11 2 14 3 10 4 18 5 3 6 3 8 4 9 14 10 5 11 10 12 8 13 13 14 12 15 11 16 12 17 3 18 12 19 14 20 11 21 3 23 1 25 13 26 18 27 9 28 10 30 5 31 7 32 3 34 11 35 10 36 8 37 17 38 16 39 13 40 7 42 20 43 12 44 4 45 5 46 9 47 7 48 12 49 3 50 7 51 16 52 19 53 14 7 3 22 8 24 7 29 11 33 15 41 5 56 6 57 19 58 13 59 10 60 3 61 15 62 1 63 6 64 6 65 17 66 10 67 14 68 5 69 16 70 5 71 17 72 11 73 19 74 16 76 15 77 12 78 12 79 8 80 20 81 7 82 18 83 16 84 14 55 10 75 17
55 0 6 1 19 2 11 3 6 4 1 5 14 6 17 7 3 8 16 9 13 10 11 11 6 12 7 13 18 14 4 16 20 17 15 18 3 19 5 21 14 23 13 24 7 25 19 26 12 27 13 28 3 29 5 30 14 31 11 33 1 35 10 36 18 37 17 38 12 39 15 40 7 41 14 42 4 43 11 44 16 45 17 46 14 47 6 48 2 49 6 50 3 51 3 52 3 53 8 15 19 20 18 22 5 32 11 34 2 54 10 56 13 57 3 59 11 60 6 61 18 62 19 63 11 64 2 65 14 66 13 67 11 68 10 69 19 70 13 72 8 73 11 74 14 75 8 77 15 78 16 79 16 80 4 81 14 82 3 83 8 84 3 58 6 71 19 76 1
56 0 4 1 18 2 12 3 20 4 19 5 4 6 5 7 12 8 15 9 20 10 15 11 8 12 9 13 20 14 1 15 15 17 2 18 18 19 7 20 14 21 13 22 2 24 3 25 9 26 10 27 20 28 10 29 8 30 15 31 17 32 7 33 14 34 12 35 7 36 15 37 2 38 6 41 10 42 20 43 2 44 18 45 8 46 11 47 15 48 3 50 2 51 14 52 13 53 15 54 6 55 13 16 17 23 13 39 6 40 17 49 16 57 7 58 19 59 16 60 6 61 7 62 2 63 1 64 14 66 15 67 18 68 4 69 14 70 15 72 12 73 17 74 5 75 19 76 12 77 17 78 1 79 11 80 12 81 20 82 13 83 14 84 20 65 10 71 4
57 0 4 1 7 2 16 3 1 4 2 5 18 7 2 8 8 9 1 10 12 11 10 12 18 13 10 14 4 15 7 16 19 17 6 18 19 19 4 20 17 21 13 22 2 23 7 24 17 26 12 27 10 28 15 29 13 30 3 31 12 32 18 33 3 34 1 35 12 36 9 38 18 39 20 40 9 41 13 43 16 44 6 45 15 46 8 47 6 48 10 50 15 51 17 52 4 53 4 54 19 55 3 56 7 6 16 25 16 37 20 42 18 49 7 58 2 59 10 60 17 61 7 62 4 63 20 64 10 65 11 66 8 67 12 68 3 70 11 71 5 72 18 73 1 74 15 75 20 77 6 78 12 79 2 80 11 81 15 82 4 84 20 76 13 83 19
58 0 16 1 6 2 13 3 20 4 13 5 12 6 8 7 17 8 12 9 9 10 4 11 9 12 8 14 8 16 16 17 16 18 3 19 17 20 3 21 19 22 3 23 12 24 10 25 2 26 15 27 14 28 11 30 13 31 3 32 19 33 9 34 7 35 5 36 3 37 16 38 13 39 12 40 9 41 3 42 20 43 8 44 10 45 9 46 4 47 6 48 10 49 5 50 17 51 17 52 3 53 15 54 13 56 19 57 2 13 8 15 9 29 11 55 6 59 17 60 19 61 13 62 13 63 10 64 1 65 14 66 2 67 15 68 6 69 8 70 2 71 20 72 5 74 12 75 6 76 14 77 15 78 3 79 4 80 5 81 16 82 13 83 13 84 6 73 6
59 0 20 2 1 3 6 4 5 5 13 6 20 7 20 8 12 9 12 10 14 11 2 12 9 13 3 14 14 15 12 16 16 17 15 18 19 19 12 20 11 21 15 22 3 23 1 24 13 25 4 28 17 29 18 30 3 31 1 32 18 34 18 36 2 37 7 38 4 39 1 41 8 42 2 43 1 44 19 45 19 46 17 47 4 48 3 49 20 50 1 52 4 54 10 55 11 56 16 57 10 58 17 1 20 27 7 33 16 35 1 40 5 51 5 53 5 60 18 61 12 62 9 63 17 65 3 66 11 68 2 69 16 70 10 71 19 72 10 73 2 74 2 75 19 77 8 79 14 80 11 81 3 82 8 83 6 84 5 67 5 76 7 78 8
60 0 2 2 7 3 13 4 10 5 5 6 15 7 9 10 7 11 13 12 6 14 5 15 18 16 20 17 15 18 5 19 15 20 7 21 4 22 8 23 10 24 11 25 10 26 11 27 13 28 7 29 11 30 9 31 11 32 3 33 11 34 4 35 17 36 14 37 14 38 5 39 2 40 7 41 14 42 11 44 20 45 14 46 11 47 4 48 12 49 8 50 13 51 7 52 9 53 14 54 3 55 6 56 6 57 17 58 19 59 18 1 7 8 1 9 4 13 8 43 19 61 5 62 17 63 4 64 1 65 15 66 17 67 4 68 17 69 13 70 14 71 4 72 13 73 18 74 15 75 4 76 16 77 7 78 2 79 1 80 15 82 12 83 8 81 7 84 2
61 0 1 3 7 4 19 5 11 6 4 7 9 8 1 9 19 10 13 11 13 12 20 13 18 15 8 16 8 17 9 18 16 19 8 20 7 21 11 22 8 23 3 24 10 25 16 26 10 27 20 28 19 29 13 30 4 32 16 33 11 34 12 35 15 36 18 38 12 39 16 40 12 41 9 42 19 43 16 44 15 45 11 46 14 47 19 48 5 49 7 50 16 51 9 53 7 54 15 55 18 56 7 57 7 58 13 59 12 60 5 1 7 14 5 31 1 52 18 62 10 63 14 64 6 65 6 66 12 67 16 68 15 69 20 70 18 71 8 72 20 73 12 75 13 76 1 77 3 78 7 79 1 80 16 82 9 83 3 84 9 74 2 81 18
62 0 16 1 13 2 10 3 20 4 9 5 7 6 4 7 15 8 14 9 6 10 1 11 11 12 3 13 16 14 16 15 3 16 13 17 3 18 8 19 8 20 2 21 8 22 20 23 9 24 8 25 3 26 5 28 8 29 16 30 17 32 18 33 10 34 4 35 7 36 15 37 12 38 3 39 5 40 10 41 10 42 19 43 12 44 17 45 18 46 20 47 19 48 8 50 6 51 10 52 2 53 17 54 1 55 19 56 2 57 4 58 13 59 9 60 17 61 10 27 18 31 10 49 19 63 18 64 12 65 7 66 3 67 5 68 7 69 14 70 11 71 19 72 16 73 12 74 1 75 8 77 17 78 13 79 2 81 7 82 17 83 14 84 16 76 19 80 20
63 0 13 1 2 2 9 3 1 4 19 5 9 6 17 7 14 8 15 9 19 10 20 11 13 12 4 13 9 14 10 15 19 16 6 18 8 19 14 20 6 21 12 22 18 23 6 24 20 25 10 26 16 27 10 28 13 29 16 30 4 31 8 32 2 33 16 34 19 35 1 37 20 38 17 39 10 40 12 41 13 42 1 43 17 44 4 45 10 47 16 48 15 49 9 50 9 51 15 52 8 54 6 55 11 56 1 57 20 58 10 59 17 60 4 61 14 62 18 17 11 36 14 46 4 53 4 64 6 65 19 66 18 67 5 68 3 69 3 70 8 71 2 72 10 73 14 74 6 75 15 76 15 77 6 78 1 79 12 80 15 81 3 83 5 84 12 82 18
64 0 18 1 2 2 11 3 2 4 7 5 8 6 6 7 15 8 11 9 4 11 10 12 15 13 13 14 15 15 3 16 15 17 2 18 10 19 11 20 16 21 10 22 18 23 14 24 7 25 7 26 16 27 16 28 17 29 9 30 16 31 18 32 7 33 14 34 14 35 12 36 2 37 16 38 3 39 1 40 13 41 3 43 18 44 20 45 12 47 5 48 16 49 19 50 11 51 11 52 5 53 15 54 6 55 2 56 14 57 10 58 1 60 1 61 6 62 12 63 6 10 19 46 8 65 13 66 8 67 10 69 10 70 11 71 16 72 14 73 2 74 14 75 15 76 7 77 2 79 2 80 13 81 10 82 10 83 16 84 5 68 3 78 6
65 0 3 1 2 2 11 4 8 5 3 6 6 7 10 8 18 9 16 10 3 11 10 12 3 13 15 14 6 15 19 17 20 18 19 19 16 20 10 21 8 22 20 24 18 25 5 26 1 27 13 28 4 29 13 30 4 32 19 34 9 35 13 36 5 37 10 38 8 39 13 40 3 41 20 42 10 43 1 44 7 45 3 46 11 47 11 48 4 49 5 51 17 52 15 53 6 54 17 55 14 57 11 58 14 59 3 60 15 61 6 62 7 63 19 64 13 3 9 16 10 23 1 31 15 33 19 50 17 56 10 66 16 67 19 68 3 69 11 70 19 71 3 72 18 73 9 74 20 75 12 76 14 77 17 78 8 79 5 80 9 81 5 82 17 83 5 84 20
66 0 3 1 12 2 4 3 18 4 3 5 9 6 16 7 13 8 13 9 15 10 2 12 10 14 7 15 12 16 16 17 11 18 3 19 11 20 20 21 1 23 1 24 15 25 4 26 19 27 7 28 13 29 12 31 9 32 4 33 2 34 12 35 14 36 9 37 11 38 2 39 10 40 17 41 9 42 8 43 3 44 7 45 16 46 5 48 15 49 16 50 12 51 18 52 5 53 3 54 10 55 13 56 15 57 8 58 2 59 11 60 17 61 12 62 3 63 18 64 8 65 16 11 17 13 5 22 20 30 3 47 1 67 5 68 1 69 20 70 9 72 18 73 4 74 3 75 6 76 16 77 15 79 16 80 17 81 13 82 2 83 12 84 17
67 0 3 1 8 2 15 3 3 4 16 5 10 6 10 7 18 8 17 9 2 10 15 11 19 12 12 13 18 14 14 15 17 16 1 17 7 18 16 19 8 20 17 21 20 23 5 24 19 25 13 26 3 28 20 29 2 30 6 31 13 32 15 33 1 34 16 35 10 36 15 39 7 40 17 41 17 43 7 44 2 45 10 46 3 47 19 48 11 49 15 50 15 51 9 52 16 53 6 54 14 55 11 56 18 57 12 58 15 60 4 61 16 62 5 63 5 64 10 65 19 66 5 22 12 37 5 42 20 59 5 68 8 69 9 70 4 71 9 72 12 73 7 75 10 76 6 77 13 78 19 79 6 80 8 81 6 82 11 83 17 84 1 74 4
68 0 6 1 11 2 10 3 14 4 12 5 3 6 2 7 18 9 14 10 20 11 4 12 6 13 1 14 16 16 10 17 14 18 20 20 9 21 12 22 4 23 6 24 19 25 3 26 20 27 17 28 14 29 18 31 6 32 1 33 11 34 9 35 15 36 16 37 18 38 1 39 2 41 19 42 8 43 8 44 11 45 6 46 13 47 16 48 4 49 6 50 19 51 16 52 9 53 3 54 5 55 10 56 4 57 3 58 6 59 2 60 17 61 15 62 7 63 3 65 3 66 1 67 8 8 17 15 10 19 11 30 3 40 17 64 3 69 16 70 16 71 2 72 4 73 14 74 3 75 6 77 3 79 1 80 8 81 19 84 20 76 5 82 15 83 15
69 0 2 1 17 3 9 4 3 5 18 6 9 7 15 8 7 9 19 11 13 12 9 15 14 16 10 17 17 18 2 19 16 20 15 21 6 22 1 23 4 24 20 25 7 26 12 27 11 28 11 29 1 30 12 31 8 32 11 33 8 34 18 35 2 37 1 38 19 39 15 40 3 41 9 42 12 43 17 44 16 45 2 46 4 49 20 50 2 51 2 52 6 53 14 54 16 55 19 56 14 58 8 59 16 60 13 61 20 62 14 63 3 64 10 65 11 66 20 67 9 68 16 2 4 13 14 14 13 36 2 47 15 48 16 70 14 71 11 72 2 73 18 74 3 75 12 76 5 78 14 80 11 81 5 82 12 83 13 84 4 77 10 79 1
70 0 10 1 1 2 4 3 18 4 5 5 16 7 5 8 12 9 4 10 20 11 19 12 20 13 12 14 11 15 8 16 14 17 13 18 9 19 1 20 5 21 19 22 17 23 2 24 2 25 4 27 14 28 5 30 17 31 9 32 13 33 4 34 6 36 10 37 18 38 7 39 15 40 4 42 5 43 15 44 12 45 19 46 20 47 1 48 10 49 17 50 16 51 1 52 7 54 5 55 13 56 15 57 11 58 2 59 10 60 14 61 18 62 11 63 8 64 11 65 19 66 9 67 4 68 16 69 14 6 12 26 16 41 15 53 3 71 5 72 20 73 2 74 10 75 14 77 7 78 18 79 1 80 14 81 13 82 5 83 18 84 13 76 14
71 0 18 1 12 2 2 3 9 4 4 5 5 6 16 7 6 8 11 9 18 10 8 11 17 13 16 14 9 16 12 17 20 18 15 19 17 20 19 21 8 22 17 23 9 24 6 25 8 26 9 27 9 28 2 30 6 31 20 32 8 33 2 34 20 35 10 36 9 37 14 38 8 39 16 40 16 42 15 43 2 44 2 45 11 46 14 47 7 48 18 49 15 50 5 51 17 52 1 53 20 54 17 57 5 58 20 59 19 60 4 61 8 62 19 63 2 64 16 65 3 67 9 68 2 69 11 70 5 12 7 15 3 41 2 55 19 56 4 73 17 74 18 75 5 77 12 78 8 79 2 80 7 81 17 82 6 83 3 72 10 76 12 84 19
72 0 10 1 17 2 12 3 14 5 16 6 13 7 14 8 5 9 16 10 11 11 8 13 17 14 19 16 16 18 1 20 20 21 6 22 18 23 16 24 3 25 5 26 16 27 19 28 12 30 18 31 13 32 15 33 3 34 5 35 3 36 15 37 19 38 12 39 4 40 2 41 10 42 3 44 7 45 18 46 19 47 10 48 1 49 7 50 19 51 13 52 6 53 12 54 11 55 8 56 12 57 18 58 5 59 10 60 13 61 20 62 16 63 10 64 14 65 18 66 18 67 12 68 4 69 2 70 20 4 15 12 13 15 13 17 11 19 17 29 17 43 14 71 10 73 9 74 7 75 13 76 18 77 5 78 2 79 14 81 16 82 3 83 18 84 11 80 20
73 0 4 1 12 2 5 3 8 4 12 5 2 6 2 7 4 8 2 9 3 10 13 11 20 12 16 14 2 15 6 16 4 17 14 18 3 20 18 21 14 22 20 23 14 25 9 26 2 27 8 28 12 29 3 31 4 32 15 33 10 34 19 35 18 36 9 38 17 39 9 40 7 42 4 43 14 44 3 46 3 48 4 49 11 50 15 51 20 52 14 53 5 54 19 55 11 56 17 57 1 59 2 60 18 61 12 62 12 63 14 64 2 65 9 66 4 67 7 68 14 69 18 70 2 71 17 72 9 13 4 19 18 24 9 30 18 37 12 41 2 45 8 47 17 58 6 74 18 75 9 76 2 78 11 79 7 80 17 81 9 82 18 83 15 84 8 77 16
74 0 8 1 18 2 20 3 14 4 10 5 6 6 14 7 9 9 1 10 19 11 1 12 13 13 12 14 16 15 7 16 3 17 12 18 20 19 4 20 1 22 1 23 19 24 14 25 5 26 18 27 4 28 3 29 5 30 1 32 14 34 7 35 17 36 7 37 20 38 14 39 6 41 1 42 3 43 9 44 16 45 3 46 6 48 2 49 16 50 14 51 9 52 3 53 15 54 16 55 14 56 5 57 15 58 12 59 2 60 15 62 1 63 6 64 14 65 20 66 3 68 3 69 3 70 10 71 18 72 7 73 18 8 18 21 11 31 6 33 12 47 14 61 2 67 4 75 14 77 7 78 4 79 2 80 17 81 7 82 10 83 7 84 11 76 1
75 0 8 1 17 2 13 3 5 4 2 5 19 6 20 7 4 8 1 10 7 11 6 12 7 13 14 14 1 15 15 16 9 17 1 18 1 19 5 20 19 22 9 23 8 24 5 25 1 27 18 28 2 29 18 30 3 31 16 32 17 33 16 34 15 35 6 36 6 37 10 39 5 40 8 41 12 42 5 43 12 44 13 45 3 46 6 47 5 48 12 49 9 50 16 51 7 52 1 53 14 55 8 56 19 57 20 58 6 59 19 60 4 61 13 62 8 63 15 64 15 65 12 66 6 67 10 68 6 69 12 70 14 71 5 72 13 73 9 74 14 9 6 21 20 26 2 54 17 76 19 77 12 78 19 79 4 80 20 81 15 83 20 84 19 82 16
76 0 12 1 5 2 18 3 13 4 16 5 7 6 16 7 8 8 19 9 11 10 5 11 7 12 7 13 19 14 5 15 20 17 6 18 9 19 18 20 14 21 18 22 16 23 13 24 11 25 14 26 6 27 2 28 14 29 5 30 10 31 14 32 4 33 17 35 13 36 17 38 4 39 2 41 15 42 18 43 16 44 1 45 3 46 20 47 4 48 8 49 17 50 6 51 18 52 17 53 5 54 15 56 12 58 14 60 16 61 1 63 15 64 7 65 14 66 16 67 6 69 5 72 18 73 2 75 19 34 15 37 10 40 20 55 1 57 13 59 7 62 19 68 5 70 14 71 12 74 1 77 7 78 3 79 14 81 7 82 6 83 11 84 9 80 13
77 0 19 1 7 2 16 3 14 4 9 5 15 6 13 7 16 8 9 9 18 10 12 11 19 12 20 13 5 14 4 15 4 16 11 17 15 18 1 19 18 20 16 21 4 22 9 23 11 25 10 26 16 27 13 28 8 29 19 30 4 33 18 34 18 35 15 36 13 37 2 38 12 39 5 40 7 41 3 42 15 43 17 45 8 46 8 47 7 48 4 49 3 50 13 51 19 52 20 53 12 54 12 55 15 56 17 57 6 58 15 59 8 60 7 61 3 62 17 63 6 64 2 65 17 66 15 67 13 68 3 70 7 71 12 72 5 74 7 75 12 76 7 24 15 31 11 32 3 44 18 69 10 73 16 78 4 79 16 80 8 81 19 82 11 83 6 84 3
78 0 20 1 16 2 17 3 10 4 14 5 15 6 19 7 13 9 1 10 15 11 18 12 5 13 19 14 10 15 8 16 9 17 12 18 2 19 20 20 12 21 16 22 20 23 2 24 17 25 17 26 4 27 20 28 7 29 7 30 11 31 18 32 18 33 13 34 9 36 12 37 13 38 6 39 19 40 10 41 2 42 18 43 3 44 16 45 20 46 6 47 15 48 11 49 4 50 5 52 18 53 20 54 12 55 16 56 1 57 12 58 3 60 2 61 7 62 13 63 1 65 8 67 19 69 14 70 18 71 8 72 2 73 11 74 4 75 19 76 3 77 4 8 10 35 16 51 16 59 8 64 6 79 17 80 13 81 6 82 14 83 20 84 17
79 0 13 1 14 2 9 3 19 4 9 5 10 6 19 7 7 8 14 9 17 11 7 12 4 13 11 14 7 15 15 16 2 17 3 18 18 19 15 20 3 21 12 22 2 23 13 24 2 25 18 26 16 27 12 28 20 29 1 30 3 31 5 32 11 33 13 34 18 35 16 36 20 37 11 39 9 40 7 41 8 42 4 43 13 44 1 45 19 47 2 48 11 49 11 50 11 51 1 53 8 54 8 55 16 56 11 57 2 58 4 59 14 60 1 61 1 62 2 63 12 64 2 65 5 66 16 67 6 68 1 70 1 71 2 72 14 73 7 74 2 75 4 76 14 77 16 78 17 10 7 38 8 52 17 69 1 80 8 81 2 82 16 83 8 84 6
80 2 13 3 1 4 20 5 20 6 1 9 9 10 9 11 10 12 17 13 6 14 2 15 20 16 5 17 20 19 9 20 2 22 14 23 4 24 8 25 11 26 8 27 4 28 18 29 3 30 3 31 12 32 10 33 15 34 16 35 12 36 2 37 17 38 2 39 19 40 3 43 12 44 2 45 20 46 8 47 19 48 17 49 15 50 15 51 10 52 16 53 6 54 20 55 4 56 12 57 11 58 5 59 11 60 15 61 16 63 15 64 13 65 9 66 17 67 8 68 8 69 11 70 14 71 7 73 17 74 17 75 20 77 8 78 13 79 8 0 7 1 17 7 12 8 11 18 10 21 6 41 9 42 3 62 20 72 20 76 13 81 5 84 18 82 5 83 17
81 0 20 1 7 2 5 3 14 4 7 5 1 6 17 8 4 9 19 10 19 11 12 12 15 13 10 14 17 15 4 16 1 17 13 18 3 19 6 20 14 21 11 22 12 23 5 24 12 25 14 26 19 27 14 28 20 29 10 30 6 31 10 32 19 33 3 34 17 35 10 36 12 37 10 38 9 41 6 42 10 44 10 45 18 46 10 47 19 48 11 49 7 50 11 51 2 52 3 53 12 54 7 55 14 56 20 57 15 58 16 59 3 62 7 63 3 64 10 65 5 66 13 67 6 68 19 69 5 70 13 71 17 72 16 73 9 74 7 75 15 76 7 77 19 78 6 79 2 80 5 7 14 39 19 40 7 43 16 60 7 61 18 82 18 83 9 84 15
82 1 19 2 13 3 19 4 10 5 17 6 14 7 15 8 18 9 18 10 17 11 5 12 9 14 18 15 15 16 4 17 15 18 10 19 1 21 4 22 4 23 9 24 1 26 10 27 19 29 15 30 12 33 1 34 19 35 9 37 4 38 8 39 17 40 14 42 15 43 8 44 12 45 19 46 7 47 10 48 2 49 3 50 6 51 13 52 1 53 9 54 18 55 3 56 13 57 4 58 13 59 8 60 12 61 9 62 17 64 10 65 17 66 2 67 11 69 12 70 5 71 6 72 3 73 18 74 10 76 6 77 11 78 14 79 16 81 18 0 18 13 10 20 19 31 18 32 1 36 20 41 19 63 18 68 15 75 16 80 5 83 9 84 17
83 0 7 1 10 2 12 3 7 4 11 6 11 7 9 8 12 9 11 10 17 11 10 12 1 14 14 15 19 16 14 17 11 18 19 19 11 20 2 21 12 22 7 23 1 24 18 25 2 27 14 28 20 29 5 30 7 31 8 32 2 33 9 34 20 36 11 37 16 38 17 39 9 40 18 41 13 42 4 43 15 44 4 45 1 46 1 47 2 48 5 49 11 50 13 51 20 52 17 53 17 54 16 55 8 56 14 58 13 59 6 60 8 61 3 62 14 63 5 64 16 65 5 66 12 67 17 69 13 70 18 71 3 72 18 73 15 74 7 75 20 76 11 77 6 78 20 79 8 81 9 82 9 5 14 13 9 26 20 35 2 57 19 68 15 80 17 84 8
84 0 17 1 20 2 18 3 20 4 16 5 16 6 17 7 16 8 3 9 18 10 8 11 12 12 19 13 4 14 1 15 4 17 10 18 13 20 12 21 5 22 2 23 2 26 10 27 3 28 2 29 19 30 19 31 9 32 6 33 2 34 9 35 17 36 4 37 19 39 7 40 15 41 2 42 15 43 14 44 3 46 20 48 12 49 3 50 19 51 1 52 3 53 19 54 14 55 3 56 20 57 20 58 6 59 5 61 9 62 16 63 12 64 5 65 20 66 17 67 1 68 20 69 4 70 13 72 11 73 8 74 11 75 19 76 9 77 3 79 6 80 18 81 15 82 17 83 8 16 10 19 11 24 1 25 16 38 9 47 8 60 2 71 19 78 17
