57
0 5 9 22 10 26 17 39 12
1 6 7 8 19 9 13 25 12 30 6 33 4 39 19 51 3 31 16 50 8
2 21 2 50 11 56 18 4 1 15 8
3 24 19 41 1 27 15
4 2 1 22 15 41 17 48 18 55 4
5 0 9 29 2 55 13 33 18 45 8
6 1 7 28 3 44 18 18 18 21 8
7 51 20 47 2
8 1 19 18 20 36 5
9 1 13 27 4 34 3 54 12
10 11 11 25 17 30 6 46 9
11 10 11 12 17 31 3 30 2
12 11 17 17 2 30 13
13 31 2 43 10 55 10
14 33 10 37 10
15 2 8 33 11 40 20 45 6
16 17 14 48 1
17 12 2 16 14 52 7 53 18 21 12
18 8 20 6 18 31 7 45 19 51 17
19 25 11 47 14 54 18
20 30 20 41 6
21 2 2 6 8 17 12 25 2 40 20 45 13
22 0 10 4 15 32 18
23 27 7 36 19
24 3 19 32 19 36 4 51 4
25 1 12 10 17 19 11 21 2 48 14
26 0 17 49 12
27 9 4 23 7 3 15
28 6 3 44 6
29 5 2
30 1 6 10 6 20 20 11 2 12 13 52 17 55 5 37 16
31 11 3 13 2 18 7 1 16 53 15
32 22 18 24 19
33 1 4 14 10 15 11 5 18
34 9 3 49 13 50 4
35 38 15 42 4 50 6 51 15
36 8 5 23 19 24 4
37 14 10 30 16 49 5 52 17
38 35 15 43 18
39 1 19 0 12 54 16
40 15 20 21 20 41 10
41 3 1 4 17 40 10 20 6 43 13 47 18
42 35 4 49 20
43 13 10 38 18 41 13 45 8
44 6 18 28 6 50 12
45 15 6 18 19 21 13 43 8 5 8
46 10 9 52 2
47 19 14 41 18 7 2 53 11
48 4 18 16 1 25 14 55 10
49 26 12 37 5 42 20 34 13 51 13 55 16
50 2 11 35 6 1 8 34 4 44 12 56 14
51 1 3 7 20 24 4 35 15 49 13 18 17
52 17 7 30 17 37 17 46 2
53 17 18 31 15 47 11
54 9 12 19 18 39 16
55 4 4 5 13 13 10 30 5 49 16 48 10
56 2 18 50 14
