95
0 1 4 2 13 3 18 4 11 5 3 6 11 8 17 10 3 11 13 12 8 13 9 14 7 15 11 16 10 17 5 19 8 20 6 21 4 22 15 23 3 24 6 25 17 26 4 27 10 28 6 29 10 30 6 31 10 32 20 33 11 34 14 35 19 37 3 38 16 39 2 40 15 41 17 43 15 44 2 45 20 46 17 47 15 49 11 50 14 51 18 53 4 54 17 55 5 56 16 57 2 58 9 59 13 60 1 61 15 62 12 64 17 65 15 66 9 67 12 68 1 69 1 70 11 71 3 73 9 74 18 75 8 76 19 77 10 79 18 80 14 81 2 82 8 83 9 84 4 85 2 87 14 88 20 89 3 90 15 91 6 92 16 93 15 94 2 7 11 36 12 42 10 52 20 63 8 72 17 78 14 86 9
1 0 4 2 14 3 8 4 12 5 18 6 4 7 9 9 11 10 17 11 16 12 3 13 4 14 2 15 11 17 2 18 17 19 3 20 19 21 11 22 12 23 15 24 14 25 15 26 10 27 13 28 4 29 9 30 12 31 6 32 18 33 8 34 16 35 15 36 17 37 6 38 16 40 11 41 20 42 2 43 10 44 3 45 20 46 11 47 3 48 11 49 1 50 16 51 17 52 3 53 2 54 16 55 15 56 2 57 15 58 7 59 12 60 1 61 3 62 13 64 13 65 13 66 15 67 20 68 8 69 17 70 20 72 3 73 20 74 19 75 11 79 6 80 12 81 16 82 2 83 3 85 3 86 3 87 8 88 2 89 18 90 11 91 1 92 2 93 5 94 5 8 4 16 9 39 19 63 18 71 8 76 9 78 17
2 0 13 1 14 3 16 4 7 5 7 6 16 7 1 8 16 9 18 11 3 12 12 13 6 14 19 15 3 16 9 17 1 18 9 19 7 20 17 21 9 23 6 24 13 25 13 26 5 27 9 28 17 29 4 31 12 32 15 33 17 34 8 35 9 36 13 37 17 38 18 39 8 40 11 41 7 43 16 44 18 46 6 47 19 48 16 49 10 50 16 51 16 52 18 53 13 54 1 55 10 56 5 58 4 59 17 60 18 61 18 62 6 63 9 64 4 65 20 66 10 67 14 68 1 69 14 70 15 71 14 72 14 73 1 74 16 75 20 76 1 78 2 79 6 80 4 81 1 82 19 83 14 84 15 86 9 87 3 89 8 90 2 91 4 93 8 94 16 10 16 22 13 42 9 45 12 57 7 77 2 85 18 88 6
3 0 18 1 8 2 16 4 14 5 3 6 14 7 8 8 6 9 6 10 7 11 20 12 7 13 6 16 20 17 11 18 11 19 5 21 6 22 17 23 14 24 8 25 7 26 16 27 4 30 8 31 6 33 2 34 6 35 6 36 13 37 5 38 9 40 6 42 13 43 12 44 2 46 4 47 4 49 18 50 19 51 20 52 16 53 6 55 12 56 20 57 15 58 4 59 7 60 16 61 16 62 20 63 10 64 3 65 8 66 4 67 1 69 3 71 12 72 5 73 2 74 16 75 5 76 14 78 17 79 12 80 6 81 2 82 20 83 1 84 18 86 1 87 13 88 19 89 11 90 2 91 17 92 7 93 7 94 1 14 6 15 3 20 1 28 17 29 17 32 9 39 18 41 11 45 13 48 12 54 18 68 9 70 16 77 18
4 0 11 1 12 2 7 3 14 5 18 8 13 10 1 12 8 13 20 14 12 15 2 16 18 17 13 18 4 19 2 20 6 22 12 23 16 24 5 25 4 26 15 27 5 29 15 30 13 31 14 32 17 33 9 34 5 35 10 36 15 38 3 39 15 40 15 41 12 42 8 43 5 44 9 46 16 47 19 48 11 49 3 50 1 51 4 52 20 54 14 55 19 57 7 58 9 60 14 61 10 62 11 63 5 64 12 65 12 66 2 67 15 68 8 69 8 71 20 72 5 73 4 74 18 75 5 76 1 77 9 78 11 79 9 80 19 81 6 82 8 83 9 85 7 86 4 88 12 89 9 90 9 91 8 92 14 93 1 94 16 6 19 7 20 9 16 11 3 21 5 28 8 45 1 53 14 56 18 59 7 70 7 84 14 87 12
5 0 3 1 18 2 7 3 3 4 18 6 12 7 19 8 4 10 3 11 9 12 17 13 9 14 14 15 12 16 12 17 16 18 10 19 5 20 9 21 7 22 10 23 17 24 10 25 17 27 8 28 1 30 7 31 10 32 4 33 7 34 8 35 20 36 19 38 10 39 11 40 14 41 11 42 8 43 9 44 12 45 1 46 4 47 1 48 20 49 13 50 12 51 3 52 12 53 4 54 1 55 10 56 14 57 13 58 10 59 18 60 6 61 3 62 4 63 8 64 11 65 19 66 12 67 11 68 19 69 5 70 3 71 10 72 3 75 7 77 12 78 6 79 20 80 6 81 11 82 11 83 7 84 6 85 5 86 6 87 3 91 3 92 1 93 10 94 6 9 13 37 6 73 10 74 12 76 10 88 2 89 3 90 18
6 0 11 1 4 2 16 3 14 5 12 4 19 7 4 8 12 9 20 10 11 11 2 12 10 13 16 14 13 15 1 16 18 18 19 19 20 21 15 22 9 23 9 24 11 25 14 26 7 27 15 28 3 29 1 30 8 31 9 32 16 33 15 34 9 35 8 36 1 37 13 39 4 40 11 41 7 42 4 43 9 44 8 45 19 46 11 47 8 48 13 49 14 50 5 51 8 52 10 53 20 54 18 56 4 57 11 58 1 59 10 60 16 62 11 63 3 64 9 65 19 66 12 67 12 68 2 69 10 70 15 71 1 72 11 73 7 74 10 75 1 76 13 77 12 78 6 79 6 80 19 81 5 82 12 83 7 84 20 85 12 86 13 87 2 88 7 89 7 90 14 91 4 92 9 93 19 94 17 17 4 20 10 38 18 55 3 61 2
7 1 9 2 1 3 8 5 19 6 4 0 11 4 20 8 15 9 20 10 7 11 13 13 20 14 15 15 12 16 7 17 14 18 3 19 19 20 20 21 20 22 3 23 7 24 17 25 1 26 20 27 2 29 10 30 6 31 4 35 20 36 9 37 19 38 14 39 17 40 2 42 17 43 16 44 10 46 2 47 16 48 13 49 6 50 10 51 14 52 15 53 9 54 4 55 2 56 19 57 8 58 15 59 15 60 16 61 10 62 3 63 7 64 16 65 18 66 8 67 15 68 8 69 14 70 3 71 14 72 19 73 2 74 9 75 9 76 7 77 11 78 2 80 1 81 14 82 7 83 10 84 17 85 16 86 12 87 20 88 19 89 2 90 11 91 8 92 10 93 3 12 5 32 15 33 16 34 1 41 2 79 20
8 0 17 2 16 3 6 4 13 5 4 6 12 7 15 1 4 9 5 10 14 11 18 12 17 13 4 15 16 16 15 17 12 18 20 19 11 20 16 21 13 22 7 23 2 24 4 25 6 26 13 27 5 28 14 29 7 30 7 32 1 34 5 35 14 36 5 37 3 39 18 41 7 42 18 43 8 44 5 45 11 46 18 47 13 48 10 50 20 51 18 52 14 53 2 54 5 55 5 56 5 57 9 58 16 59 9 60 4 61 20 62 16 63 16 64 7 65 12 66 9 67 14 68 11 69 4 70 4 72 12 73 20 76 19 77 6 78 17 79 19 80 20 82 3 83 19 84 18 85 3 86 12 87 12 88 15 89 14 90 13 92 4 93 13 94 4 14 12 31 20 33 5 38 17 40 9 49 10 71 20 74 4 75 12 81 20 91 4
9 1 11 2 18 3 6 6 20 7 20 8 5 4 16 5 13 10 6 12 4 13 18 14 11 15 10 16 17 17 3 18 6 19 13 20 5 21 14 22 12 24 13 25 6 26 18 27 7 29 10 30 14 31 1 32 18 33 15 34 13 35 3 36 11 37 16 38 15 39 16 40 5 41 8 42 17 43 7 44 10 45 10 46 6 47 19 48 13 49 11 50 8 51 4 52 14 53 11 54 15 55 14 56 7 57 14 58 15 60 2 61 18 62 14 63 15 64 6 65 15 67 16 68 6 70 7 71 3 73 7 74 20 75 2 76 11 77 4 78 8 79 10 80 11 81 2 82 16 83 17 84 8 85 18 86 10 87 9 88 5 89 1 90 2 91 2 92 10 93 14 94 16 11 14 23 18 28 5 59 15 66 5 69 12 72 11
10 0 3 1 17 3 7 4 1 5 3 6 11 7 7 8 14 9 6 2 16 11 11 12 15 13 5 14 19 15 15 16 8 17 4 18 14 19 6 21 4 22 2 23 2 24 13 25 10 26 2 27 4 28 11 29 7 30 10 31 12 32 7 33 16 34 9 35 20 36 6 37 15 39 2 40 17 41 7 42 12 43 16 44 4 45 9 46 16 47 16 48 19 49 7 50 9 51 2 52 9 53 5 54 12 55 18 56 2 57 2 58 19 59 7 60 14 61 20 62 5 63 18 64 15 65 15 67 4 68 16 69 6 71 15 72 19 73 12 74 18 76 3 77 8 78 10 79 15 80 7 81 10 82 6 83 15 84 1 85 19 86 14 87 17 88 10 89 6 90 8 91 3 92 5 93 15 94 19 20 11 38 12 66 12 70 12 75 20
11 0 13 1 16 2 3 3 20 5 9 6 2 7 13 8 18 10 11 4 3 9 14 12 15 13 10 14 13 15 13 16 1 17 20 18 13 19 8 20 8 22 4 23 4 24 17 25 11 26 20 27 16 28 2 29 8 30 5 31 6 32 14 33 20 34 6 35 7 37 9 38 19 40 14 41 8 42 7 43 17 45 5 46 17 47 14 48 18 49 20 50 15 51 5 52 20 53 11 54 8 55 3 56 18 57 4 58 20 59 8 60 16 61 17 63 3 64 14 65 15 66 13 67 2 68 14 69 11 70 4 72 7 73 1 74 19 75 17 76 20 77 20 78 12 79 15 80 6 81 7 82 16 83 14 84 13 85 6 86 12 88 10 89 10 90 9 91 5 92 2 93 14 94 15 21 6 36 2 39 6 44 1 62 15 71 14 87 5
12 0 8 1 3 2 12 3 7 4 8 5 17 6 10 8 17 9 4 10 15 11 15 7 5 13 11 14 3 15 7 16 17 17 9 18 11 20 10 21 11 22 6 23 19 24 16 25 19 26 12 27 15 29 3 30 3 31 3 32 2 33 20 34 16 35 18 36 7 37 4 38 2 39 2 40 8 41 18 43 15 44 8 45 6 46 7 47 6 48 8 50 17 51 14 52 20 53 10 54 4 55 19 56 14 58 15 59 4 60 9 61 11 64 4 65 19 66 19 67 7 68 16 69 12 70 12 71 7 72 13 73 19 74 16 75 19 76 7 77 13 78 2 79 17 80 12 81 9 82 17 83 8 84 17 86 20 87 2 88 8 89 10 90 10 91 20 92 1 94 3 19 20 28 10 42 6 49 8 57 13 62 18 63 11 85 3 93 3
13 0 9 1 4 2 6 3 6 4 20 5 9 6 16 7 20 8 4 9 18 10 5 11 10 12 11 14 9 15 5 16 20 17 7 18 1 19 20 20 3 21 2 22 10 23 2 24 8 25 20 26 15 27 6 28 11 31 10 32 8 33 6 34 4 35 13 36 11 37 14 38 6 39 18 40 14 41 4 42 5 43 15 44 18 45 4 46 14 47 17 48 19 49 3 50 4 51 5 52 12 53 13 55 1 56 12 57 14 58 3 60 12 61 8 62 6 63 8 64 1 65 2 66 12 67 6 68 20 69 4 70 16 71 11 73 17 74 11 75 20 76 7 77 12 78 2 79 13 80 3 81 9 84 16 85 14 86 16 87 18 88 14 89 19 90 3 91 16 92 6 94 5 29 15 30 14 54 12 59 8 72 7 82 12 83 6 93 19
14 0 7 1 2 2 19 4 12 5 14 6 13 7 15 9 11 10 19 11 13 12 3 13 9 3 6 8 12 15 14 16 17 17 5 18 14 19 14 21 15 22 19 24 2 26 6 27 17 28 5 29 3 30 6 31 20 32 9 33 14 34 5 35 7 36 19 37 3 39 4 40 9 41 15 42 9 44 11 45 12 46 18 47 16 48 10 49 11 50 8 51 10 52 20 53 20 54 11 55 10 56 1 57 1 58 10 60 13 61 1 62 20 65 13 66 19 67 12 68 16 69 4 70 3 71 20 72 19 75 14 76 8 77 17 78 9 80 18 81 7 82 1 83 14 84 10 85 2 86 18 87 5 88 17 89 17 90 11 91 7 92 4 93 8 94 18 20 18 23 1 25 18 38 12 43 13 59 13 63 9 64 2 73 8 74 18 79 20
15 0 11 1 11 2 3 4 2 5 12 6 1 7 12 8 16 9 10 10 15 11 13 12 7 13 5 14 14 3 3 16 3 17 20 18 5 19 16 20 16 21 9 22 19 23 3 24 4 26 20 27 16 28 11 29 2 31 20 32 11 33 6 34 1 35 13 36 5 37 4 38 17 39 14 40 18 41 10 42 2 43 3 44 10 45 14 46 10 47 16 48 12 49 1 50 20 51 7 52 9 53 2 54 14 55 13 56 20 57 10 58 7 59 15 60 19 61 11 65 1 66 19 67 7 68 13 69 15 70 18 71 10 73 11 74 7 75 16 76 11 77 11 78 8 79 15 80 19 81 4 82 3 83 18 84 9 86 13 87 14 88 11 89 8 90 12 93 4 25 5 30 13 62 20 63 4 64 18 72 1 85 18 91 3 92 13 94 13
16 0 10 2 9 3 20 4 18 5 12 6 18 7 7 8 15 9 17 10 8 11 1 12 17 13 20 14 17 15 3 1 9 17 5 18 13 19 11 20 18 21 3 22 3 24 1 25 17 28 8 29 3 30 13 33 15 34 4 35 2 36 17 37 7 38 10 39 15 40 19 41 19 42 1 43 4 44 6 45 5 46 20 47 15 50 20 51 16 52 3 53 11 54 17 55 16 56 1 57 3 58 12 59 3 60 10 61 17 63 10 65 6 66 3 67 5 69 7 70 16 71 16 72 19 73 20 74 10 75 17 76 2 77 14 78 19 80 15 81 16 83 14 84 19 86 20 87 7 88 12 89 16 91 1 92 20 93 10 94 9 23 4 26 4 31 11 32 4 48 13 49 13 62 13 64 17 68 12 79 5 82 3 85 11
17 0 5 1 2 2 1 3 11 4 13 5 16 7 14 8 12 9 3 10 4 11 20 12 9 13 7 14 5 15 20 16 5 6 4 18 17 20 13 21 9 22 12 23 19 24 16 25 4 26 11 27 5 28 7 29 2 30 16 31 4 32 18 33 8 34 9 35 2 36 3 37 15 38 1 39 18 40 3 41 20 42 9 43 19 44 13 45 19 46 16 47 6 49 18 50 13 51 4 52 16 53 19 54 6 55 16 57 10 58 17 59 13 60 8 61 15 62 6 63 20 64 3 65 18 66 2 67 19 68 2 70 5 71 5 72 17 75 16 76 17 77 7 78 17 79 6 80 8 81 3 82 19 83 3 84 12 85 15 86 1 87 15 89 12 90 20 91 7 92 20 93 16 94 5 19 4 48 5 56 14 69 9 73 9 74 10 88 16
18 1 17 2 9 3 11 4 4 5 10 6 19 7 3 8 20 9 6 10 14 11 13 12 11 13 1 14 14 15 5 16 13 17 17 19 10 20 14 21 17 22 5 23 4 24 7 25 14 26 20 27 5 28 1 29 13 30 15 31 11 32 8 33 3 34 3 35 14 36 7 37 4 38 20 39 3 41 5 42 8 43 20 45 16 46 16 48 2 49 14 51 20 52 18 53 12 54 4 55 1 57 8 58 19 59 18 60 4 61 20 62 18 63 16 64 2 65 2 66 14 67 15 68 12 69 12 70 20 71 9 72 9 73 11 74 20 75 12 76 9 77 2 79 11 81 15 82 10 83 2 84 10 85 17 86 7 87 13 88 2 89 6 91 17 92 4 93 3 94 2 40 4 44 1 47 13 50 12 78 12 80 19
19 0 8 1 3 2 7 3 5 4 2 5 5 6 20 7 19 8 11 9 13 10 6 11 8 13 20 14 14 15 16 16 11 18 10 12 20 17 4 21 16 22 17 23 15 24 9 26 20 27 19 28 6 29 11 30 7 31 8 32 12 33 18 34 7 35 6 36 10 37 1 38 17 39 20 40 16 41 11 42 7 43 5 45 1 46 14 47 3 48 3 50 11 51 6 52 20 53 13 54 19 55 4 56 20 57 9 58 14 59 6 62 9 63 5 64 6 65 4 66 5 67 11 68 6 69 3 70 9 71 19 72 1 74 10 75 7 76 10 77 12 78 14 79 3 80 11 81 18 82 17 84 8 85 7 86 13 87 1 88 20 89 8 90 9 91 6 92 6 93 12 94 18 20 19 25 9 44 16 49 18 60 1 61 2 73 4
20 0 6 1 19 2 17 4 6 5 9 7 20 8 16 9 5 11 8 12 10 13 3 15 16 16 18 17 13 18 14 3 1 6 10 10 11 14 18 19 19 21 5 22 14 23 5 24 1 25 9 26 18 29 9 30 16 31 3 32 4 34 17 35 4 36 14 37 19 38 2 39 11 40 17 41 9 42 5 43 6 44 12 45 11 46 4 47 7 48 8 49 3 50 5 51 4 52 13 53 15 54 7 55 17 56 1 57 11 58 4 59 10 60 13 62 2 64 12 65 3 66 14 67 7 68 15 69 3 70 20 71 14 72 10 73 16 75 6 76 10 77 10 78 7 79 5 80 15 81 1 82 8 83 12 84 8 85 4 86 6 87 19 88 20 89 17 90 3 91 1 92 9 94 11 27 14 28 11 33 14 61 15 63 10 74 18
21 0 4 1 11 2 9 3 6 5 7 6 15 7 20 8 13 9 14 10 4 12 11 13 2 14 15 15 9 16 3 17 9 18 17 19 16 20 5 4 5 11 6 22 4 23 20 25 6 26 3 27 12 28 20 30 11 31 8 32 2 33 2 34 8 35 10 36 9 37 1 38 12 39 19 40 18 41 6 42 18 43 5 45 17 46 3 47 2 48 15 49 7 50 16 51 10 52 9 53 15 54 5 55 19 56 1 57 15 58 7 59 6 60 3 61 13 62 5 63 14 64 14 65 17 66 14 67 12 68 16 69 4 73 7 75 5 76 5 77 7 78 8 79 8 80 7 81 14 82 1 83 18 84 3 85 14 86 1 87 7 89 7 90 6 91 1 92 1 93 6 94 11 24 9 29 19 70 15 72 10 74 9 88 6
22 0 15 1 12 3 17 4 12 5 10 6 9 7 3 8 7 9 12 10 2 11 4 12 6 13 10 14 19 15 19 16 3 17 12 18 5 19 17 20 14 21 4 2 13 23 14 24 16 26 12 27 9 28 5 30 9 31 16 32 6 33 1 34 20 36 3 37 19 39 15 40 15 41 8 42 8 43 9 44 18 45 18 47 17 48 4 49 14 50 6 51 13 53 7 55 14 56 12 57 18 58 13 59 19 60 1 61 15 62 13 63 11 64 7 65 20 67 12 69 6 70 19 71 15 72 12 73 7 74 1 75 6 76 20 77 2 78 19 79 17 80 2 81 5 82 17 83 16 84 13 85 3 86 19 87 12 88 9 89 18 90 4 91 17 93 12 94 2 25 4 29 6 38 15 46 13 52 8 54 6 68 13 92 11
23 0 3 1 15 2 6 3 14 4 16 5 17 6 9 7 7 8 2 10 2 11 4 12 19 13 2 15 3 17 19 18 4 19 15 20 5 21 20 22 14 9 18 14 1 16 4 24 6 25 19 26 15 27 17 28 12 30 5 32 19 33 17 34 17 35 14 36 17 37 17 38 8 40 20 41 17 42 9 43 15 45 19 46 4 47 15 48 16 49 16 50 3 51 1 52 1 53 14 54 16 56 15 57 4 58 20 59 15 60 15 61 5 63 4 64 18 65 15 66 6 67 18 68 7 69 10 70 17 71 13 72 18 73 19 74 9 76 19 77 7 78 10 79 15 80 2 81 5 82 19 84 9 85 3 86 11 87 7 88 11 89 9 91 19 92 7 93 11 94 20 29 11 31 7 39 3 44 15 62 2 75 9 83 20 90 4
24 0 6 1 14 2 13 3 8 4 5 5 10 6 11 7 17 8 4 9 13 10 13 11 17 12 16 13 8 14 2 15 4 16 1 17 16 18 7 19 9 20 1 22 16 23 6 21 9 25 7 26 10 27 1 28 18 29 10 30 8 31 12 32 17 33 12 35 17 36 2 38 2 39 10 40 8 41 11 42 20 43 20 44 17 45 9 46 3 47 15 48 19 49 5 50 15 51 3 53 13 54 13 55 10 56 3 58 17 59 13 60 8 61 8 63 3 64 12 65 2 66 15 68 19 69 9 70 7 71 10 72 2 73 4 74 4 75 11 76 16 78 4 79 18 80 14 81 19 82 2 83 8 87 3 88 10 89 15 90 17 91 16 92 2 93 16 94 6 34 7 37 17 57 18 62 16 67 16 77 10 84 18 85 6 86 20
25 0 17 1 15 2 13 3 7 4 4 5 17 6 14 7 1 8 6 9 6 10 10 11 11 12 19 13 20 16 17 17 4 18 14 20 9 21 6 23 19 24 7 14 18 15 5 19 9 22 4 26 16 27 12 28 20 30 4 31 1 32 18 34 8 35 14 36 18 37 16 38 14 39 12 40 10 41 17 42 13 43 20 44 3 45 18 46 5 48 11 49 7 50 19 51 11 52 12 53 14 54 12 55 16 56 16 58 14 60 19 61 18 62 4 64 1 66 11 67 12 68 11 69 20 71 15 72 3 73 12 74 6 75 20 76 12 77 15 78 10 79 6 80 19 81 19 82 2 83 13 84 18 85 1 86 6 87 4 88 17 89 15 90 20 91 20 92 6 93 17 94 17 29 17 33 15 47 6 57 20 59 12 63 15 65 14 70 1
26 0 4 1 10 2 5 3 16 4 15 6 7 7 20 8 13 9 18 10 2 11 20 12 12 13 15 14 6 15 20 17 11 18 20 19 20 20 18 21 3 22 12 23 15 24 10 25 16 16 4 27 1 28 2 29 7 30 17 31 3 32 12 33 8 35 5 36 4 37 1 38 9 39 10 40 18 41 10 42 15 43 20 44 15 45 10 46 8 47 10 48 13 50 17 51 2 52 17 53 11 54 13 55 12 57 13 58 5 59 9 60 15 61 3 62 1 63 6 64 20 65 15 66 2 72 19 73 1 74 6 75 19 76 20 77 2 78 1 79 4 80 19 81 11 82 16 83 3 84 8 85 6 86 7 87 16 88 18 89 1 91 3 92 16 93 19 94 19 34 8 49 6 56 12 68 13 69 14 71 15 90 5
27 0 10 1 13 2 9 3 4 4 5 5 8 6 15 7 2 8 5 9 7 10 4 11 16 12 15 13 6 14 17 15 16 17 5 18 5 19 19 21 12 22 9 23 17 24 1 25 12 26 1 20 14 28 11 29 13 30 2 31 17 32 11 36 20 37 10 39 14 40 11 41 3 42 14 43 7 44 12 45 19 46 5 47 7 48 5 49 17 50 18 52 20 53 9 54 14 55 11 56 6 57 16 58 9 60 4 61 10 62 7 63 16 64 13 65 15 66 16 67 9 68 6 69 4 70 3 72 18 73 15 74 10 75 19 76 16 77 9 78 6 79 2 81 18 82 17 83 6 84 6 85 12 86 19 87 1 88 8 89 1 90 6 91 12 92 5 93 18 94 5 33 4 34 1 35 8 38 2 51 4 59 10 71 1 80 12
28 0 6 1 4 2 17 5 1 6 3 8 14 10 11 11 2 13 11 14 5 15 11 16 8 17 7 18 1 19 6 21 20 22 5 23 12 24 18 25 20 26 2 27 11 3 17 4 8 9 5 12 10 20 11 29 5 30 18 31 8 32 9 33 9 34 1 35 6 36 14 37 13 38 5 40 18 41 17 42 17 43 2 44 17 45 10 46 10 47 6 48 17 49 13 50 14 51 18 52 12 53 14 54 19 55 12 56 14 57 1 58 10 59 12 60 15 61 7 62 14 64 11 65 7 66 3 67 7 69 15 70 20 71 13 72 1 73 14 74 15 76 17 77 14 78 2 79 1 80 1 81 18 82 10 83 6 84 12 85 17 88 17 89 12 90 11 91 9 92 2 93 17 94 17 39 3 63 9 68 7 75 10 86 1 87 17
29 0 10 1 9 2 4 4 15 6 1 7 10 8 7 9 10 10 7 11 8 12 3 14 3 15 2 16 3 17 2 18 13 19 11 20 9 24 10 26 7 27 13 28 5 3 17 13 15 21 19 22 6 23 11 25 17 30 9 31 10 32 17 33 6 34 11 35 8 36 19 37 10 38 7 39 2 40 8 41 11 42 8 43 12 44 7 45 6 46 15 47 6 48 10 49 20 51 3 53 10 54 16 55 14 56 5 57 19 58 7 59 5 60 15 61 8 62 8 63 16 65 16 67 8 68 11 69 10 71 11 72 17 73 6 74 7 75 10 76 16 77 17 78 5 79 7 80 15 81 9 82 9 83 14 84 13 85 15 86 3 87 20 88 6 89 18 90 1 91 11 92 15 93 20 94 2 50 2 52 5 64 19 66 13 70 3
30 0 6 1 12 3 8 4 13 5 7 6 8 7 6 8 7 9 14 10 10 11 5 12 3 14 6 16 13 17 16 18 15 19 7 20 16 21 11 22 9 23 5 24 8 25 4 26 17 27 2 28 18 29 9 13 14 15 13 31 12 32 1 33 6 35 18 36 9 37 8 38 5 39 11 40 14 41 7 42 8 43 8 44 11 45 19 46 17 48 14 49 14 50 3 51 9 52 10 54 14 55 14 56 8 57 2 59 1 60 19 61 12 62 8 63 3 64 4 65 7 66 12 67 4 68 13 69 12 70 2 71 20 72 13 73 7 74 19 76 18 77 11 78 15 79 17 80 20 81 13 82 8 83 14 84 8 85 12 86 10 87 10 89 17 90 18 91 15 92 8 93 9 94 7 34 20 47 8 53 18 58 2 75 10 88 5
31 0 10 1 6 2 12 3 6 4 14 5 10 6 9 7 4 9 1 10 12 11 6 12 3 13 10 14 20 15 20 17 4 18 11 19 8 20 3 21 8 22 16 24 12 25 1 26 3 27 17 28 8 29 10 30 12 8 20 16 11 23 7 32 9 33 4 35 8 36 8 37 7 38 3 41 10 42 4 43 1 44 15 45 3 46 16 47 14 48 15 49 19 50 8 51 20 52 15 54 4 55 18 56 15 57 15 58 12 59 16 60 9 61 5 62 2 63 7 64 4 65 11 66 20 67 16 68 18 69 7 70 15 71 6 72 18 73 19 74 9 76 6 79 3 80 18 81 1 83 16 84 5 85 2 86 20 87 3 88 15 89 1 90 1 92 16 93 6 94 6 34 8 39 19 53 18 75 5 78 18 82 5 91 10
32 0 20 1 18 2 15 4 17 5 4 6 16 8 1 9 18 10 7 11 14 12 2 13 8 14 9 15 11 17 18 18 8 19 12 20 4 21 2 22 6 23 19 24 17 25 18 26 12 27 11 28 9 29 17 30 1 31 9 3 9 7 15 16 4 33 10 34 9 35 3 36 15 38 8 39 15 40 4 41 17 42 6 43 14 44 5 45 1 46 14 47 13 48 2 49 3 50 20 51 1 52 15 53 19 54 13 55 16 56 6 57 18 58 5 59 10 60 4 61 11 62 7 63 20 64 16 65 18 67 17 68 20 69 8 70 15 71 19 72 15 73 1 74 16 75 9 76 3 77 17 78 17 79 4 80 4 81 3 82 2 83 2 84 14 85 3 86 1 87 20 88 11 89 11 90 3 91 17 92 1 93 1 94 7 37 15 66 12
33 0 11 1 8 2 17 3 2 4 9 5 7 6 15 9 15 10 16 11 20 12 20 13 6 14 14 15 6 16 15 17 8 18 3 19 18 21 2 22 1 23 17 24 12 26 8 28 9 29 6 30 6 31 4 32 10 7 16 8 5 20 14 25 15 27 4 34 10 36 12 37 15 38 12 39 18 40 17 41 5 43 18 48 4 49 17 50 8 51 13 52 18 53 3 54 14 57 17 58 4 59 9 60 10 61 15 62 19 63 14 64 14 67 10 68 2 70 13 71 20 72 2 73 15 74 18 76 6 77 6 78 7 79 11 80 2 81 11 82 11 83 1 84 14 85 18 86 10 87 12 88 7 89 4 90 20 91 3 92 6 93 12 94 8 35 9 42 12 44 14 45 8 46 4 47 2 55 13 56 20 65 10 66 1 69 14 75 16
34 0 14 1 16 2 8 3 6 4 5 5 8 6 9 8 5 9 13 10 9 11 6 12 16 13 4 14 5 15 1 16 4 17 9 18 3 19 7 20 17 21 8 22 20 23 17 25 8 28 1 29 11 32 9 33 10 7 1 24 7 26 8 27 1 30 20 31 8 35 9 36 3 37 16 38 4 39 5 41 15 43 1 44 1 45 2 46 7 47 6 48 9 49 11 52 18 53 20 54 14 55 6 56 8 57 6 58 18 59 7 60 10 61 9 62 5 63 16 64 5 66 17 68 18 69 5 70 9 71 7 72 1 73 2 74 15 75 18 76 9 77 12 78 16 79 18 80 16 81 5 82 19 83 7 84 17 85 9 86 3 87 12 88 12 89 10 90 10 91 6 92 3 93 11 94 13 40 8 42 8 50 18 65 13 67 8
35 0 19 1 15 2 9 3 6 4 10 5 20 6 8 7 20 8 14 9 3 10 20 11 7 12 18 13 13 14 7 15 13 16 2 17 2 18 14 19 6 20 4 21 10 23 14 24 17 25 14 26 5 28 6 29 8 30 18 31 8 32 3 34 9 27 8 33 9 36 1 37 6 38 8 39 15 40 14 41 10 43 16 45 8 46 10 47 9 48 4 49 12 50 17 51 12 52 16 54 20 55 1 56 20 57 8 58 11 59 13 60 19 61 20 62 3 63 10 64 10 65 17 66 20 67 17 69 4 70 15 71 14 72 16 73 4 74 11 75 6 76 4 77 16 78 3 79 12 80 11 81 9 82 3 83 16 84 2 85 12 86 8 87 20 88 7 89 10 90 18 91 15 92 3 93 1 94 4 42 14 44 17 53 17
36 1 17 2 13 3 13 4 15 5 19 6 1 7 9 8 5 9 11 10 6 12 7 13 11 14 19 15 5 16 17 17 3 18 7 19 10 20 14 21 9 22 3 23 17 24 2 25 18 26 4 27 20 28 14 29 19 30 9 31 8 32 15 33 12 34 3 35 1 0 12 11 2 37 9 38 4 39 13 40 20 41 13 42 7 43 10 44 14 45 14 46 3 48 20 49 1 50 9 51 14 52 3 53 17 55 15 57 20 60 2 61 17 63 3 64 13 65 12 66 13 67 2 68 16 69 12 70 6 71 3 72 12 73 16 74 14 75 11 76 8 77 7 78 14 79 1 80 7 81 17 82 9 83 15 84 13 87 11 88 5 89 10 90 16 91 14 92 4 93 15 94 17 47 12 54 13 56 14 58 13 59 6 62 11 85 1 86 7
37 0 3 1 6 2 17 3 5 6 13 7 19 8 3 9 16 10 15 11 9 12 4 13 14 14 3 15 4 16 7 17 15 18 4 19 1 20 19 21 1 22 19 23 17 25 16 26 1 27 10 28 13 29 10 30 8 31 7 33 15 34 16 35 6 36 9 5 6 24 17 32 15 38 15 39 5 40 8 41 8 42 13 43 15 45 12 46 18 47 7 49 13 50 4 51 9 52 4 53 11 54 12 55 10 57 19 58 10 60 2 61 16 62 1 63 13 64 4 65 16 66 14 67 7 68 7 69 9 70 1 71 19 73 2 74 4 75 8 76 16 77 13 78 16 79 1 80 13 81 19 82 2 83 19 84 19 86 2 87 1 88 7 89 18 90 13 91 10 92 6 93 7 94 18 44 3 48 8 56 14 59 1 72 11 85 19
38 0 16 1 16 2 18 3 9 4 3 5 10 7 14 9 15 11 19 12 2 13 6 15 17 16 10 17 1 18 20 19 17 20 2 21 12 23 8 24 2 25 14 26 9 28 5 29 7 30 5 31 3 32 8 33 12 34 4 35 8 36 4 37 15 6 18 8 17 10 12 14 12 22 15 27 2 39 17 40 17 41 1 43 11 44 19 45 9 46 3 47 12 48 4 49 20 50 19 51 14 52 5 53 16 54 16 55 4 56 1 57 11 58 11 59 16 60 18 61 1 62 7 63 11 64 12 65 9 66 10 67 12 68 6 69 6 72 2 73 16 74 16 75 2 76 1 77 13 78 19 79 2 80 17 82 3 83 18 84 14 85 14 86 1 87 5 88 13 89 9 90 8 91 9 92 5 94 7 71 11 81 8 93 19
39 0 2 2 8 4 15 5 11 6 4 7 17 8 18 9 16 10 2 12 2 13 18 14 4 15 14 16 15 17 18 18 3 19 20 20 11 21 19 22 15 24 10 25 12 26 10 27 14 29 2 30 11 32 15 33 18 34 5 35 15 36 13 37 5 38 17 1 19 3 18 11 6 23 3 28 3 31 19 40 6 41 1 43 4 44 7 45 17 46 15 47 14 48 1 49 12 50 9 51 6 52 8 53 19 54 17 55 9 57 19 58 5 59 12 60 20 61 11 62 1 63 2 64 5 65 17 66 15 67 18 68 4 69 15 70 15 71 10 72 8 73 5 74 14 75 20 76 10 77 17 78 12 79 12 80 6 81 15 82 4 83 8 84 7 85 12 86 20 87 14 88 20 89 15 90 5 91 6 92 7 93 18 94 7 42 3 56 7
40 0 15 1 11 2 11 3 6 4 15 5 14 6 11 7 2 9 5 10 17 11 14 12 8 13 14 14 9 15 18 16 19 17 3 19 16 20 17 21 18 22 15 23 20 24 8 25 10 26 18 27 11 28 18 29 8 30 14 32 4 33 17 35 14 36 20 37 8 38 17 39 6 8 9 18 4 34 8 41 16 43 18 44 16 46 3 47 13 48 9 49 9 50 13 51 3 52 15 53 18 54 5 55 17 56 14 58 11 59 14 60 8 61 13 62 12 63 19 65 12 66 18 67 1 68 14 69 6 70 7 72 9 73 11 74 3 75 16 76 2 77 2 78 7 79 16 80 19 81 15 82 10 83 1 84 19 85 1 86 6 87 5 88 4 89 3 90 10 91 20 92 2 93 19 94 7 42 12 57 3 64 14 71 20
41 0 17 1 20 2 7 4 12 5 11 6 7 8 7 9 8 10 7 11 8 12 18 13 4 14 15 15 10 16 19 17 20 18 5 19 11 20 9 21 6 22 8 23 17 24 11 25 17 26 10 27 3 28 17 29 11 30 7 31 10 32 17 33 5 34 15 35 10 36 13 37 8 38 1 39 1 40 16 3 11 7 2 42 12 43 12 44 16 46 4 47 12 48 4 49 4 50 3 51 14 52 10 53 13 54 8 55 9 56 8 58 20 59 15 60 12 61 2 62 17 63 2 64 3 65 17 66 7 67 10 68 13 69 20 70 6 71 16 72 13 73 5 74 4 75 3 76 16 77 3 79 17 82 7 83 19 84 8 85 20 86 18 87 5 88 5 89 10 90 5 91 5 92 7 93 12 94 7 45 19 57 19 78 13 81 1
42 1 2 3 13 4 8 5 8 6 4 7 17 8 18 9 17 10 12 11 7 13 5 14 9 15 2 16 1 17 9 18 8 19 7 20 5 21 18 22 8 23 9 24 20 25 13 26 15 27 14 28 17 29 8 30 8 31 4 32 6 36 7 37 13 41 12 0 10 2 9 12 6 33 12 34 8 35 14 39 3 40 12 43 19 45 2 46 9 47 8 48 10 49 11 50 12 51 11 52 19 53 12 57 20 58 19 59 1 60 10 61 16 62 14 63 10 64 20 65 10 66 16 67 16 68 12 69 6 70 2 71 19 72 16 75 5 77 5 78 13 79 4 80 10 82 8 83 10 84 6 85 18 87 11 88 2 89 17 90 18 91 16 92 12 94 14 44 19 54 15 55 4 56 2 73 13 74 16 76 17 81 5 86 4
43 0 15 1 10 2 16 3 12 4 5 5 9 6 9 7 16 8 8 9 7 10 16 11 17 12 15 13 15 15 3 16 4 17 19 18 20 19 5 20 6 21 5 22 9 23 15 24 20 25 20 26 20 27 7 28 2 29 12 30 8 31 1 32 14 33 18 34 1 35 16 36 10 37 15 38 11 39 4 40 18 41 12 42 19 14 13 44 6 45 1 46 11 47 20 48 9 49 7 50 7 52 9 53 3 54 14 55 12 56 5 57 14 58 1 59 12 60 1 61 3 62 16 63 17 64 12 65 15 66 7 67 7 68 18 69 10 70 9 71 11 72 8 73 8 75 12 76 9 77 14 78 10 79 2 80 8 81 18 82 14 84 7 85 13 86 13 87 7 88 6 89 19 90 18 91 6 92 12 93 1 94 14 51 11 74 2 83 16
44 0 2 1 3 2 18 3 2 4 9 5 12 6 8 7 10 8 5 9 10 10 4 12 8 13 18 14 11 15 10 16 6 17 13 20 12 22 18 24 17 25 3 26 15 27 12 28 17 29 7 30 11 31 15 32 5 34 1 36 14 38 19 39 7 40 16 41 16 43 6 11 1 18 1 19 16 23 15 33 14 35 17 37 3 42 19 45 19 46 18 47 4 48 6 49 18 50 15 51 10 52 3 53 16 54 14 55 18 56 1 57 20 58 15 59 6 60 18 61 3 62 8 63 15 64 15 65 18 66 1 67 20 68 11 69 4 70 12 71 18 72 14 74 6 75 14 76 18 77 11 78 14 79 3 80 12 81 6 82 7 83 17 84 16 85 12 86 7 88 17 89 16 90 13 91 3 92 16 93 12 94 10 73 7 87 11
45 0 20 1 20 5 1 6 19 8 11 9 10 10 9 11 5 12 6 13 4 14 12 15 14 16 5 17 19 18 16 19 1 20 11 21 17 22 18 23 19 24 9 25 18 26 10 27 19 28 10 29 6 30 19 31 3 32 1 34 2 35 8 36 14 37 12 38 9 39 17 42 2 43 1 44 19 2 12 3 13 4 1 33 8 41 19 46 3 47 20 48 10 49 4 52 3 53 5 54 9 55 8 56 3 57 20 58 11 59 3 60 18 61 5 62 4 63 18 64 9 65 6 66 6 67 20 68 3 69 20 70 9 71 4 72 12 73 12 75 9 76 9 77 9 78 20 80 16 81 8 82 3 83 9 84 19 85 2 86 16 87 12 88 12 89 16 90 16 91 4 92 19 93 14 94 18 50 11 51 13 79 14
46 0 17 1 11 2 6 3 4 4 16 5 4 6 11 7 2 8 18 9 6 10 16 11 17 12 7 13 14 14 18 15 10 16 20 17 16 18 16 19 14 20 4 21 3 23 4 24 3 25 5 26 8 27 5 28 10 29 15 30 17 31 16 32 14 34 7 35 10 36 3 37 18 38 3 39 15 40 3 41 4 42 9 43 11 44 18 45 3 22 13 33 4 48 19 49 19 50 7 51 9 52 12 53 16 54 6 55 3 56 12 59 7 60 20 62 13 63 4 65 6 66 14 67 10 68 18 69 16 70 8 71 18 72 2 73 16 74 13 75 4 76 7 77 19 78 12 79 14 80 17 81 3 83 14 85 9 86 7 87 5 88 12 89 13 90 2 91 15 92 12 93 6 94 4 47 16 57 7 58 5 64 12 82 3
47 0 15 1 3 2 19 3 4 4 19 5 1 6 8 7 16 8 13 9 19 10 16 11 14 12 6 13 17 14 16 15 16 16 15 17 6 19 3 20 7 21 2 22 17 23 15 24 15 26 10 27 7 28 6 29 6 31 14 32 13 34 6 35 9 37 7 38 12 39 14 40 13 41 12 42 8 43 20 44 4 45 20 18 13 25 6 30 8 33 2 36 12 46 16 48 8 49 6 50 3 51 20 52 15 53 7 54 1 55 3 56 1 57 3 58 18 59 2 60 2 61 15 62 2 64 17 65 12 66 19 68 17 69 1 70 12 71 4 72 12 73 14 74 3 75 13 76 15 77 18 79 16 80 17 81 20 82 20 83 12 84 12 86 6 87 15 88 2 89 20 90 15 91 11 92 6 93 17 94 4 63 9 67 10 78 6 85 13
48 1 11 2 16 4 11 5 20 6 13 7 13 8 10 9 13 10 19 11 18 12 8 13 19 14 10 15 12 18 2 19 3 20 8 21 15 22 4 23 16 24 19 25 11 26 13 27 5 28 17 29 10 30 14 31 15 32 2 33 4 34 9 35 4 36 20 38 4 39 1 40 9 41 4 42 10 43 9 44 6 45 10 46 19 47 8 3 12 16 13 17 5 37 8 49 2 50 5 51 7 52 13 53 16 54 20 55 10 56 16 57 13 58 16 59 8 60 19 61 12 62 20 65 13 66 18 67 19 68 8 69 12 70 13 71 9 72 15 73 1 75 12 76 2 77 4 78 19 79 3 80 20 81 10 82 11 83 18 84 1 85 3 86 16 87 14 88 17 89 4 90 12 91 3 92 12 93 1 94 12 63 20 64 1 74 9
49 0 11 1 1 2 10 3 18 4 3 5 13 6 14 7 6 9 11 10 7 11 20 13 3 14 11 15 1 17 18 18 14 20 3 21 7 22 14 23 16 24 5 25 7 27 17 28 13 29 20 30 14 31 19 32 3 33 17 34 11 35 12 36 1 37 13 38 20 39 12 40 9 41 4 42 11 43 7 44 18 45 4 46 19 47 6 48 2 8 10 12 8 16 13 19 18 26 6 50 2 51 3 52 11 53 6 54 10 55 20 56 12 57 14 58 11 59 14 60 16 61 8 62 12 63 12 64 18 65 9 66 12 67 4 68 13 69 20 70 5 71 1 72 13 73 2 74 17 75 7 77 13 78 18 79 18 80 5 82 7 83 5 84 2 85 6 86 10 87 17 90 6 91 5 92 8 94 8 76 9 81 10 88 20 89 2 93 11
50 0 14 1 16 2 16 3 19 4 1 5 12 6 5 7 10 8 20 9 8 10 9 11 15 12 17 13 4 14 8 15 20 16 20 17 13 19 11 20 5 21 16 22 6 23 3 24 15 25 19 26 17 27 18 28 14 30 3 31 8 32 20 33 8 35 17 36 9 37 4 38 19 39 9 40 13 41 3 42 12 43 7 44 15 46 7 47 3 48 5 49 2 18 12 29 2 34 18 45 11 52 19 53 16 54 15 55 2 56 1 57 18 58 17 59 5 60 18 63 3 64 11 65 18 66 19 67 1 68 7 69 13 70 20 72 2 73 15 74 14 75 18 76 13 77 6 78 9 80 4 81 3 82 15 83 15 84 6 85 19 86 1 87 3 88 20 89 8 90 1 91 2 92 6 93 12 94 17 61 17 62 12 71 6 79 10
51 0 18 1 17 2 16 3 20 4 4 5 3 6 8 7 14 8 18 9 4 10 2 11 5 12 14 13 5 14 10 15 7 16 16 17 4 18 20 19 6 20 4 21 10 22 13 23 1 24 3 25 11 26 2 28 18 29 3 30 9 31 20 32 1 33 13 35 12 36 14 37 9 38 14 39 6 40 3 41 14 42 11 44 10 46 9 47 20 48 7 49 3 27 4 43 11 45 13 52 18 53 13 54 20 55 1 56 2 57 4 58 1 59 2 60 3 61 15 62 7 63 8 65 9 66 19 67 3 68 9 69 8 70 8 71 15 72 10 73 11 74 2 75 18 76 6 77 1 78 7 79 10 80 17 81 6 82 13 84 3 85 2 86 20 87 4 88 19 90 15 91 19 92 18 93 7 94 4 64 18 83 13
52 1 3 2 18 3 16 4 20 5 12 6 10 7 15 8 14 9 14 10 9 11 20 12 20 13 12 14 20 15 9 16 3 17 16 18 18 19 20 20 13 21 9 23 1 25 12 26 17 27 20 28 12 30 10 31 15 32 15 33 18 34 18 35 16 36 3 37 4 38 5 39 8 40 15 41 10 42 19 43 9 44 3 45 3 46 12 47 15 48 13 49 11 50 19 51 18 0 20 22 8 29 5 53 19 54 4 55 9 56 9 57 9 58 15 59 10 60 6 61 10 62 5 63 3 64 18 65 2 66 9 67 7 68 2 69 4 71 9 72 14 73 14 74 9 75 11 76 18 77 5 78 18 79 2 81 13 82 3 83 10 85 2 86 8 87 11 88 16 89 19 90 19 91 2 92 15 93 6 94 19 70 16 80 1 84 6
53 0 4 1 2 2 13 3 6 5 4 6 20 7 9 8 2 9 11 10 5 11 11 12 10 13 13 14 20 15 2 16 11 17 19 18 12 19 13 20 15 21 15 22 7 23 14 24 13 25 14 26 11 27 9 28 14 29 10 32 19 33 3 34 20 36 17 37 11 38 16 39 19 40 18 41 13 42 12 43 3 44 16 45 5 46 16 47 7 48 16 49 6 50 16 51 13 52 19 4 14 30 18 31 18 35 17 54 20 55 3 56 5 57 12 58 11 60 1 61 12 62 16 63 5 64 2 65 17 66 2 67 13 68 5 69 13 70 12 71 15 72 13 73 6 74 8 75 11 76 5 77 15 78 14 79 5 80 10 81 14 82 3 83 20 84 8 85 15 86 1 87 9 88 4 89 5 90 6 91 18 92 10 93 19 94 14
54 0 17 1 16 2 1 4 14 5 1 6 18 7 4 8 5 9 15 10 12 11 8 12 4 14 11 15 14 16 17 17 6 18 4 19 19 20 7 21 5 23 16 24 13 25 12 26 13 27 14 28 19 29 16 30 14 31 4 32 13 33 14 34 14 35 20 37 12 38 16 39 17 40 5 41 8 43 14 44 14 45 9 46 6 47 1 48 20 49 10 50 15 51 20 52 4 53 20 3 18 13 12 22 6 36 13 42 15 55 18 56 18 57 16 58 15 59 1 60 12 61 10 62 2 64 14 65 8 66 1 67 13 68 15 69 6 70 2 71 7 72 19 74 15 75 13 76 3 77 8 78 16 79 20 80 4 81 2 82 10 83 17 84 1 85 20 86 9 87 7 88 9 89 15 90 16 91 17 92 9 93 4 94 3 63 8 73 9
55 0 5 1 15 2 10 3 12 4 19 5 10 7 2 8 5 9 14 10 18 11 3 12 19 13 1 14 10 15 13 16 16 17 16 18 1 19 4 20 17 21 19 22 14 24 10 25 16 26 12 27 11 28 12 29 14 30 14 31 18 32 16 34 6 35 1 36 15 37 10 38 4 39 9 40 17 41 9 43 12 44 18 45 8 46 3 47 3 48 10 49 20 50 2 51 1 52 9 53 3 54 18 6 3 33 13 42 4 56 9 57 13 58 19 60 17 61 19 62 6 63 16 64 5 65 8 66 3 67 3 68 17 69 13 70 2 71 15 72 4 73 17 74 7 76 11 77 11 78 19 79 16 82 12 83 16 84 9 85 9 86 4 87 7 88 3 89 19 90 7 92 4 94 18 59 17 75 19 80 14 81 15 91 11 93 6
56 0 16 1 2 2 5 3 20 5 14 6 4 7 19 8 5 9 7 10 2 11 18 12 14 13 12 14 1 15 20 16 1 19 20 20 1 21 1 22 12 23 15 24 3 25 16 27 6 28 14 29 5 30 8 31 15 32 6 34 8 35 20 38 1 40 14 41 8 43 5 44 1 45 3 46 12 47 1 48 16 49 12 50 1 51 2 52 9 53 5 54 18 55 9 4 18 17 14 26 12 33 20 36 14 37 14 39 7 42 2 57 2 58 5 59 10 60 20 61 12 62 12 63 5 66 3 67 10 68 15 69 18 70 15 71 13 72 11 73 11 74 18 76 18 78 10 80 17 81 4 82 17 83 17 84 1 85 4 86 8 87 11 88 6 89 10 90 8 91 11 92 10 93 15 94 8 64 14 65 3 75 15 77 9 79 3
57 0 2 1 15 3 15 4 7 5 13 6 11 7 8 8 9 9 14 10 2 11 4 13 14 14 1 15 10 16 3 17 10 18 8 19 9 20 11 21 15 22 18 23 4 26 13 27 16 28 1 29 19 30 2 31 15 32 18 33 17 34 6 35 8 36 20 37 19 38 11 39 19 42 20 43 14 44 20 45 20 47 3 48 13 49 14 50 18 51 4 52 9 53 12 54 16 55 13 56 2 2 7 12 13 24 18 25 20 40 3 41 19 46 7 58 13 60 3 61 2 62 17 64 17 65 12 66 17 68 13 69 5 70 5 71 17 72 10 73 8 74 11 75 7 76 17 77 12 78 9 79 6 80 17 81 10 82 14 84 7 85 3 86 7 87 17 89 19 90 8 91 18 92 19 93 16 94 7 59 16 67 15 83 19 88 8
58 0 9 1 7 2 4 3 4 4 9 5 10 6 1 7 15 8 16 9 15 10 19 11 20 12 15 13 3 14 10 15 7 16 12 17 17 18 19 19 14 20 4 21 7 22 13 23 20 24 17 25 14 26 5 27 9 28 10 29 7 31 12 32 5 33 4 34 18 35 11 37 10 38 11 39 5 40 11 41 20 42 19 43 1 44 15 45 11 47 18 48 16 49 11 50 17 51 1 52 15 53 11 54 15 55 19 56 5 57 13 30 2 36 13 46 5 59 6 60 2 61 7 62 5 63 9 64 17 65 6 66 18 67 2 68 7 69 3 71 18 72 9 73 11 74 9 75 17 76 19 77 20 79 13 80 15 81 3 82 17 84 13 85 17 86 3 87 8 88 9 90 11 91 5 92 9 93 13 94 19 70 4 78 19 83 2 89 14
59 0 13 1 12 2 17 3 7 5 18 6 10 7 15 8 9 10 7 11 8 12 4 15 15 16 3 17 13 18 18 19 6 20 10 21 6 22 19 23 15 24 13 26 9 28 12 29 5 30 1 31 16 32 10 33 9 34 7 35 13 38 16 39 12 40 14 41 15 42 1 43 12 44 6 45 3 46 7 47 2 48 8 49 14 50 5 51 2 52 10 54 1 56 10 58 6 4 7 9 15 13 8 14 13 25 12 27 10 36 6 37 1 55 17 57 16 60 16 61 7 62 4 63 7 64 1 65 7 66 5 67 13 68 3 69 14 70 14 71 1 72 6 73 19 74 4 75 11 76 10 77 3 78 3 79 18 80 1 81 9 82 9 83 16 84 3 85 13 88 17 89 4 90 3 91 16 92 6 93 11 94 14 86 7 87 2
60 0 1 1 1 2 18 3 16 4 14 5 6 6 16 7 16 8 4 9 2 10 14 11 16 12 9 13 12 14 13 15 19 16 10 17 8 18 4 20 13 21 3 22 1 23 15 24 8 25 19 26 15 27 4 28 15 29 15 30 19 31 9 32 4 33 10 34 10 35 19 36 2 37 2 38 18 39 20 40 8 41 12 42 10 43 1 44 18 45 18 46 20 47 2 48 19 49 16 50 18 51 3 52 6 53 1 54 12 55 17 56 20 57 3 58 2 59 16 19 1 61 18 62 20 63 4 64 2 65 12 66 2 67 17 68 12 69 20 71 2 72 6 73 15 74 7 75 13 76 1 77 6 78 17 80 2 81 10 82 20 83 5 84 5 87 17 88 2 89 19 90 1 91 16 92 2 93 20 94 13 70 8 85 1 86 19
61 0 15 1 3 2 18 3 16 4 10 5 3 7 10 8 20 9 18 10 20 11 17 12 11 13 8 14 1 15 11 16 17 17 15 18 20 21 13 22 15 23 5 24 8 25 18 26 3 27 10 28 7 29 8 30 12 31 5 32 11 33 15 34 9 35 20 36 17 37 16 38 1 39 11 40 13 41 2 42 16 43 3 44 3 45 5 47 15 48 12 49 8 51 15 52 10 53 12 54 10 55 19 56 12 57 2 58 7 59 7 60 18 6 2 19 2 20 15 50 17 62 8 63 18 64 5 65 6 66 13 67 16 68 2 69 4 70 4 71 7 72 16 73 5 74 6 75 13 76 15 77 20 79 2 81 3 82 11 83 16 85 8 86 10 88 5 89 11 90 11 91 8 92 7 93 16 78 11 80 19 84 17 87 15 94 16
62 0 12 1 13 2 6 3 20 4 11 5 4 6 11 7 3 8 16 9 14 10 5 13 6 14 20 17 6 18 18 19 9 20 2 21 5 22 13 25 4 26 1 27 7 28 14 29 8 30 8 31 2 32 7 33 19 34 5 35 3 37 1 38 7 39 1 40 12 41 17 42 14 43 16 44 8 45 4 46 13 47 2 48 20 49 12 51 7 52 5 53 16 54 2 55 6 56 12 57 17 58 5 59 4 60 20 61 8 11 15 12 18 15 20 16 13 23 2 24 16 36 11 50 12 63 11 64 16 65 8 66 12 67 4 68 19 69 7 70 3 71 16 72 18 73 2 74 9 75 14 76 11 77 4 78 5 79 18 80 16 81 12 82 8 83 15 84 15 85 10 86 7 87 1 88 15 89 12 90 4 92 10 93 10 94 6 91 12
63 2 9 3 10 4 5 5 8 6 3 7 7 8 16 9 15 10 18 11 3 13 8 16 10 17 20 18 16 19 5 21 14 22 11 23 4 24 3 26 6 27 16 29 16 30 3 31 7 32 20 33 14 34 16 35 10 36 3 37 13 38 11 39 2 40 19 41 2 42 10 43 17 44 15 45 18 46 4 49 12 50 3 51 8 52 3 53 5 55 16 56 5 58 9 59 7 60 4 61 18 62 11 0 8 1 18 12 11 14 9 15 4 20 10 25 15 28 9 47 9 48 20 54 8 64 20 65 20 66 10 67 17 68 18 69 5 70 4 71 6 72 13 73 11 74 11 75 5 76 1 77 15 78 12 79 1 80 1 81 5 82 1 83 10 84 14 85 10 86 7 87 14 88 18 89 1 90 15 91 18 92 9 93 19 94 20
64 0 17 1 13 2 4 3 3 4 12 5 11 6 9 7 16 8 7 9 6 10 15 11 14 12 4 13 1 17 3 18 2 19 6 20 12 21 14 22 7 23 18 24 12 25 1 26 20 27 13 28 11 30 4 31 4 32 16 33 14 34 5 35 10 36 13 37 4 38 12 39 5 41 3 42 20 43 12 44 15 45 9 47 17 49 18 50 11 52 18 53 2 54 14 55 5 57 17 58 17 59 1 60 2 61 5 62 16 63 20 14 2 15 18 16 17 29 19 40 14 46 12 48 1 51 18 56 14 65 6 66 8 67 11 68 4 69 14 70 11 71 18 72 1 73 9 74 1 75 10 77 20 78 13 79 13 80 12 81 10 82 11 83 7 84 15 90 17 91 15 92 1 93 19 94 6 76 1 86 6 87 11 88 18 89 19
65 0 15 1 13 2 20 3 8 4 12 5 19 6 19 7 18 8 12 9 15 10 15 11 15 12 19 13 2 14 13 15 1 16 6 17 18 18 2 19 4 20 3 21 17 22 20 23 15 24 2 26 15 27 15 28 7 29 16 30 7 31 11 32 18 35 17 36 12 37 16 38 9 39 17 40 12 41 17 42 10 43 15 44 18 45 6 46 6 47 12 48 13 49 9 50 18 51 9 52 2 53 17 54 8 55 8 57 12 58 6 59 7 60 12 61 6 62 8 63 20 64 6 25 14 33 10 34 13 56 3 66 2 67 9 68 10 69 3 71 11 72 16 73 20 75 13 76 11 78 10 79 7 81 9 82 12 83 8 84 10 85 13 86 14 87 6 89 10 90 16 91 17 92 2 94 14 70 8 74 15 77 4 80 12 88 3 93 9
66 0 9 1 15 2 10 3 4 4 2 5 12 6 12 7 8 8 9 11 13 12 19 13 12 14 19 15 19 16 3 17 2 18 14 19 5 20 14 21 14 23 6 24 15 25 11 26 2 27 16 28 3 30 12 31 20 34 17 35 20 36 13 37 14 38 10 39 15 40 18 41 7 42 16 43 7 44 1 45 6 46 14 47 19 48 18 49 12 50 19 51 19 52 9 53 2 54 1 55 3 56 3 57 17 58 18 59 5 60 2 61 13 62 12 63 10 64 8 65 2 9 5 10 12 29 13 32 12 33 1 67 5 68 17 69 6 70 20 71 2 72 13 73 8 75 1 76 20 77 1 78 16 79 18 80 13 81 3 82 10 83 16 84 2 85 5 87 20 88 12 89 11 90 7 91 2 92 8 94 12 74 3 86 7
67 0 12 1 20 2 14 3 1 4 15 5 11 6 12 7 15 8 14 9 16 10 4 11 2 12 7 13 6 14 12 15 7 16 5 17 19 18 15 19 11 20 7 21 12 22 12 23 18 25 12 27 9 28 7 29 8 30 4 31 16 32 17 33 10 35 17 36 2 37 7 38 12 39 18 40 1 41 10 42 16 43 7 44 20 45 20 46 10 48 19 49 4 50 1 51 3 52 7 53 13 54 13 55 3 56 10 58 2 59 13 60 17 61 16 62 4 63 17 64 11 65 9 66 5 24 16 34 8 47 10 57 15 68 18 69 6 70 9 72 14 73 17 74 4 75 16 76 5 77 15 78 8 79 1 80 16 81 20 82 8 83 1 84 2 85 14 86 5 87 2 88 5 89 13 90 16 91 5 92 13 93 17 94 1 71 4
68 0 1 1 8 2 1 4 8 5 19 6 2 7 8 8 11 9 6 10 16 11 14 12 16 13 20 14 16 15 13 17 2 18 12 19 6 20 15 21 16 23 7 24 19 25 11 27 6 29 11 30 13 31 18 32 20 33 2 34 18 36 16 37 7 38 6 39 4 40 14 41 13 42 12 43 18 44 11 45 3 46 18 47 17 48 8 49 13 50 7 51 9 52 2 53 5 54 15 55 17 56 15 57 13 58 7 59 3 60 12 61 2 62 19 63 18 64 4 65 10 66 17 67 18 3 9 16 12 22 13 26 13 28 7 69 6 70 3 71 11 72 15 73 9 74 4 75 3 77 11 78 14 79 15 80 10 81 16 82 16 83 9 84 7 85 10 86 8 87 11 88 16 89 13 91 10 92 19 93 10 76 17 90 19
69 0 1 1 17 2 14 3 3 4 8 5 5 6 10 7 14 8 4 10 6 11 11 12 12 13 4 14 4 15 15 16 7 18 12 19 3 20 3 21 4 22 6 23 10 24 9 25 20 27 4 28 15 29 10 30 12 31 7 32 8 34 5 35 4 36 12 37 9 38 6 39 15 40 6 41 20 42 6 43 10 44 4 45 20 46 16 47 1 48 12 49 20 50 13 51 8 52 4 53 13 54 6 55 13 56 18 57 5 58 3 59 14 60 20 61 4 62 7 63 5 64 14 65 3 66 6 67 6 68 6 9 12 17 9 26 14 33 14 71 2 72 5 73 15 74 3 75 8 76 17 77 17 78 8 79 16 80 5 81 2 82 4 83 11 84 13 85 6 86 13 88 20 89 18 90 3 91 7 92 9 93 12 94 12 70 15 87 18
70 0 11 1 20 2 15 5 3 6 15 7 3 8 4 9 7 11 4 12 12 13 16 14 3 15 18 16 16 17 5 18 20 19 9 20 20 22 19 23 17 24 7 27 3 28 20 30 2 31 15 32 15 33 13 34 9 35 15 36 6 37 1 39 15 40 7 41 6 42 2 43 9 44 12 45 9 46 8 47 12 48 13 49 5 50 20 51 8 53 12 54 2 55 2 56 15 57 5 59 14 61 4 62 3 63 4 64 11 66 20 67 9 68 3 3 16 4 7 10 12 21 15 25 1 29 3 52 16 58 4 60 8 65 8 69 15 71 5 72 10 73 4 74 7 75 12 76 5 77 15 78 7 79 11 80 7 81 18 82 8 83 19 84 10 85 20 86 16 89 17 90 6 92 20 93 3 94 13 87 20 88 10 91 5
71 0 3 2 14 3 12 4 20 5 10 6 1 7 14 9 3 10 15 12 7 13 11 14 20 15 10 16 16 17 5 18 9 19 19 20 14 22 15 23 13 24 10 25 15 28 13 29 11 30 20 31 6 32 19 33 20 34 7 35 14 36 3 37 19 39 10 41 16 42 19 43 11 44 18 45 4 46 18 47 4 48 9 49 1 51 15 52 9 53 15 54 7 55 15 56 13 57 17 58 18 59 1 60 2 61 7 62 16 63 6 64 18 65 11 66 2 68 11 69 2 70 5 1 8 8 20 11 14 26 15 27 1 38 11 40 20 50 6 67 4 72 15 73 11 74 7 75 4 76 6 78 15 79 8 80 14 81 10 82 19 83 2 84 6 85 9 86 11 87 1 88 6 89 1 90 19 91 1 92 19 93 7 94 9 77 8
72 1 3 2 14 3 5 4 5 5 3 6 11 7 19 8 12 10 19 11 7 12 13 14 19 16 19 17 17 18 9 19 1 20 10 22 12 23 18 24 2 25 3 26 19 27 18 28 1 29 17 30 13 31 18 32 15 33 2 34 1 35 16 36 12 38 2 39 8 40 9 41 13 42 16 43 8 44 14 45 12 46 2 47 12 48 15 49 13 50 2 51 10 52 14 53 13 54 19 55 4 56 11 57 10 58 9 59 6 60 6 61 16 62 18 63 13 64 1 65 16 66 13 67 14 68 15 69 5 70 10 71 15 0 17 9 11 13 7 15 1 21 10 37 11 73 14 74 2 76 5 77 9 80 20 82 17 83 1 84 18 85 14 86 2 87 12 88 15 89 5 90 10 92 14 75 2 78 9 79 3 81 9 91 8 93 17 94 19
73 0 9 1 20 2 1 3 2 4 4 6 7 7 2 8 20 9 7 10 12 11 1 12 19 13 17 15 11 16 20 18 11 20 16 21 7 22 7 23 19 24 4 25 12 26 1 27 15 28 14 29 6 30 7 31 19 32 1 33 15 34 2 35 4 36 16 37 2 38 16 39 5 40 11 41 5 43 8 45 12 46 16 47 14 48 1 49 2 50 15 51 11 52 14 53 6 55 17 56 11 57 8 58 11 59 19 60 15 61 5 62 2 63 11 64 9 65 20 66 8 67 17 68 9 69 15 70 4 71 11 72 14 5 10 14 8 17 9 19 4 42 13 44 7 54 9 74 18 75 18 76 8 77 11 78 1 79 3 80 9 81 8 82 5 84 9 85 11 86 15 87 4 88 5 89 11 90 14 91 8 92 3 93 7 83 14 94 8
74 0 18 1 19 2 16 3 16 4 18 6 10 7 9 9 20 10 18 11 19 12 16 13 11 15 7 16 10 18 20 19 10 22 1 23 9 24 4 25 6 26 6 27 10 28 15 29 7 30 19 31 9 32 16 33 18 34 15 35 11 36 14 37 4 38 16 39 14 40 3 41 4 44 6 46 13 47 3 49 17 50 14 51 2 52 9 53 8 54 15 55 7 56 18 57 11 58 9 59 4 60 7 61 6 62 9 63 11 64 1 67 4 68 4 69 3 70 7 71 7 72 2 73 18 5 12 8 4 14 18 17 10 20 18 21 9 42 16 43 2 48 9 65 15 66 3 75 3 76 11 77 4 78 1 79 15 80 3 81 14 82 6 84 18 85 11 86 7 87 11 90 14 91 8 92 20 93 9 94 17 83 20 88 5
75 0 8 1 11 2 20 3 5 4 5 5 7 6 1 7 9 9 2 11 17 12 19 13 20 14 14 15 16 16 17 17 16 18 12 19 7 20 6 21 5 22 6 24 11 25 20 26 19 27 19 29 10 32 9 34 18 35 6 36 11 37 8 38 2 39 20 40 16 41 3 42 5 43 12 44 14 45 9 46 4 47 13 48 12 49 7 50 18 51 18 52 11 53 11 54 13 57 7 58 17 59 11 60 13 61 13 62 14 63 5 64 10 65 13 66 1 67 16 68 3 69 8 70 12 71 4 73 18 74 3 8 12 10 20 23 9 28 10 30 10 31 5 33 16 55 19 56 15 72 2 76 15 77 11 78 17 79 6 81 13 82 3 83 18 84 18 86 2 87 1 88 1 89 11 90 14 91 10 92 9 93 2 94 13 80 5 85 20
76 0 19 2 1 3 14 4 1 6 13 7 7 8 19 9 11 10 3 11 20 12 7 13 7 14 8 15 11 16 2 17 17 18 9 19 10 20 10 21 5 22 20 23 19 24 16 25 12 26 20 27 16 28 17 29 16 30 18 31 6 32 3 33 6 34 9 35 4 36 8 37 16 38 1 39 10 40 2 41 16 43 9 44 18 45 9 46 7 47 15 48 2 50 13 51 6 52 18 53 5 54 3 55 11 56 18 57 17 58 19 59 10 60 1 61 15 62 11 63 1 65 11 66 20 67 5 69 17 70 5 71 6 72 5 73 8 74 11 75 15 1 9 5 10 42 17 49 9 64 1 68 17 77 11 78 10 80 7 82 11 83 9 85 8 86 20 87 11 88 16 89 17 90 11 91 8 93 1 94 7 79 16 81 13 84 10
77 0 10 4 9 5 12 6 12 7 11 8 6 9 4 10 8 11 20 12 13 13 12 14 17 15 11 16 14 17 7 18 2 19 12 20 10 21 7 22 2 23 7 25 15 26 2 27 9 28 14 29 17 30 11 32 17 33 6 34 12 35 16 36 7 37 13 38 13 39 17 40 2 41 3 42 5 43 14 44 11 45 9 46 19 47 18 48 4 49 13 50 6 51 1 52 5 53 15 54 8 55 11 57 12 58 20 59 3 60 6 61 20 62 4 63 15 64 20 66 1 67 15 68 11 69 17 70 15 72 9 73 11 74 4 75 11 76 11 2 2 3 18 24 10 56 9 65 4 71 8 78 15 79 20 80 7 81 20 82 15 83 1 84 7 85 10 86 7 87 1 89 12 91 16 93 20 94 19 88 12 90 17 92 15
78 2 2 3 17 4 11 5 6 6 6 7 2 8 17 9 8 10 10 11 12 12 2 13 2 14 9 15 8 16 19 17 17 19 14 20 7 21 8 22 19 23 10 24 4 25 10 26 1 27 6 28 2 29 5 30 15 32 17 33 7 34 16 35 3 36 14 37 16 38 19 39 12 40 7 42 13 43 10 44 14 45 20 46 12 48 19 49 18 50 9 51 7 52 18 53 14 54 16 55 19 56 10 57 9 59 3 60 17 62 5 63 12 64 13 65 10 66 16 67 8 68 14 69 8 70 7 71 15 73 1 74 1 75 17 76 10 77 15 0 14 1 17 18 12 31 18 41 13 47 6 58 19 61 11 72 9 79 7 80 3 81 15 82 6 83 16 84 14 86 19 87 19 88 17 89 8 90 3 92 3 93 15 94 6 91 13
79 0 18 1 6 2 6 3 12 4 9 5 20 6 6 8 19 9 10 10 15 11 15 12 17 13 13 15 15 17 6 18 11 19 3 20 5 21 8 22 17 23 15 24 18 25 6 26 4 27 2 28 1 29 7 30 17 31 3 32 4 33 11 34 18 35 12 36 1 37 1 38 2 39 12 40 16 41 17 42 4 43 2 44 3 46 14 47 16 48 3 49 18 51 10 52 2 53 5 54 20 55 16 57 6 58 13 59 18 61 2 62 18 63 1 64 13 65 7 66 18 67 1 68 15 69 16 70 11 71 8 73 3 74 15 75 6 77 20 78 7 7 20 14 20 16 5 45 14 50 10 56 3 72 3 76 16 80 7 81 12 82 11 83 12 84 11 85 18 86 13 87 16 88 8 89 9 90 4 91 11 92 1 94 1 93 8
80 0 14 1 12 2 4 3 6 4 19 5 6 6 19 7 1 8 20 9 11 10 7 11 6 12 12 13 3 14 18 15 19 16 15 17 8 19 11 20 15 21 7 22 2 23 2 24 14 25 19 26 19 28 1 29 15 30 20 31 18 32 4 33 2 34 16 35 11 36 7 37 13 38 17 39 6 40 19 42 10 43 8 44 12 45 16 46 17 47 17 48 20 49 5 50 4 51 17 53 10 54 4 56 17 57 17 58 15 59 1 60 2 62 16 63 1 64 12 66 13 67 16 68 10 69 5 70 7 71 14 72 20 73 9 74 3 76 7 77 7 78 3 79 7 18 19 27 12 52 1 55 14 61 19 65 12 75 5 81 18 82 4 83 15 84 2 85 9 86 14 87 2 88 12 89 10 90 1 91 2 92 17 93 3 94 15
81 0 2 1 16 2 1 3 2 4 6 5 11 6 5 7 14 9 2 10 10 11 7 12 9 13 9 14 7 15 4 16 16 17 3 18 15 19 18 20 1 21 14 22 5 23 5 24 19 25 19 26 11 27 18 28 18 29 9 30 13 31 1 32 3 33 11 34 5 35 9 36 17 37 19 39 15 40 15 43 18 44 6 45 8 46 3 47 20 48 10 50 3 51 6 52 13 53 14 54 2 56 4 57 10 58 3 59 9 60 10 61 3 62 12 63 5 64 10 65 9 66 3 67 20 68 16 69 2 70 18 71 10 73 8 74 14 75 13 77 20 78 15 79 12 80 18 8 20 38 8 41 1 42 5 49 10 55 15 72 9 76 13 82 14 83 5 84 10 85 7 86 12 87 2 88 14 89 8 90 20 91 20 92 9 93 17 94 18
82 0 8 1 2 2 19 3 20 4 8 5 11 6 12 7 7 8 3 9 16 10 6 11 16 12 17 14 1 15 3 17 19 18 10 19 17 20 8 21 1 22 17 23 19 24 2 25 2 26 16 27 17 28 10 29 9 30 8 32 2 33 11 34 19 35 3 36 9 37 2 38 3 39 4 40 10 41 7 42 8 43 14 44 7 45 3 47 20 48 11 49 7 50 15 51 13 52 3 53 3 54 10 55 12 56 17 57 14 58 17 59 9 60 20 61 11 62 8 63 1 64 11 65 12 66 10 67 8 68 16 69 4 70 8 71 19 72 17 73 5 74 6 75 3 76 11 77 15 78 6 79 11 80 4 81 14 13 12 16 3 31 5 46 3 83 12 84 17 85 16 86 13 87 2 88 2 89 7 90 15 91 2 92 7 93 14 94 5
83 0 9 1 3 2 14 3 1 4 9 5 7 6 7 7 10 8 19 9 17 10 15 11 14 12 8 14 14 15 18 16 14 17 3 18 2 20 12 21 18 22 16 24 8 25 13 26 3 27 6 28 6 29 14 30 14 31 16 32 2 33 1 34 7 35 16 36 15 37 19 38 18 39 8 40 1 41 19 42 10 44 17 45 9 46 14 47 12 48 18 49 5 50 15 52 10 53 20 54 17 55 16 56 17 59 16 60 5 61 16 62 15 63 10 64 7 65 8 66 16 67 1 68 9 69 11 70 19 71 2 72 1 75 18 76 9 77 1 78 16 79 12 80 15 81 5 82 12 13 6 23 20 43 16 51 13 57 19 58 2 73 14 74 20 84 4 85 11 86 11 87 17 88 15 89 8 90 11 91 10 92 9 93 7 94 14
84 0 4 2 15 3 18 5 6 6 20 7 17 8 18 9 8 10 1 11 13 12 17 13 16 14 10 15 9 16 19 17 12 18 10 19 8 20 8 21 3 22 13 23 9 25 18 26 8 27 6 28 12 29 13 30 8 31 5 32 14 33 14 34 17 35 2 36 13 37 19 38 14 39 7 40 19 41 8 42 6 43 7 44 16 45 19 47 12 48 1 49 2 50 6 51 3 53 8 54 1 55 9 56 1 57 7 58 13 59 3 60 5 62 15 63 14 64 15 65 10 66 2 67 2 68 7 69 13 70 10 71 6 72 18 73 9 74 18 75 18 77 7 78 14 79 11 80 2 81 10 82 17 83 4 4 14 24 18 52 6 61 17 76 10 85 2 86 8 87 3 88 19 89 14 90 11 91 12 92 19 93 11 94 18
85 0 2 1 3 4 7 5 5 6 12 7 16 8 3 9 18 10 19 11 6 13 14 14 2 17 15 18 17 19 7 20 4 21 14 22 3 23 3 25 1 26 6 27 12 28 17 29 15 30 12 31 2 32 3 33 18 34 9 35 12 38 14 39 12 40 1 41 20 42 18 43 13 44 12 45 2 46 9 48 3 49 6 50 19 51 2 52 2 53 15 54 20 55 9 56 4 57 3 58 17 59 13 61 8 62 10 63 10 65 13 66 5 67 14 68 10 69 6 70 20 71 9 72 14 73 11 74 11 76 8 77 10 79 18 80 9 81 7 82 16 83 11 84 2 2 18 12 3 15 18 16 11 24 6 36 1 37 19 47 13 60 1 75 20 86 7 88 14 89 14 90 10 91 11 92 15 94 3 87 2 93 13
86 1 3 2 9 3 1 4 4 5 6 6 13 7 12 8 12 9 10 10 14 11 12 12 20 13 16 14 18 15 13 16 20 17 1 18 7 19 13 20 6 21 1 22 19 23 11 25 6 26 7 27 19 29 3 30 10 31 20 32 1 33 10 34 3 35 8 37 2 38 1 39 20 40 6 41 18 43 13 44 7 45 16 46 7 47 6 48 16 49 10 50 1 51 20 52 8 53 1 54 9 55 4 56 8 57 7 58 3 61 10 62 7 63 7 65 14 67 5 68 8 69 13 70 16 71 11 72 2 73 15 74 7 75 2 76 20 77 7 78 19 79 13 80 14 81 12 82 13 83 11 84 8 85 7 0 9 24 20 28 1 36 7 42 4 59 7 60 19 64 6 66 7 87 19 88 5 89 8 91 7 92 3 93 10 94 8 90 6
87 0 14 1 8 2 3 3 13 5 3 6 2 7 20 8 12 9 9 10 17 12 2 13 18 14 5 15 14 16 7 17 15 18 13 19 1 20 19 21 7 22 12 23 7 24 3 25 4 26 16 27 1 29 20 30 10 31 3 32 20 33 12 34 12 35 20 36 11 37 1 38 5 39 14 40 5 41 5 42 11 43 7 45 12 46 5 47 15 48 14 49 17 50 3 51 4 52 11 53 9 54 7 55 7 56 11 57 17 58 8 60 17 62 1 63 14 65 6 66 20 67 2 68 11 71 1 72 12 73 4 74 11 75 1 76 11 77 1 78 19 79 16 80 2 81 2 82 2 83 17 84 3 86 19 4 12 11 5 28 17 44 11 59 2 61 15 64 11 69 18 70 20 85 2 88 4 89 14 90 11 91 8 92 2 94 1 93 6
88 0 20 1 2 3 19 4 12 6 7 7 19 8 15 9 5 10 10 11 10 12 8 13 14 14 17 15 11 16 12 18 2 19 20 20 20 22 9 23 11 24 10 25 17 26 18 27 8 28 17 29 6 31 15 32 11 33 7 34 12 35 7 36 5 37 7 38 13 39 20 40 4 41 5 42 2 43 6 44 17 45 12 46 12 47 2 48 17 50 20 51 19 52 16 53 4 54 9 55 3 56 6 58 9 59 17 60 2 61 5 62 15 63 18 66 12 67 5 68 16 69 20 71 6 72 15 73 5 75 1 76 16 78 17 79 8 80 12 81 14 82 2 83 15 84 19 85 14 86 5 87 4 2 6 5 2 17 16 21 6 30 5 49 20 57 8 64 18 65 3 70 10 74 5 77 12 89 20 90 6 92 17 93 9 91 12 94 16
89 0 3 1 18 2 8 3 11 4 9 6 7 7 2 8 14 9 1 10 6 11 10 12 10 13 19 14 17 15 8 16 16 17 12 18 6 19 8 20 17 21 7 22 18 23 9 24 15 25 15 26 1 27 1 28 12 29 18 30 17 31 1 32 11 33 4 34 10 35 10 36 10 37 18 38 9 39 15 40 3 41 10 42 17 43 19 44 16 45 16 46 13 47 20 48 4 50 8 52 19 53 5 54 15 55 19 56 10 57 19 59 4 60 19 61 11 62 12 63 1 65 10 66 11 67 13 68 13 69 18 70 17 71 1 72 5 73 11 75 11 76 17 77 12 78 8 79 9 80 10 81 8 82 7 83 8 84 14 85 14 86 8 87 14 88 20 5 3 49 2 58 14 64 19 90 4 91 13 92 17 93 12 94 14
90 0 15 1 11 2 2 3 2 4 9 6 14 7 11 8 13 9 2 10 8 11 9 12 10 13 3 14 11 15 12 17 20 19 9 20 3 21 6 22 4 24 17 25 20 27 6 28 11 29 1 30 18 31 1 32 3 33 20 34 10 35 18 36 16 37 13 38 8 39 5 40 10 41 5 42 18 43 18 44 13 45 16 46 2 47 15 48 12 49 6 50 1 51 15 52 19 53 6 54 16 55 7 56 8 57 8 58 11 59 3 60 1 61 11 62 4 63 15 64 17 65 16 66 7 67 16 69 3 70 6 71 19 72 10 73 14 74 14 75 14 76 11 78 3 79 4 80 1 81 20 82 15 83 11 84 11 85 10 87 11 88 6 89 4 5 18 23 4 26 5 68 19 77 17 86 6 91 20 92 11 93 16 94 19
91 0 6 1 1 2 4 3 17 4 8 5 3 6 4 7 8 9 2 10 3 11 5 12 20 13 16 14 7 16 1 17 7 18 17 19 6 20 1 21 1 22 17 23 19 24 16 25 20 26 3 27 12 28 9 29 11 30 15 32 17 33 3 34 6 35 15 36 14 37 10 38 9 39 6 40 20 41 5 42 16 43 6 44 3 45 4 46 15 47 11 48 3 49 5 50 2 51 19 52 2 53 18 54 17 56 11 57 18 58 5 59 16 60 16 61 8 63 18 64 15 65 17 66 2 67 5 68 10 69 7 71 1 73 8 74 8 75 10 76 8 77 16 79 11 80 2 81 20 82 2 83 10 84 12 85 11 86 7 87 8 89 13 90 20 8 4 15 3 31 10 55 11 62 12 70 5 72 8 78 13 88 12 92 6 93 2 94 1
92 0 16 1 2 3 7 4 14 5 1 6 9 7 10 8 4 9 10 10 5 11 2 12 1 13 6 14 4 16 20 17 20 18 4 19 6 20 9 21 1 23 7 24 2 25 6 26 16 27 5 28 2 29 15 30 8 31 16 32 1 33 6 34 3 35 3 36 4 37 6 38 5 39 7 40 2 41 7 42 12 43 12 44 16 45 19 46 12 47 6 48 12 49 8 50 6 51 18 52 15 53 10 54 9 55 4 56 10 57 19 58 9 59 6 60 2 61 7 62 10 63 9 64 1 65 2 66 8 67 13 68 19 69 9 70 20 71 19 72 14 73 3 74 20 75 9 78 3 79 1 80 17 81 9 82 7 83 9 84 19 85 15 86 3 87 2 88 17 89 17 90 11 91 6 15 13 22 11 77 15 93 12 94 1
93 0 15 1 5 2 8 3 7 4 1 5 10 6 19 7 3 8 13 9 14 10 15 11 14 14 8 15 4 16 10 17 16 18 3 19 12 21 6 22 12 23 11 24 16 25 17 26 19 27 18 28 17 29 20 30 9 31 6 32 1 33 12 34 11 35 1 36 15 37 7 39 18 40 19 41 12 43 1 44 12 45 14 46 6 47 17 48 1 50 12 51 7 52 6 53 19 54 4 56 15 57 16 58 13 59 11 60 20 61 16 62 10 63 19 64 19 67 17 68 10 69 12 70 3 71 7 73 7 74 9 75 2 76 1 77 20 78 15 80 3 81 17 82 14 83 7 84 11 86 10 88 9 89 12 90 16 91 2 92 12 12 3 13 19 38 19 49 11 55 6 65 9 72 17 79 8 85 13 87 6 94 10
94 0 2 1 5 2 16 3 1 4 16 5 6 6 17 8 4 9 16 10 19 11 15 12 3 13 5 14 18 16 9 17 5 18 2 19 18 20 11 21 11 22 2 23 20 24 6 25 17 26 19 27 5 28 17 29 2 30 7 31 6 32 7 33 8 34 13 35 4 36 17 37 18 38 7 39 7 40 7 41 7 42 14 43 14 44 10 45 18 46 4 47 4 48 12 49 8 50 17 51 4 52 19 54 3 55 18 56 8 57 7 58 19 59 14 60 13 62 6 63 20 64 6 65 14 66 12 67 1 69 12 70 13 71 9 74 17 75 13 76 7 77 19 78 6 79 1 80 15 81 18 82 5 84 18 85 3 86 8 87 1 89 14 90 19 91 1 92 1 93 10 15 13 53 14 61 16 72 19 73 8 83 14 88 16
