77
0 1 5 2 14 3 18 4 14 5 15 6 15 7 13 8 13 9 10 10 14 11 5 12 2 13 4 14 9 15 20 16 1 17 4 20 6 21 12 22 11 23 3 26 5 27 12 28 13 29 19 30 18 31 20 32 14 33 14 35 2 36 7 38 13 40 8 41 15 42 12 43 19 44 9 45 10 46 15 47 12 48 5 49 10 51 14 52 9 53 16 54 12 55 17 56 4 57 18 59 8 60 13 61 8 62 20 63 1 64 10 66 9 67 18 68 9 69 7 70 20 71 9 72 4 73 15 74 15 75 3 76 5 18 6 24 13 34 8 37 15 39 2 50 6 58 7 65 5
1 0 5 2 1 3 16 4 17 6 1 7 1 8 7 9 7 10 19 11 13 12 8 14 18 16 3 17 12 18 19 19 20 20 14 21 19 22 8 23 10 24 16 25 18 26 18 27 5 28 15 29 3 30 10 31 10 32 5 33 7 34 19 36 3 37 9 38 11 39 15 40 13 41 5 42 8 43 12 44 8 45 4 46 16 47 18 48 5 49 20 50 16 51 17 52 1 53 10 54 7 55 12 56 3 57 7 58 19 59 20 60 20 61 15 62 9 63 17 64 12 65 9 66 4 67 14 68 13 69 18 71 7 72 14 73 16 74 5 75 14 76 5 5 15 13 12 15 3 35 8 70 19
2 0 14 1 1 3 1 4 15 5 19 6 15 7 4 8 11 9 7 10 6 11 18 12 6 13 17 15 2 16 8 17 20 18 1 19 20 20 9 21 13 22 14 23 12 24 5 25 4 26 10 27 15 28 15 29 12 31 8 32 10 33 13 34 19 35 11 36 14 37 15 39 11 40 18 41 4 42 9 43 4 44 19 45 11 46 10 48 10 49 7 50 17 51 4 52 3 53 10 54 20 56 13 57 11 58 9 59 6 60 2 61 1 62 5 63 7 64 6 65 1 66 10 67 6 68 1 69 19 70 20 71 13 72 12 73 9 74 20 75 14 76 10 14 8 30 20 38 3 47 2 55 2
3 0 18 1 16 2 1 4 12 5 3 6 4 7 6 8 15 11 18 13 9 14 7 15 7 16 20 17 18 18 7 19 9 20 14 21 12 22 13 23 1 24 10 25 17 26 14 27 1 28 12 29 14 30 1 31 4 32 17 33 15 34 8 35 15 36 2 37 20 38 16 39 10 41 7 42 11 43 13 44 17 45 15 46 4 47 15 48 1 50 20 52 14 53 16 54 15 55 19 56 19 57 12 58 4 59 1 60 18 61 18 62 10 64 8 65 5 66 12 67 8 68 16 69 6 70 13 71 13 72 20 73 10 74 5 75 9 76 1 9 5 10 20 12 20 40 14 49 19 51 3 63 5
4 0 14 1 17 2 15 3 12 5 19 6 6 7 20 8 4 9 1 10 3 11 4 12 8 13 9 14 10 15 20 16 2 17 14 18 18 19 5 20 10 21 19 22 13 23 15 24 9 25 1 27 12 28 19 29 13 30 20 31 10 32 6 34 14 35 1 36 7 37 5 38 16 39 16 40 18 41 4 42 17 43 7 44 11 45 1 46 10 47 19 48 3 49 4 50 17 51 10 52 1 53 3 54 5 55 4 56 18 57 2 58 4 59 1 60 20 61 5 63 17 64 17 65 20 66 1 67 6 68 11 69 2 70 14 71 14 72 17 73 2 74 1 75 6 76 8 26 13 62 13
5 0 15 2 19 3 3 4 19 1 15 6 20 7 4 8 3 9 12 10 18 11 14 12 16 14 20 15 1 16 6 17 6 18 18 19 5 20 5 21 3 22 12 23 7 24 15 25 12 26 20 27 8 28 16 29 5 30 3 31 10 32 12 33 8 34 3 35 4 36 5 37 15 38 20 39 2 41 19 42 18 43 15 44 9 45 8 46 16 47 18 48 11 49 18 50 18 51 1 52 12 54 16 55 10 56 18 57 11 58 4 59 19 60 8 61 13 62 16 63 11 64 1 65 16 66 11 67 9 69 8 70 2 71 17 72 12 74 17 75 19 76 20 40 11 53 2 68 20 73 5
6 0 15 1 1 2 15 3 4 4 6 5 20 8 12 9 15 10 10 11 18 12 6 13 13 14 2 15 20 16 5 17 10 18 6 19 6 20 12 21 1 23 12 24 9 25 13 26 5 27 20 28 8 29 9 30 4 31 1 32 5 33 2 34 14 35 8 36 20 37 15 38 4 39 20 41 2 42 2 43 6 44 18 46 14 47 13 48 19 49 3 50 12 51 17 52 13 53 17 54 12 55 2 56 1 58 10 59 8 60 10 61 15 62 11 63 7 64 13 65 8 66 6 67 3 70 10 71 19 72 14 73 3 74 16 75 20 7 19 22 6 40 12 45 10 57 10 68 1 69 1 76 8
7 0 13 1 1 2 4 3 6 4 20 5 4 6 19 8 9 9 8 10 3 11 20 12 9 13 14 15 12 16 16 17 8 18 1 19 7 20 7 21 5 22 9 23 1 24 15 25 19 26 16 27 5 28 14 29 7 30 18 31 1 32 19 33 3 34 2 35 6 36 10 37 15 38 1 39 20 40 14 41 14 42 15 43 6 44 10 45 10 46 17 47 2 49 9 50 1 51 7 52 1 53 14 54 10 55 13 56 4 57 8 58 14 60 8 61 6 62 8 63 9 64 13 65 13 66 16 67 6 69 20 70 2 71 4 72 18 73 11 74 18 75 9 76 6 14 9 48 8 59 5 68 1
8 0 13 1 7 2 11 3 15 4 4 5 3 6 12 7 9 9 4 11 18 12 20 13 3 14 19 15 19 16 12 17 17 18 18 20 20 21 17 22 16 23 2 25 4 26 5 27 12 28 11 29 16 30 20 32 14 33 6 34 18 35 14 37 17 38 14 39 11 40 16 41 6 42 4 43 1 44 1 45 4 47 3 48 4 49 9 51 2 53 20 54 8 55 17 56 8 57 18 58 17 60 7 63 18 64 10 65 11 66 5 67 6 68 11 70 11 71 8 72 13 73 14 75 2 76 8 10 14 19 7 31 2 36 17 46 15 50 8 52 9 59 7 61 2 62 13 69 2 74 18
9 0 10 1 7 2 7 4 1 5 12 6 15 7 8 8 4 3 5 10 9 11 10 12 7 13 6 14 20 15 14 16 1 17 3 18 1 19 1 20 13 21 7 22 7 23 6 24 12 25 13 26 14 27 13 28 5 29 8 30 8 31 19 32 3 33 16 34 12 35 2 37 11 38 4 39 13 40 3 42 7 43 7 44 18 45 17 46 17 47 13 48 11 49 1 51 11 52 1 53 13 55 3 56 18 57 11 59 12 60 5 61 15 62 12 63 12 64 14 65 10 66 13 67 8 68 4 69 1 70 17 71 9 72 3 73 5 74 20 75 1 76 6 36 1 41 9 50 2 54 16 58 3
10 0 14 1 19 2 6 4 3 5 18 6 10 7 3 9 9 3 20 8 14 11 11 12 20 13 13 14 2 15 17 17 11 18 1 19 7 21 17 22 9 23 15 24 12 25 2 26 12 27 4 28 15 29 4 30 2 31 19 32 8 33 3 34 9 35 16 36 6 37 6 38 20 39 16 40 20 42 8 43 11 44 7 45 14 47 11 48 7 49 5 50 16 51 16 52 6 53 6 54 14 55 11 56 16 57 1 58 19 59 9 60 11 61 12 62 3 63 11 64 20 65 3 66 13 67 14 69 1 70 16 71 14 72 10 73 17 74 11 75 7 76 20 16 12 20 7 41 13 46 19
11 0 5 1 13 2 18 3 18 4 4 5 14 6 18 7 20 8 18 9 10 10 11 12 15 13 7 14 19 15 14 16 13 17 20 18 3 19 4 20 4 22 10 23 7 24 2 26 18 27 20 28 7 29 7 30 8 31 6 32 1 33 4 35 2 36 4 38 6 39 5 40 17 41 5 42 9 43 6 45 5 46 18 47 18 48 12 49 6 50 13 51 14 52 15 53 3 54 15 55 6 56 6 57 16 58 18 59 15 60 10 62 12 63 16 64 3 65 10 66 2 67 19 68 18 69 7 70 4 71 7 72 18 73 16 74 12 75 13 76 1 34 6 37 18 44 20 61 13
12 0 2 1 8 2 6 4 8 5 16 6 6 7 9 8 20 9 7 10 20 11 15 3 20 13 13 14 6 15 2 16 19 18 12 19 13 20 20 21 8 22 10 23 8 24 18 25 11 26 2 27 11 29 8 30 1 31 11 32 8 33 12 34 16 35 9 36 2 37 4 38 6 39 18 40 1 41 10 42 10 43 18 44 15 46 19 47 17 48 2 49 16 51 17 52 8 53 4 54 4 55 6 56 4 57 16 58 6 59 13 60 5 62 9 63 20 64 6 65 3 66 20 67 18 68 11 69 2 70 8 71 1 72 19 73 9 74 1 75 6 76 10 17 2 28 10 61 9
13 0 4 2 17 3 9 4 9 6 13 7 14 8 3 9 6 10 13 11 7 12 13 1 12 14 10 15 11 16 2 17 15 18 9 19 8 20 17 21 13 22 11 23 6 24 5 25 3 26 2 27 6 28 1 29 17 30 2 31 11 32 1 33 15 34 19 35 12 36 5 37 16 38 1 39 14 40 2 42 18 43 6 44 10 45 8 46 19 47 18 48 2 49 10 50 19 51 13 52 7 53 1 54 11 55 15 56 17 57 9 58 3 59 13 60 15 61 12 63 17 64 15 65 12 67 20 68 16 69 16 70 1 71 4 73 8 74 11 75 13 76 17 41 9 72 1
14 0 9 1 18 3 7 4 10 5 20 6 2 8 19 9 20 10 2 11 19 12 6 13 10 2 8 7 9 15 11 16 17 17 15 18 14 19 13 20 14 21 6 22 2 24 1 25 3 26 9 27 5 28 2 29 12 30 14 31 17 32 20 33 6 34 12 35 17 36 10 38 9 40 4 41 20 42 4 43 4 45 17 46 4 49 15 50 7 51 3 52 13 53 3 54 8 55 12 56 2 57 11 58 13 59 16 60 2 61 1 62 2 63 15 64 5 65 19 66 8 68 5 69 2 70 14 71 7 72 17 73 6 74 2 75 14 76 10 23 15 37 12 39 19 44 4 47 12 48 3
15 0 20 2 2 3 7 4 20 5 1 6 20 7 12 8 19 9 14 10 17 11 14 12 2 13 11 14 11 1 3 16 11 17 18 18 4 19 14 20 14 21 6 22 14 23 8 24 14 25 12 26 13 27 3 29 5 30 18 31 17 32 3 33 2 34 7 35 7 36 6 37 3 38 6 39 10 40 7 41 8 42 7 43 16 46 1 48 20 49 6 50 9 51 18 52 2 53 3 54 18 56 17 59 12 60 10 61 16 62 15 64 1 66 12 67 7 68 2 69 18 70 12 71 8 72 13 73 7 74 7 75 19 28 20 44 1 45 2 55 7 57 1 58 1 63 20 65 16 76 4
16 0 1 1 3 2 8 3 20 4 2 5 6 6 5 7 16 8 12 9 1 11 13 12 19 13 2 14 17 15 11 10 12 17 8 19 3 20 9 21 4 22 11 23 10 24 9 25 19 26 12 27 7 28 6 29 11 31 14 32 9 33 3 34 13 35 10 36 7 37 1 38 10 39 13 40 6 41 8 42 18 43 16 44 9 45 4 46 17 47 12 48 12 49 18 50 5 51 2 52 8 53 3 54 8 58 19 59 4 60 13 61 12 62 19 63 1 64 17 65 3 66 6 67 14 68 2 69 6 70 15 71 4 72 18 73 20 74 2 75 17 76 4 18 5 30 12 55 15 56 4 57 10
17 0 4 1 12 2 20 3 18 4 14 5 6 6 10 7 8 8 17 9 3 10 11 11 20 13 15 14 15 15 18 16 8 12 2 18 2 19 9 20 2 21 3 22 12 24 18 25 3 26 3 27 1 28 15 29 3 30 8 31 13 32 6 33 2 35 10 37 18 38 16 39 9 40 13 41 19 42 2 43 16 44 7 45 9 46 17 47 3 48 13 49 19 50 9 51 13 53 16 54 5 55 5 56 19 57 12 58 2 59 15 60 10 61 2 62 16 63 10 64 6 65 19 66 20 67 13 68 3 69 19 70 13 71 1 72 2 73 8 74 1 75 1 76 2 23 16 34 9 36 10 52 9
18 1 19 2 1 3 7 4 18 5 18 6 6 7 1 8 18 9 1 10 1 11 3 12 12 13 9 14 14 15 4 17 2 0 6 16 5 19 11 20 17 21 19 22 9 23 18 24 2 25 1 26 15 28 2 29 18 31 15 35 2 36 11 37 7 38 20 39 15 40 15 41 11 42 3 44 5 45 13 46 2 47 8 48 3 49 1 50 20 51 5 52 5 53 14 54 20 55 11 56 6 57 12 58 13 59 11 60 1 61 20 62 3 63 16 64 17 65 1 66 5 68 10 69 8 70 1 72 2 73 1 74 7 75 13 76 3 27 20 30 12 32 2 33 12 34 15 67 12 71 15
19 1 20 2 20 3 9 4 5 5 5 6 6 7 7 9 1 10 7 11 4 12 13 13 8 14 13 15 14 16 3 17 9 18 11 8 7 20 13 21 7 22 16 24 6 25 14 26 2 27 19 28 9 29 2 30 3 31 3 32 3 33 5 34 17 35 7 36 2 37 1 39 9 41 11 43 6 44 18 47 16 48 14 49 5 50 7 51 5 52 20 53 15 54 1 55 18 56 3 57 6 58 16 59 14 60 18 61 15 63 7 64 20 65 15 66 3 67 1 68 17 69 8 70 7 71 9 72 9 73 13 74 5 75 11 23 4 38 20 40 11 42 15 45 2 46 11 62 2 76 11
20 0 6 1 14 2 9 3 14 4 10 5 5 6 12 7 7 8 20 9 13 11 4 12 20 13 17 14 14 15 14 16 9 17 2 18 17 19 13 10 7 21 6 22 4 23 13 24 12 25 5 27 3 28 17 29 6 30 9 31 18 34 4 35 10 36 16 37 10 38 1 39 14 40 19 41 8 42 11 43 20 44 7 45 13 46 17 47 17 49 15 50 18 51 1 52 1 53 11 54 1 55 10 56 14 57 12 58 4 59 3 60 17 62 13 63 6 64 2 65 3 66 1 67 20 68 1 69 13 70 4 71 14 72 20 73 7 75 11 76 16 26 11 32 3 33 3 48 2 61 7 74 5
21 0 12 1 19 2 13 3 12 4 19 5 3 6 1 7 5 8 17 9 7 10 17 12 8 13 13 14 6 15 6 16 4 17 3 18 19 19 7 20 6 22 7 23 9 24 4 25 18 26 2 27 5 28 7 29 15 31 16 32 20 33 11 35 6 36 20 37 11 39 9 40 19 41 3 42 1 43 6 44 14 45 20 46 12 47 14 48 17 49 1 50 7 51 19 52 12 53 15 54 20 56 8 57 11 58 17 60 8 61 18 62 3 63 5 64 5 65 10 66 9 67 17 68 17 69 8 70 18 71 15 72 1 73 5 74 17 75 3 76 14 30 2 34 20 38 4 55 13
22 0 11 1 8 2 14 3 13 4 13 5 12 7 9 8 16 9 7 10 9 11 10 12 10 13 11 14 2 15 14 16 11 17 12 18 9 19 16 20 4 21 7 6 6 23 10 24 8 25 2 26 20 27 2 28 19 29 1 30 17 31 7 32 15 33 15 34 2 35 1 36 1 37 7 38 8 39 18 40 8 41 7 42 18 43 3 44 18 45 11 47 9 49 19 50 8 51 11 52 19 53 9 54 8 55 5 56 2 57 9 58 2 59 3 60 3 62 6 63 16 64 7 65 12 66 18 67 15 68 2 69 19 70 17 71 12 72 2 73 12 74 14 75 6 76 18 46 15 48 15 61 13
23 0 3 1 10 2 12 3 1 4 15 5 7 6 12 7 1 8 2 9 6 10 15 11 7 12 8 13 6 15 8 16 10 18 18 20 13 21 9 22 10 14 15 17 16 19 4 24 17 25 19 26 17 28 8 29 17 30 12 31 15 32 10 33 16 34 4 35 18 36 16 37 17 38 5 39 16 40 19 41 17 42 20 43 12 45 10 46 13 47 10 49 20 50 6 51 11 52 3 54 18 55 2 56 20 57 18 58 14 59 10 60 13 61 8 62 17 63 5 64 8 66 7 67 10 68 17 69 9 70 14 71 8 72 18 73 14 74 2 75 7 76 13 44 7 48 6 53 6
24 1 16 2 5 3 10 4 9 5 15 6 9 7 15 9 12 10 12 11 2 12 18 13 5 14 1 15 14 16 9 17 18 18 2 19 6 20 12 21 4 22 8 23 17 0 13 25 6 26 5 27 18 28 18 29 15 30 8 31 14 32 14 33 20 34 2 37 17 39 20 40 1 41 15 42 7 43 1 44 20 45 9 46 17 47 17 48 16 49 18 50 2 51 7 52 19 53 18 55 6 56 11 59 17 60 5 61 16 62 8 63 12 64 17 65 4 66 4 67 12 68 20 69 15 71 18 72 10 73 17 74 16 75 5 76 12 35 11 36 5 38 1 54 13 57 4 58 18 70 9
25 1 18 2 4 3 17 4 1 5 12 6 13 7 19 8 4 9 13 10 2 12 11 13 3 14 3 15 12 16 19 17 3 18 1 19 14 20 5 21 18 22 2 23 19 24 6 26 14 28 4 29 1 30 15 31 18 32 20 34 6 35 13 36 10 37 17 38 13 39 4 40 2 42 16 43 20 44 10 45 4 46 4 47 16 48 20 49 9 51 14 52 3 53 3 54 13 56 17 57 13 58 12 59 7 60 1 61 19 62 3 63 6 64 19 65 6 66 14 67 4 68 1 69 18 70 6 71 2 72 10 73 1 74 12 75 14 76 2 27 14 33 6 41 20 50 19 55 6
26 0 5 1 18 2 10 3 14 5 20 6 5 7 16 8 5 9 14 10 12 11 18 12 2 13 2 14 9 15 13 16 12 17 3 18 15 19 2 21 2 22 20 23 17 24 5 25 14 4 13 20 11 28 20 29 11 30 3 31 12 32 9 33 14 34 20 35 11 36 16 37 13 38 5 39 17 40 7 41 2 42 3 43 19 44 20 45 19 47 16 48 17 49 12 50 19 52 12 53 9 54 16 55 14 56 14 57 4 58 13 59 10 60 1 61 1 62 20 63 18 64 18 65 10 66 15 67 20 68 1 70 3 71 19 72 2 73 12 74 2 75 16 76 10 27 5 51 12
27 0 12 1 5 2 15 3 1 4 12 5 8 6 20 7 5 8 12 9 13 10 4 11 20 12 11 13 6 14 5 15 3 16 7 17 1 19 19 20 3 21 5 22 2 24 18 18 20 25 14 26 5 28 20 29 1 30 8 31 20 32 3 33 8 34 10 35 16 36 15 37 10 38 13 39 12 40 3 41 16 42 12 43 10 44 4 45 9 46 20 47 16 48 13 49 17 50 4 51 3 53 19 55 1 56 10 57 14 58 5 59 8 60 19 61 6 62 8 63 6 64 11 65 10 66 20 67 13 68 13 69 14 70 16 71 11 72 1 73 1 74 6 76 17 52 3 54 5 75 5
28 0 13 1 15 2 15 3 12 4 19 5 16 6 8 7 14 8 11 9 5 10 15 11 7 13 1 14 2 16 6 17 15 18 2 19 9 20 17 21 7 22 19 23 8 24 18 25 4 26 20 27 20 12 10 15 20 29 17 30 14 31 12 32 17 34 9 35 8 36 9 37 16 38 5 41 7 42 3 43 11 44 3 45 19 48 10 49 19 50 12 51 6 52 1 53 14 55 4 56 9 57 13 58 5 59 16 60 12 61 14 62 19 63 16 64 4 65 15 66 8 67 19 70 19 71 19 72 11 73 12 74 13 75 4 76 9 33 18 39 2 40 12 46 13 47 8 54 6 68 14 69 11
29 0 19 1 3 2 12 3 14 4 13 5 5 6 9 7 7 8 16 9 8 10 4 11 7 12 8 13 17 14 12 15 5 16 11 17 3 18 18 19 2 20 6 21 15 22 1 23 17 24 15 25 1 26 11 27 1 28 17 30 13 31 14 32 5 33 18 34 7 35 8 36 16 38 1 39 8 40 7 41 14 42 10 44 9 45 15 46 12 47 5 49 8 50 17 51 9 52 15 53 3 54 6 55 18 56 5 57 20 58 17 59 3 60 5 62 16 63 16 64 1 65 10 66 9 67 17 70 3 71 9 72 10 73 20 75 6 76 10 37 20 43 14 48 6 61 2 68 6 69 4 74 14
30 0 18 1 10 3 1 4 20 5 3 6 4 7 18 8 20 9 8 10 2 11 8 12 1 13 2 14 14 15 18 17 8 19 3 20 9 22 17 23 12 24 8 25 15 26 3 27 8 28 14 29 13 2 20 16 12 18 12 21 2 32 3 33 5 35 7 36 9 37 19 38 20 39 10 40 20 41 1 42 10 44 5 45 4 47 1 48 1 49 9 50 10 51 10 52 6 53 8 55 15 56 1 57 4 58 10 59 14 60 19 61 18 62 20 63 12 64 10 65 2 66 6 67 6 68 11 69 20 70 17 71 14 74 6 76 19 31 6 34 20 43 12 46 12 54 17 72 6 73 10 75 13
31 0 20 1 10 2 8 3 4 4 10 5 10 6 1 7 1 9 19 10 19 11 6 12 11 13 11 14 17 15 17 16 14 17 13 18 15 19 3 20 18 21 16 22 7 23 15 24 14 25 18 26 12 27 20 28 12 29 14 8 2 30 6 32 19 34 11 35 4 36 3 37 12 38 13 39 11 40 5 42 13 43 7 44 10 45 1 46 18 47 11 48 20 49 20 50 12 51 12 52 12 53 13 55 7 56 17 57 10 58 20 59 12 60 5 61 16 62 12 63 15 64 13 65 7 66 3 67 3 68 1 69 16 70 14 71 8 72 4 73 16 74 17 76 15 33 14 41 1 54 5 75 1
32 0 14 1 5 2 10 3 17 4 6 5 12 6 5 7 19 8 14 9 3 10 8 11 1 12 8 13 1 14 20 15 3 16 9 17 6 19 3 21 20 22 15 23 10 24 14 25 20 26 9 27 3 28 17 29 5 30 3 31 19 18 2 20 3 33 2 35 18 36 7 37 9 39 20 41 20 42 3 43 8 45 1 47 15 49 14 50 16 51 8 52 12 53 9 54 3 55 6 56 8 57 17 58 13 60 11 61 18 62 12 63 10 64 4 65 15 66 11 67 12 68 10 69 15 70 2 71 16 72 14 73 7 75 19 34 20 38 2 40 7 44 15 46 7 59 18 74 7 76 4
33 0 14 1 7 2 13 3 15 5 8 6 2 7 3 8 6 9 16 10 3 11 4 12 12 13 15 14 6 15 2 16 3 17 2 19 5 21 11 22 15 23 16 24 20 26 14 27 8 29 18 30 5 32 2 18 12 20 3 25 6 28 18 31 14 34 2 35 10 36 6 38 8 39 5 40 3 41 12 42 2 43 13 44 19 45 14 46 8 47 20 48 6 49 4 50 5 52 5 53 1 54 2 55 8 57 8 59 11 61 19 62 12 63 13 64 3 65 13 66 17 67 18 69 12 70 6 71 18 72 19 74 6 75 13 76 13 37 4 51 11 58 15 60 14 73 19
34 1 19 2 19 3 8 4 14 5 3 6 14 7 2 8 18 9 12 10 9 12 16 13 19 14 12 15 7 16 13 19 17 20 4 22 2 23 4 24 2 25 6 26 20 27 10 28 9 29 7 31 11 33 2 0 8 11 6 17 9 18 15 21 20 30 20 32 20 35 9 36 9 37 4 38 12 39 18 40 2 41 20 42 11 43 12 44 20 45 14 46 19 47 18 48 5 49 8 50 16 51 3 52 14 53 7 54 5 55 16 56 13 57 6 58 19 59 7 60 13 61 5 62 12 63 7 65 2 67 12 68 13 69 13 70 14 72 2 73 9 74 4 75 1 76 6 64 16 66 16 71 11
35 0 2 2 11 3 15 4 1 5 4 6 8 7 6 8 14 9 2 10 16 11 2 12 9 13 12 14 17 15 7 16 10 17 10 18 2 19 7 20 10 21 6 22 1 23 18 25 13 26 11 27 16 28 8 29 8 30 7 31 4 32 18 33 10 34 9 1 8 24 11 36 16 37 5 38 3 39 7 40 3 41 11 42 14 43 3 44 9 46 1 47 16 48 12 50 9 51 16 52 14 53 5 54 3 55 5 56 6 57 14 58 1 59 14 60 9 62 18 63 20 64 20 65 11 67 19 68 4 69 1 70 8 71 2 72 13 73 3 74 9 75 14 76 12 45 13 49 3 61 10 66 14
36 0 7 1 3 2 14 3 2 4 7 5 5 6 20 7 10 10 6 11 4 12 2 13 5 14 10 15 6 16 7 18 11 19 2 20 16 21 20 22 1 23 16 25 10 26 16 27 15 28 9 29 16 30 9 31 3 32 7 33 6 34 9 35 16 8 17 9 1 17 10 24 5 37 14 38 19 39 13 40 14 41 9 42 6 43 7 44 20 45 20 46 2 47 1 48 14 49 8 50 2 51 8 52 3 53 18 54 10 55 1 56 14 57 6 58 10 59 19 60 8 61 19 62 10 63 14 64 5 66 18 67 7 68 17 69 8 70 17 71 14 72 9 74 13 75 17 76 18 65 15 73 18
37 1 9 2 15 3 20 4 5 5 15 6 15 7 15 8 17 9 11 10 6 12 4 13 16 15 3 16 1 17 18 18 7 19 1 20 10 21 11 22 7 23 17 24 17 25 17 26 13 27 10 28 16 30 19 31 12 32 9 34 4 35 5 36 14 0 15 11 18 14 12 29 20 33 4 38 6 39 7 41 9 42 5 43 11 44 2 45 6 46 4 47 9 48 14 49 18 50 15 52 5 53 20 54 1 56 5 57 6 58 11 59 7 60 11 61 1 62 15 63 7 64 1 65 17 66 19 67 5 68 13 69 13 70 19 71 9 72 16 73 1 74 11 75 11 76 3 40 1 51 1 55 6
38 0 13 1 11 3 16 4 16 5 20 6 4 7 1 8 14 9 4 10 20 11 6 12 6 13 1 14 9 15 6 16 10 17 16 18 20 20 1 22 8 23 5 25 13 26 5 27 13 28 5 29 1 30 20 31 13 33 8 34 12 35 3 36 19 37 6 2 3 19 20 21 4 24 1 32 2 41 5 42 12 43 7 44 6 45 5 46 3 47 13 48 12 49 13 51 7 52 4 53 5 55 6 56 15 57 5 58 7 60 20 61 6 62 11 63 13 64 13 65 2 66 10 67 20 68 3 69 4 70 15 71 5 72 14 73 3 74 7 76 16 39 1 40 4 50 11 54 6 59 7 75 9
39 1 15 2 11 3 10 4 16 5 2 6 20 7 20 8 11 9 13 10 16 11 5 12 18 13 14 15 10 16 13 17 9 18 15 19 9 20 14 21 9 22 18 23 16 24 20 25 4 26 17 27 12 29 8 30 10 31 11 32 20 33 5 34 18 35 7 36 13 37 7 0 2 14 19 28 2 38 1 40 12 41 1 42 15 43 1 44 1 45 7 46 14 47 4 48 13 49 16 50 18 51 5 52 13 53 18 54 16 55 7 56 12 57 15 58 13 59 10 61 5 62 2 63 8 64 3 65 19 67 14 68 6 69 17 70 13 71 8 72 20 73 16 74 15 75 13 76 7 60 3 66 5
40 0 8 1 13 2 18 4 18 7 14 8 16 9 3 10 20 11 17 12 1 13 2 14 4 15 7 16 6 17 13 18 15 20 19 21 19 22 8 23 19 24 1 25 2 26 7 27 3 29 7 30 20 31 5 33 3 34 2 35 3 36 14 39 12 3 14 5 11 6 12 19 11 28 12 32 7 37 1 38 4 41 5 43 18 44 12 45 3 47 6 48 6 49 15 50 5 51 1 52 8 53 9 54 7 55 5 56 7 57 7 58 12 59 6 60 7 61 18 62 16 63 10 65 16 66 13 67 12 68 3 69 5 70 14 71 9 73 14 74 12 75 8 76 15 42 15 46 8 64 3 72 19
41 0 15 1 5 2 4 3 7 4 4 5 19 6 2 7 14 8 6 11 5 12 10 14 20 15 8 16 8 17 19 18 11 19 11 20 8 21 3 22 7 23 17 24 15 26 2 27 16 28 7 29 14 30 1 32 20 33 12 34 20 35 11 36 9 37 9 38 5 39 1 40 5 9 9 10 13 13 9 25 20 31 1 42 18 43 11 44 2 45 14 46 1 48 19 49 20 50 16 51 14 52 20 53 12 54 6 55 2 56 8 57 18 58 6 59 10 61 2 62 20 63 9 64 7 65 9 66 4 67 14 68 4 69 10 70 12 71 19 73 16 74 2 75 17 47 13 60 4 76 4
42 0 12 1 8 2 9 3 11 4 17 5 18 6 2 7 15 8 4 9 7 10 8 11 9 12 10 13 18 14 4 15 7 16 18 17 2 18 3 20 11 21 1 22 18 23 20 24 7 25 16 26 3 27 12 28 3 29 10 30 10 31 13 32 3 33 2 34 11 35 14 36 6 37 5 38 12 39 15 41 18 19 15 40 15 43 3 45 2 46 15 47 3 48 11 49 15 50 19 51 10 52 16 53 9 54 1 55 9 56 16 57 16 59 9 60 8 62 12 63 18 64 12 65 12 66 15 67 20 68 6 69 10 71 3 72 8 73 13 74 12 75 4 76 10 44 11 61 11 70 11
43 0 19 1 12 2 4 3 13 4 7 5 15 6 6 7 6 8 1 9 7 10 11 11 6 12 18 13 6 14 4 15 16 16 16 17 16 19 6 20 20 21 6 22 3 23 12 24 1 25 20 26 19 27 10 28 11 31 7 32 8 33 13 34 12 35 3 36 7 37 11 38 7 39 1 40 18 41 11 42 3 29 14 30 12 44 1 46 3 47 6 48 3 50 13 51 10 52 18 53 15 54 4 55 13 56 11 57 3 58 18 59 5 60 18 61 5 62 17 63 19 64 4 65 3 66 11 67 6 68 18 70 17 71 16 72 4 73 5 76 5 45 2 49 10 69 20 74 19 75 15
44 0 9 1 8 2 19 3 17 4 11 5 9 6 18 7 10 8 1 9 18 10 7 12 15 13 10 16 9 17 7 18 5 19 18 20 7 21 14 22 18 24 20 25 10 26 20 27 4 28 3 29 9 30 5 31 10 33 19 34 20 35 9 36 20 37 2 38 6 39 1 40 12 41 2 43 1 11 20 14 4 15 1 23 7 32 15 42 11 46 4 47 3 48 2 49 19 50 2 51 4 52 5 53 17 54 11 55 4 56 2 58 4 59 19 60 16 61 11 62 18 63 5 65 5 66 9 67 9 68 6 69 6 70 6 71 6 72 8 73 16 74 15 75 5 76 2 45 5 57 3 64 1
45 0 10 1 4 2 11 3 15 4 1 5 8 7 10 8 4 9 17 10 14 11 5 13 8 14 17 16 4 17 9 18 13 20 13 21 20 22 11 23 10 24 9 25 4 26 19 27 9 28 19 29 15 30 4 31 1 32 1 33 14 34 14 36 20 37 6 38 5 39 7 40 3 41 14 42 2 6 10 15 2 19 2 35 13 43 2 44 5 47 8 48 2 49 15 50 14 51 8 52 11 53 8 54 8 55 4 56 3 57 10 58 13 59 7 60 3 61 3 62 10 63 15 65 15 67 2 68 18 69 10 70 4 71 19 72 3 73 18 74 18 75 8 46 20 64 2
46 0 15 1 16 2 10 3 4 4 10 5 16 6 14 7 17 9 17 11 18 12 19 13 19 14 4 15 1 16 17 17 17 18 2 20 17 21 12 23 13 24 17 25 4 27 20 29 12 31 18 33 8 34 19 35 1 36 2 37 4 38 3 39 14 41 1 42 15 43 3 44 4 8 15 10 19 19 11 22 15 28 13 30 12 32 7 40 8 45 20 47 4 48 9 49 1 50 10 51 8 52 2 53 19 54 11 55 6 56 11 57 11 58 7 59 9 60 9 62 13 63 15 64 3 66 11 67 13 69 17 70 13 71 15 73 15 75 6 76 13 61 4 65 13 68 2 72 14 74 12
47 0 12 1 18 3 15 4 19 5 18 6 13 7 2 8 3 9 13 10 11 11 18 12 17 13 18 16 12 17 3 18 8 19 16 20 17 21 14 22 9 23 10 24 17 25 16 26 16 27 16 29 5 30 1 31 11 32 15 33 20 34 18 35 16 36 1 37 9 38 13 39 4 40 6 42 3 43 6 44 3 45 8 46 4 2 2 14 12 28 8 41 13 48 14 49 17 50 4 51 3 52 19 53 14 54 6 56 2 57 12 58 17 61 16 62 12 63 19 64 2 65 6 66 11 67 13 68 17 69 4 70 17 71 10 72 8 73 1 74 3 75 3 76 15 55 20 59 3 60 16
48 0 5 1 5 2 10 3 1 4 3 5 11 6 19 8 4 9 11 10 7 11 12 12 2 13 2 15 20 16 12 17 13 18 3 19 14 21 17 24 16 25 20 26 17 27 13 28 10 30 1 31 20 33 6 34 5 35 12 36 14 37 14 38 12 39 13 40 6 41 19 42 11 43 3 44 2 45 2 46 9 47 14 7 8 14 3 20 2 22 15 23 6 29 6 49 2 50 14 51 5 52 1 53 7 54 6 55 8 56 18 57 1 58 14 59 3 60 18 61 8 62 12 63 1 64 1 66 7 67 16 68 5 69 10 71 4 72 7 73 3 74 6 75 18 76 15 65 6
49 0 10 1 20 2 7 4 4 5 18 6 3 7 9 8 9 9 1 10 5 11 6 12 16 13 10 14 15 15 6 16 18 17 19 18 1 19 5 20 15 21 1 22 19 23 20 24 18 25 9 26 12 27 17 28 19 29 8 30 9 31 20 32 14 33 4 34 8 36 8 37 18 38 13 39 16 40 15 41 20 42 15 44 19 45 15 46 1 47 17 48 2 3 19 35 3 43 10 50 12 51 11 52 1 53 10 54 14 55 17 56 14 57 14 58 2 59 9 60 10 61 20 62 19 63 6 64 14 65 19 66 16 67 5 68 3 69 6 70 6 71 20 72 6 73 14 74 16 75 11 76 1
50 1 16 2 17 3 20 4 17 5 18 6 12 7 1 10 16 11 13 13 19 14 7 15 9 16 5 17 9 18 20 19 7 20 18 21 7 22 8 23 6 24 2 26 19 27 4 28 12 29 17 30 10 31 12 32 16 33 5 34 16 35 9 36 2 37 15 39 18 40 5 41 16 42 19 43 13 44 2 45 14 46 10 47 4 48 14 49 12 0 6 8 8 9 2 25 19 38 11 51 20 52 1 53 10 54 4 55 15 56 3 57 12 58 11 59 2 60 6 61 14 62 6 63 6 64 7 65 9 66 17 67 13 68 16 69 6 70 8 71 19 73 11 74 20 75 7 76 19 72 15
51 0 14 1 17 2 4 4 10 5 1 6 17 7 7 8 2 9 11 10 16 11 14 12 17 13 13 14 3 15 18 16 2 17 13 18 5 19 5 20 1 21 19 22 11 23 11 24 7 25 14 27 3 28 6 29 9 30 10 31 12 32 8 34 3 35 16 36 8 38 7 39 5 40 1 41 14 42 10 43 10 44 4 45 8 46 8 47 3 48 5 49 11 50 20 3 3 26 12 33 11 37 1 52 8 53 14 54 3 55 18 56 17 57 14 58 5 59 14 60 18 61 2 62 17 63 8 64 16 65 14 66 9 67 7 68 9 69 18 70 10 71 4 72 5 74 9 75 4 76 1 73 12
52 0 9 1 1 2 3 3 14 4 1 5 12 6 13 7 1 9 1 10 6 11 15 12 8 13 7 14 13 15 2 16 8 18 5 19 20 20 1 21 12 22 19 23 3 24 19 25 3 26 12 28 1 29 15 30 6 31 12 32 12 33 5 34 14 35 14 36 3 37 5 38 4 39 13 40 8 41 20 42 16 43 18 44 5 45 11 46 2 47 19 48 1 49 1 50 1 51 8 8 9 17 9 27 3 53 19 54 4 55 11 56 15 58 20 61 19 62 17 63 13 65 20 66 8 67 9 68 10 69 14 70 13 72 11 73 16 74 15 75 11 76 13 57 1 59 3 60 19 64 19 71 11
53 0 16 1 10 2 10 3 16 4 3 6 17 7 14 8 20 9 13 10 6 11 3 12 4 13 1 14 3 15 3 16 3 17 16 18 14 19 15 20 11 21 15 22 9 24 18 25 3 26 9 27 19 28 14 29 3 30 8 31 13 32 9 33 1 34 7 35 5 36 18 37 20 38 5 39 18 40 9 41 12 42 9 43 15 44 17 45 8 46 19 47 14 48 7 49 10 50 10 51 14 52 19 5 2 23 6 54 16 56 2 57 10 58 13 59 3 61 8 62 3 63 9 64 8 65 14 66 15 68 8 69 14 70 10 71 19 72 3 74 14 76 6 55 10 60 10 67 7 73 11 75 1
54 0 12 1 7 2 20 3 15 4 5 5 16 6 12 7 10 8 8 10 14 11 15 12 4 13 11 14 8 15 18 16 8 17 5 18 20 19 1 20 1 21 20 22 8 23 18 25 13 26 16 29 6 32 3 33 2 34 5 35 3 36 10 37 1 39 16 40 7 41 6 42 1 43 4 44 11 45 8 46 11 47 6 48 6 49 14 50 4 51 3 52 4 53 16 9 16 24 13 27 5 28 6 30 17 31 5 38 6 55 5 56 12 57 3 58 12 59 11 60 5 61 1 62 11 64 1 65 3 66 19 67 7 68 2 69 5 70 19 71 20 72 18 73 17 74 1 75 16 76 5 63 9
55 0 17 1 12 3 19 4 4 5 10 6 2 7 13 8 17 9 3 10 11 11 6 12 6 13 15 14 12 17 5 18 11 19 18 20 10 22 5 23 2 24 6 26 14 27 1 28 4 29 18 30 15 31 7 32 6 33 8 34 16 35 5 36 1 38 6 39 7 40 5 41 2 42 9 43 13 44 4 45 4 46 6 48 8 49 17 50 15 51 18 52 11 54 5 2 2 15 7 16 15 21 13 25 6 37 6 47 20 53 10 56 18 57 19 58 16 59 6 60 7 61 16 63 17 64 16 65 4 66 17 67 9 68 19 69 11 70 11 71 17 72 5 73 11 74 18 75 12 76 14 62 7
56 0 4 1 3 2 13 3 19 4 18 5 18 6 1 7 4 8 8 9 18 10 16 11 6 12 4 13 17 14 2 15 17 17 19 18 6 19 3 20 14 21 8 22 2 23 20 24 11 25 17 26 14 27 10 28 9 29 5 30 1 31 17 32 8 34 13 35 6 36 14 37 5 38 15 39 12 40 7 41 8 42 16 43 11 44 2 45 3 46 11 47 2 48 18 49 14 50 3 51 17 52 15 53 2 54 12 55 18 16 4 57 4 60 11 61 3 62 15 63 20 64 1 65 6 66 18 67 15 68 5 69 20 70 15 71 17 72 9 73 18 74 10 75 1 76 9 58 19 59 17
57 0 18 1 7 2 11 3 12 4 2 5 11 7 8 8 18 9 11 10 1 11 16 12 16 13 9 14 11 17 12 18 12 19 6 20 12 21 11 22 9 23 18 25 13 26 4 27 14 28 13 29 20 30 4 31 10 32 17 33 8 34 6 35 14 36 6 37 6 38 5 39 15 40 7 41 18 42 16 43 3 45 10 46 11 47 12 48 1 49 14 50 12 51 14 53 10 54 3 55 19 56 4 6 10 15 1 16 10 24 4 44 3 52 1 58 7 59 11 60 6 61 19 62 5 63 11 64 8 65 7 66 14 67 7 68 11 70 15 71 3 72 9 73 2 75 15 76 20 69 12 74 5
58 1 19 2 9 3 4 4 4 5 4 6 10 7 14 8 17 10 19 11 18 12 6 13 3 14 13 16 19 17 2 18 13 19 16 20 4 21 17 22 2 23 14 25 12 26 13 27 5 28 5 29 17 30 10 31 20 32 13 34 19 35 1 36 10 37 11 38 7 39 13 40 12 41 6 43 18 44 4 45 13 46 7 47 17 48 14 49 2 50 11 51 5 52 20 53 13 54 12 55 16 57 7 0 7 9 3 15 1 24 18 33 15 56 19 59 1 60 18 61 19 62 17 63 3 64 8 67 2 68 18 69 8 70 20 71 5 73 3 74 6 75 16 65 13 66 12 72 9 76 3
59 0 8 1 20 2 6 3 1 4 1 5 19 6 8 9 12 10 9 11 15 12 13 13 13 14 16 15 12 16 4 17 15 18 11 19 14 20 3 22 3 23 10 24 17 25 7 26 10 27 8 28 16 29 3 30 14 31 12 33 11 34 7 35 14 36 19 37 7 39 10 40 6 41 10 42 9 43 5 44 19 45 7 46 9 48 3 49 9 50 2 51 14 53 3 54 11 55 6 57 11 58 1 7 5 8 7 32 18 38 7 47 3 52 3 56 17 60 17 61 3 62 9 63 8 64 18 65 4 67 19 68 20 69 11 70 7 71 14 72 10 73 10 74 17 75 1 76 14 66 17
60 0 13 1 20 2 2 3 18 4 20 5 8 6 10 7 8 8 7 9 5 10 11 11 10 12 5 13 15 14 2 15 10 16 13 17 10 18 1 19 18 20 17 21 8 22 3 23 13 24 5 25 1 26 1 27 19 28 12 29 5 30 19 31 5 32 11 34 13 35 9 36 8 37 11 38 20 40 7 42 8 43 18 44 16 45 3 46 9 48 18 49 10 50 6 51 18 54 5 55 7 56 11 57 6 58 18 59 17 33 14 39 3 41 4 47 16 52 19 53 10 61 15 62 15 63 7 64 2 65 16 66 20 67 17 68 16 69 1 70 9 71 14 72 13 73 7 74 10 75 16 76 7
61 0 8 1 15 2 1 3 18 4 5 5 13 6 15 7 6 9 15 10 12 13 12 14 1 15 16 16 12 17 2 18 20 19 15 21 18 23 8 24 16 25 19 26 1 27 6 28 14 30 18 31 16 32 18 33 19 34 5 36 19 37 1 38 6 39 5 40 18 41 2 43 5 44 11 45 3 47 16 48 8 49 20 50 14 51 2 52 19 53 8 54 1 55 16 56 3 57 19 58 19 59 3 60 15 8 2 11 13 12 9 20 7 22 13 29 2 35 10 42 11 46 4 62 7 64 15 65 12 66 6 67 6 69 11 70 9 71 7 72 1 73 11 74 19 75 16 76 7 63 13 68 18
62 0 20 1 9 2 5 3 10 5 16 6 11 7 8 9 12 10 3 11 12 12 9 14 2 15 15 16 19 17 16 18 3 20 13 21 3 22 6 23 17 24 8 25 3 26 20 27 8 28 19 29 16 30 20 31 12 32 12 33 12 34 12 35 18 36 10 37 15 38 11 39 2 40 16 41 20 42 12 43 17 44 18 45 10 46 13 47 12 48 12 49 19 50 6 51 17 52 17 53 3 54 11 56 15 57 5 58 17 59 9 60 15 61 7 4 13 8 13 19 2 55 7 63 16 64 18 65 6 66 4 67 13 68 2 69 10 70 6 71 6 72 11 74 18 75 2 76 3 73 10
63 0 1 1 17 2 7 4 17 5 11 6 7 7 9 8 18 9 12 10 11 11 16 12 20 13 17 14 15 16 1 17 10 18 16 19 7 20 6 21 5 22 16 23 5 24 12 25 6 26 18 27 6 28 16 29 16 30 12 31 15 32 10 33 13 34 7 35 20 36 14 37 7 38 13 39 8 40 10 41 9 42 18 43 19 44 5 45 15 46 15 47 19 48 1 49 6 50 6 51 8 52 13 53 9 55 17 56 20 57 11 58 3 59 8 60 7 62 16 3 5 15 20 54 9 61 13 64 3 65 9 66 17 67 15 68 7 70 7 71 7 72 1 74 17 75 4 69 19 73 11 76 16
64 0 10 1 12 2 6 3 8 4 17 5 1 6 13 7 13 8 10 9 14 10 20 11 3 12 6 13 15 14 5 15 1 16 17 17 6 18 17 19 20 20 2 21 5 22 7 23 8 24 17 25 19 26 18 27 11 28 4 29 1 30 10 31 13 32 4 33 3 35 20 36 5 37 1 38 13 39 3 41 7 42 12 43 4 46 3 47 2 48 1 49 14 50 7 51 16 53 8 54 1 55 16 56 1 57 8 58 8 59 18 60 2 61 15 62 18 63 3 34 16 40 3 44 1 45 2 52 19 65 9 66 11 67 17 68 11 69 10 70 5 71 6 72 15 73 16 74 20 75 19 76 7
65 1 9 2 1 3 5 4 20 5 16 6 8 7 13 8 11 9 10 10 3 11 10 12 3 13 12 14 19 16 3 17 19 18 1 19 15 20 3 21 10 22 12 24 4 25 6 26 10 27 10 28 15 29 10 30 2 31 7 32 15 33 13 34 2 35 11 37 17 38 2 39 19 40 16 41 9 42 12 43 3 44 5 45 15 47 6 49 19 50 9 51 14 52 20 53 14 54 3 55 4 56 6 57 7 59 4 60 16 61 12 62 6 63 9 64 9 0 5 15 16 36 15 46 13 48 6 58 13 66 7 67 14 68 13 70 13 71 8 72 13 73 1 74 14 75 12 76 16 69 11
66 0 9 1 4 2 10 3 12 4 1 5 11 6 6 7 16 8 5 9 13 10 13 11 2 12 20 14 8 15 12 16 6 17 20 18 5 19 3 20 1 21 9 22 18 23 7 24 4 25 14 26 15 27 20 28 8 29 9 30 6 31 3 32 11 33 17 36 18 37 19 38 10 40 13 41 4 42 15 43 11 44 9 46 11 47 11 48 7 49 16 50 17 51 9 52 8 53 15 54 19 55 17 56 18 57 14 60 20 61 6 62 4 63 17 64 11 65 7 34 16 35 14 39 5 58 12 59 17 67 4 68 13 69 15 70 3 71 10 72 11 73 2 74 13 75 1 76 2
67 0 18 1 14 2 6 3 8 4 6 5 9 6 3 7 6 8 6 9 8 10 14 11 19 12 18 13 20 15 7 16 14 17 13 19 1 20 20 21 17 22 15 23 10 24 12 25 4 26 20 27 13 28 19 29 17 30 6 31 3 32 12 33 18 34 12 35 19 36 7 37 5 38 20 39 14 40 12 41 14 42 20 43 6 44 9 45 2 46 13 47 13 48 16 49 5 50 13 51 7 52 9 54 7 55 9 56 15 57 7 58 2 59 19 60 17 61 6 62 13 63 15 64 17 65 14 66 4 18 12 53 7 68 8 69 16 70 15 71 18 72 9 73 1 74 3 75 18 76 19
68 0 9 1 13 2 1 3 16 4 11 8 11 9 4 11 18 12 11 13 16 14 5 15 2 16 2 17 3 18 10 19 17 20 1 21 17 22 2 23 17 24 20 25 1 26 1 27 13 30 11 31 1 32 10 34 13 35 4 36 17 37 13 38 3 39 6 40 3 41 4 42 6 43 18 44 6 45 18 47 17 48 5 49 3 50 16 51 9 52 10 53 8 54 2 55 19 56 5 57 11 58 18 59 20 60 16 62 2 63 7 64 11 65 13 66 13 67 8 5 20 6 1 7 1 28 14 29 6 46 2 61 18 69 11 70 13 71 3 72 15 73 3 74 1 75 15 76 19
69 0 7 1 18 2 19 3 6 4 2 5 8 7 20 9 1 10 1 11 7 12 2 13 16 14 2 15 18 16 6 17 19 18 8 19 8 20 13 21 8 22 19 23 9 24 15 25 18 27 14 30 20 31 16 32 15 33 12 34 13 35 1 36 8 37 13 38 4 39 17 40 5 41 10 42 10 44 6 45 10 46 17 47 4 48 10 49 6 50 6 51 18 52 14 53 14 54 5 55 11 56 20 58 8 59 11 60 1 61 11 62 10 64 10 66 15 67 16 68 11 6 1 8 2 28 11 29 4 43 20 57 12 63 19 65 11 70 3 71 7 72 18 73 18 74 9 75 3 76 10
70 0 20 2 20 3 13 4 14 5 2 6 10 7 2 8 11 9 17 10 16 11 4 12 8 13 1 14 14 15 12 16 15 17 13 18 1 19 7 20 4 21 18 22 17 23 14 25 6 26 3 27 16 28 19 29 3 30 17 31 14 32 2 33 6 34 14 35 8 36 17 37 19 38 15 39 13 40 14 41 12 43 17 44 6 45 4 46 13 47 17 49 6 50 8 51 10 52 13 53 10 54 19 55 11 56 15 57 15 58 20 59 7 60 9 61 9 62 6 63 7 64 5 65 13 66 3 67 15 68 13 69 3 1 19 24 9 42 11 71 5 72 14 73 7 74 1 75 3 76 17
71 0 9 1 7 2 13 3 13 4 14 5 17 6 19 7 4 8 8 9 9 10 14 11 7 12 1 13 4 14 7 15 8 16 4 17 1 19 9 20 14 21 15 22 12 23 8 24 18 25 2 26 19 27 11 28 19 29 9 30 14 31 8 32 16 33 18 35 2 36 14 37 9 38 5 39 8 40 9 41 19 42 3 43 16 44 6 45 19 46 15 47 10 48 4 49 20 50 19 51 4 53 19 54 20 55 17 56 17 57 3 58 5 59 14 60 14 61 7 62 6 63 7 64 6 65 8 66 10 67 18 68 3 69 7 70 5 18 15 34 11 52 11 72 9 73 13 74 7 75 2 76 12
72 0 4 1 14 2 12 3 20 4 17 5 12 6 14 7 18 8 13 9 3 10 10 11 18 12 19 14 17 15 13 16 18 17 2 18 2 19 9 20 20 21 1 22 2 23 18 24 10 25 10 26 2 27 1 28 11 29 10 31 4 32 14 33 19 34 2 35 13 36 9 37 16 38 14 39 20 42 8 43 4 44 8 45 3 47 8 48 7 49 6 51 5 52 11 53 3 54 18 55 5 56 9 57 9 59 10 60 13 61 1 62 11 63 1 64 15 65 13 66 11 67 9 68 15 69 18 70 14 71 9 13 1 30 6 40 19 46 14 50 15 58 9 73 2 74 14 75 6 76 2
73 0 15 1 16 2 9 3 10 4 2 6 3 7 11 8 14 9 5 10 17 11 16 12 9 13 8 14 6 15 7 16 20 17 8 18 1 19 13 20 7 21 5 22 12 23 14 24 17 25 1 26 12 27 1 28 12 29 20 31 16 32 7 34 9 35 3 37 1 38 3 39 16 40 14 41 16 42 13 43 5 44 16 45 18 46 15 47 1 48 3 49 14 50 11 52 16 54 17 55 11 56 18 57 2 58 3 59 10 60 7 61 11 64 16 65 1 66 2 67 1 68 3 69 18 70 7 71 13 72 2 5 5 30 10 33 19 36 18 51 12 53 11 62 10 63 11 74 19 75 7 76 16
74 0 15 1 5 2 20 3 5 4 1 5 17 6 16 7 18 9 20 10 11 11 12 12 1 13 11 14 2 15 7 16 2 17 1 18 7 19 5 21 17 22 14 23 2 24 16 25 12 26 2 27 6 28 13 30 6 31 17 33 6 34 4 35 9 36 13 37 11 38 7 39 15 40 12 41 2 42 12 44 15 45 18 47 3 48 6 49 16 50 20 51 9 52 15 53 14 54 1 55 18 56 10 58 6 59 17 60 10 61 19 62 18 63 17 64 20 65 14 66 13 67 3 68 1 69 9 70 1 71 7 72 14 73 19 8 18 20 5 29 14 32 7 43 19 46 12 57 5 75 2 76 9
75 0 3 1 14 2 14 3 9 4 6 5 19 6 20 7 9 8 2 9 1 10 7 11 13 12 6 13 13 14 14 15 19 16 17 17 1 18 13 19 11 20 11 21 3 22 6 23 7 24 5 25 14 26 16 28 4 29 6 32 19 33 13 34 1 35 14 36 17 37 11 39 13 40 8 41 17 42 4 44 5 45 8 46 6 47 3 48 18 50 7 51 4 52 11 54 16 55 12 56 1 57 15 58 16 59 1 60 16 61 16 62 2 63 4 64 19 65 12 66 1 67 18 68 15 69 3 70 3 71 2 72 6 73 7 74 2 27 5 30 13 31 1 38 9 43 15 49 11 53 1 76 18
76 0 5 1 5 2 10 3 1 4 8 5 20 7 6 8 8 9 6 10 20 11 1 12 10 13 17 14 10 16 4 17 2 18 3 20 16 21 14 22 18 23 13 24 12 25 2 26 10 27 17 28 9 29 10 30 19 31 15 33 13 34 6 35 12 36 18 37 3 38 16 39 7 40 15 42 10 43 5 44 2 46 13 47 15 48 15 50 19 51 1 52 13 53 6 54 5 55 14 56 9 57 20 59 14 60 7 61 7 62 3 64 7 65 16 66 2 67 19 68 19 69 10 70 17 71 12 72 2 73 16 74 9 75 18 6 8 15 4 19 11 32 4 41 4 49 1 58 3 63 16
