31
0 1 18 2 17 4 19 6 10 7 10 10 7 11 2 12 10 13 16 14 19 15 10 17 7 19 6 20 1 21 18 22 1 23 10 24 17 25 11 26 15 27 19 28 3 29 5 3 8 5 2 8 7 9 14 16 16 18 11 30 5
1 0 18 2 5 3 17 4 20 5 2 6 8 7 11 8 5 9 13 10 20 11 16 12 10 14 15 15 7 16 7 17 13 18 5 19 3 20 11 21 11 22 8 23 15 24 3 25 8 26 16 27 6 28 13 29 18 30 11 13 14
2 0 17 1 5 3 5 4 7 6 2 7 8 10 18 11 6 13 13 14 9 15 2 16 15 17 10 19 1 20 6 21 18 22 17 23 1 24 11 25 6 26 20 27 11 28 11 29 6 30 17 5 14 8 1 9 4 12 13
3 1 17 2 5 0 8 4 3 5 1 8 3 9 3 10 5 11 4 12 19 14 10 15 15 16 15 17 18 19 19 20 7 21 16 22 20 23 3 24 3 25 14 26 8 27 20 29 10 30 19 6 11 7 8 18 17 28 11
4 0 19 1 20 2 7 3 3 5 8 6 14 7 14 8 2 9 15 10 8 11 2 12 11 13 11 14 9 15 14 16 9 17 4 18 15 19 11 20 19 21 7 22 12 23 2 24 4 25 12 26 7 27 15 28 10 29 11 30 8
5 1 2 3 1 4 8 0 2 2 14 6 19 7 13 8 20 9 18 11 10 12 9 13 11 14 19 15 14 17 2 18 16 19 3 20 9 21 8 22 4 23 7 24 10 25 6 26 13 28 6 29 4 30 2 10 9 16 17 27 13
6 0 10 1 8 2 2 4 14 5 19 3 11 7 16 8 8 9 5 10 1 11 14 12 5 13 9 14 10 15 10 16 5 17 19 18 8 19 5 20 13 21 9 22 11 24 9 25 10 28 14 29 6 30 7 23 2 26 19 27 17
7 0 10 1 11 2 8 4 14 5 13 6 16 3 8 8 3 10 15 11 3 12 5 13 10 15 16 16 14 17 16 18 4 19 9 20 13 21 15 22 4 23 6 24 10 26 9 27 7 28 3 29 16 30 5 9 10 25 12
8 1 5 3 3 4 2 5 20 6 8 7 3 0 7 2 1 9 2 11 2 12 12 13 16 14 11 15 13 16 17 17 13 18 17 19 6 20 10 21 10 23 2 24 13 25 20 27 8 28 9 29 12 30 9 10 5 22 5 26 7
9 1 13 3 3 4 15 5 18 6 5 8 2 0 14 2 4 7 10 11 1 12 7 13 9 15 13 16 19 17 5 18 20 19 15 20 6 21 8 22 17 23 17 24 5 25 10 26 12 27 1 28 17 29 19 30 10 10 17 14 14
10 0 7 1 20 2 18 3 5 4 8 6 1 7 15 5 9 8 5 9 17 11 18 12 9 13 15 14 19 15 18 16 7 17 8 18 1 20 15 21 7 22 8 23 11 24 7 25 16 26 11 27 19 28 2 29 12 30 14 19 13
11 0 2 1 16 2 6 3 4 4 2 5 10 6 14 7 3 8 2 9 1 10 18 12 10 13 13 14 17 15 10 16 5 18 19 19 15 20 6 21 13 22 9 23 7 25 14 26 15 27 20 28 19 30 12 17 1 24 17 29 2
12 0 10 1 10 3 19 4 11 5 9 6 5 7 5 8 12 9 7 10 9 11 10 2 13 13 4 14 6 15 9 16 1 17 1 18 6 20 10 21 12 22 6 23 9 24 19 25 2 26 14 28 16 29 13 30 15 19 2 27 12
13 0 16 2 13 4 11 5 11 6 9 7 10 8 16 9 9 10 15 11 13 12 4 1 14 14 15 15 12 16 2 17 19 19 10 20 6 21 1 22 12 23 19 24 4 25 1 26 10 27 12 28 16 29 16 30 20 18 20
14 0 19 1 15 2 9 3 10 4 9 5 19 6 10 8 11 10 19 11 17 12 6 13 15 9 14 15 3 16 12 17 18 18 5 19 5 20 4 21 14 22 20 23 4 26 5 27 9 28 1 29 16 30 1 24 3 25 8
15 0 10 1 7 2 2 3 15 4 14 5 14 6 10 7 16 8 13 9 13 10 18 11 10 12 9 13 12 14 3 16 12 18 11 19 10 20 9 21 15 22 5 23 11 24 12 25 16 26 19 27 10 28 17 29 12 17 8 30 4
16 1 7 2 15 3 15 4 9 6 5 7 14 8 17 9 19 10 7 11 5 12 1 13 2 14 12 15 12 0 16 5 17 17 15 18 6 19 12 20 19 22 3 23 11 24 2 25 9 26 4 27 19 28 20 29 11 30 16 21 14
17 0 7 1 13 2 10 3 18 4 4 5 2 6 19 7 16 8 13 9 5 10 8 12 1 13 19 14 18 16 15 11 1 15 8 18 17 19 1 20 11 21 14 22 20 23 19 24 6 27 12 29 17 30 20 25 6 26 2 28 20
18 1 5 4 15 5 16 6 8 7 4 8 17 9 20 10 1 11 19 12 6 14 5 15 11 16 6 17 17 0 11 3 17 13 20 19 5 20 6 21 4 22 10 23 16 25 1 26 5 27 12 28 15 29 16 30 4 24 4
19 0 6 1 3 2 1 3 19 4 11 5 3 6 5 7 9 8 6 9 15 11 15 13 10 14 5 15 10 16 12 17 1 18 5 10 13 12 2 20 18 21 12 23 6 24 10 25 13 26 20 27 3 28 14 29 16 22 1 30 1
20 0 1 1 11 2 6 3 7 4 19 5 9 6 13 7 13 8 10 9 6 10 15 11 6 12 10 13 6 14 4 15 9 16 19 17 11 18 6 19 18 21 18 22 18 23 17 24 8 25 8 26 14 27 9 28 17 29 13 30 12
21 0 18 1 11 2 18 3 16 4 7 5 8 6 9 7 15 8 10 9 8 10 7 11 13 12 12 13 1 14 14 15 15 17 14 18 4 19 12 20 18 16 14 22 2 23 4 24 13 25 16 26 19 27 14 28 10 29 4 30 20
22 0 1 1 8 2 17 3 20 4 12 5 4 6 11 7 4 9 17 10 8 11 9 12 6 13 12 14 20 15 5 16 3 17 20 18 10 20 18 21 2 8 5 19 1 23 12 24 10 25 8 26 4 28 4 29 2 30 10 27 11
23 0 10 1 15 2 1 3 3 4 2 5 7 7 6 8 2 9 17 10 11 11 7 12 9 13 19 14 4 15 11 16 11 17 19 18 16 19 6 20 17 21 4 22 12 6 2 25 13 26 2 27 10 28 15 29 8 30 1 24 14
24 0 17 1 3 2 11 3 3 4 4 5 10 6 9 7 10 8 13 9 5 10 7 12 19 13 4 15 12 16 2 17 6 19 10 20 8 21 13 22 10 11 17 14 3 18 4 23 14 27 13 28 17 29 1 30 4 25 8 26 9
25 0 11 1 8 2 6 3 14 4 12 5 6 6 10 8 20 9 10 10 16 11 14 12 2 13 1 15 16 16 9 18 1 19 13 20 8 21 16 22 8 23 13 7 12 14 8 17 6 24 8 26 9 27 15 28 12 29 12 30 14
26 0 15 1 16 2 20 3 8 4 7 5 13 7 9 9 12 10 11 11 15 12 14 13 10 14 5 15 19 16 4 18 5 19 20 20 14 21 19 22 4 23 2 25 9 6 19 8 7 17 2 24 9 27 4 28 16 29 6 30 19
27 0 19 1 6 2 11 3 20 4 15 7 7 8 8 9 1 10 19 11 20 13 12 14 9 15 10 16 19 17 12 18 12 19 3 20 9 21 14 23 10 24 13 25 15 26 4 5 13 6 17 12 12 22 11 29 3 30 3 28 2
28 0 3 1 13 2 11 4 10 5 6 6 14 7 3 8 9 9 17 10 2 11 19 12 16 13 16 14 1 15 17 16 20 18 15 19 14 20 17 21 10 22 4 23 15 24 17 25 12 26 16 3 11 17 20 27 2 29 14 30 1
29 0 5 1 18 2 6 3 10 4 11 5 4 6 6 7 16 8 12 9 19 10 12 12 13 13 16 14 16 15 12 16 11 17 17 18 16 19 16 20 13 21 4 22 2 23 8 24 1 25 12 26 6 27 3 28 14 11 2 30 13
30 1 11 2 17 3 19 4 8 5 2 6 7 7 5 8 9 9 10 10 14 11 12 12 15 13 20 14 1 16 16 17 20 18 4 20 12 21 20 22 10 23 1 24 4 25 14 26 19 27 3 28 1 29 13 0 5 15 4 19 1
