53
0 1 15 3 12 26 13 41 1 52 12 21 6
1 0 15 10 4 13 5 27 17 52 14
2 16 20 32 4
3 0 12 19 17 23 11 28 1
4 18 1 27 16
5 6 3 23 20 32 15 46 15 39 1 42 17
6 5 3 21 10 26 13 29 8 32 9 33 17 40 3 50 7 10 2 37 6 45 15
7 12 8 14 1 20 18 36 19 51 19
8 21 15 31 2 35 3 14 20
9 11 2
10 1 4 6 2 38 3 18 1
11 9 2 22 16 30 16 41 16
12 7 8 37 2
13 1 5 16 1 28 8
14 7 1 8 20 27 18 49 18
15 41 11 49 13 27 1
16 2 20 13 1 23 9 25 13 44 18
17 43 13 34 1
18 4 1 10 1 31 8 51 12
19 3 17 49 2
20 7 18 23 12 35 10 29 17 40 18
21 6 10 8 15 0 6
22 11 16 24 12
23 3 11 5 20 16 9 20 12 29 18 48 20
24 22 12 39 2 41 8 45 17 51 10
25 16 13 47 10
26 0 13 6 13 34 6
27 1 17 4 16 14 18 15 1 36 4 41 18 48 2 50 5
28 13 8 3 1
29 6 8 23 18 20 17 44 17 36 15 42 15
30 11 16 47 17
31 8 2 18 8 33 20
32 2 4 5 15 6 9 35 10
33 6 17 31 20 40 15 42 18 51 18
34 26 6 17 1 51 18
35 8 3 20 10 32 10
36 27 4 7 19 29 15 38 17
37 6 6 12 2 43 15 44 1 48 19
38 10 3 36 17
39 24 2 5 1 51 6 42 4
40 6 3 33 15 20 18 48 2
41 0 1 11 16 15 11 24 8 27 18 47 12
42 33 18 5 17 29 15 39 4 44 20
43 17 13 37 15
44 16 18 29 17 37 1 42 20 45 18
45 24 17 44 18 6 15 46 19
46 5 15 45 19
47 30 17 41 12 25 10
48 27 2 37 19 40 2 23 20
49 15 13 19 2 14 18
50 6 7 27 5
51 33 18 34 18 39 6 7 19 18 12 24 10
52 0 12 1 14
