89
0 1 15 2 11 3 14 4 19 5 16 6 7 7 15 8 20 9 17 10 6 11 3 12 1 14 8 15 13 17 13 19 1 20 2 21 5 22 18 23 19 24 20 25 19 26 2 27 2 28 14 29 1 30 9 31 3 32 3 33 17 34 8 35 16 36 4 37 15 38 17 39 4 40 8 41 1 42 13 44 5 45 9 46 9 47 13 48 17 50 3 51 8 52 2 53 1 54 19 55 16 56 16 57 13 58 10 59 7 60 16 61 5 62 9 63 9 64 1 65 7 66 9 67 13 68 10 69 8 70 18 71 1 72 6 73 15 74 18 75 4 76 9 77 2 78 7 79 15 80 15 82 6 83 8 84 15 85 17 86 17 88 12 13 2 16 3 18 18 43 14 49 14 81 17 87 11
1 0 15 2 1 3 7 4 8 5 19 6 19 7 4 8 7 9 19 10 16 11 20 12 11 13 10 14 18 15 2 17 11 18 1 19 13 20 16 21 11 22 19 23 15 24 16 25 18 26 2 27 1 28 6 29 10 30 8 31 18 32 6 33 1 34 15 35 11 37 17 38 7 39 3 40 16 41 13 42 13 43 2 45 9 46 7 47 19 49 15 50 8 51 11 52 15 53 6 54 1 55 6 56 16 57 13 58 8 60 16 62 4 63 13 64 9 65 16 66 14 67 13 68 9 70 3 72 6 73 11 75 13 76 11 77 9 78 17 80 3 81 18 82 2 83 1 84 18 85 8 87 15 88 10 16 6 36 17 44 13 48 8 59 1 69 3 71 20 74 9 79 9
2 0 11 1 1 3 2 4 15 5 11 6 9 8 8 10 11 11 2 12 1 13 2 14 13 16 2 17 1 19 10 20 1 21 20 22 5 24 1 25 2 26 20 27 10 28 13 29 17 30 12 31 2 32 15 33 1 34 15 35 10 36 18 38 3 39 18 40 19 41 12 42 14 43 7 44 5 45 16 46 3 47 16 48 16 49 14 51 16 52 4 53 16 54 14 55 3 56 17 57 6 58 15 59 14 60 12 61 13 62 18 63 7 64 16 65 9 66 8 67 17 68 20 69 6 70 18 71 19 72 18 73 20 74 9 75 18 76 10 77 7 78 11 79 13 80 12 81 11 82 9 83 7 84 19 85 6 86 3 87 15 88 10 7 4 9 8 15 2 18 12 23 10 37 6 50 6
3 0 14 1 7 2 2 4 19 5 2 6 18 7 3 9 4 10 8 11 6 13 19 14 9 16 2 17 14 18 20 19 20 20 14 22 17 23 16 24 3 25 3 26 2 27 5 28 14 29 15 31 11 33 4 34 17 35 17 36 18 38 15 40 1 41 17 43 14 44 20 46 3 47 14 48 18 50 11 51 5 52 16 53 1 54 17 55 10 56 7 57 2 58 2 59 9 60 17 61 12 62 12 63 7 64 18 66 11 67 11 68 1 69 4 70 12 71 18 72 19 73 13 74 6 76 4 77 9 78 9 79 2 80 11 81 14 82 16 83 14 84 4 86 7 87 20 88 2 8 7 12 13 15 3 21 3 30 8 32 4 37 8 39 20 42 14 49 14 65 4 75 5 85 1
4 0 19 1 8 2 15 3 19 5 12 7 13 8 10 9 2 10 10 11 9 12 3 15 8 16 6 17 4 18 4 19 18 20 1 21 16 22 2 23 2 25 7 26 18 29 9 30 18 31 13 32 20 33 16 34 10 35 2 36 13 37 18 38 16 39 19 40 3 41 10 42 2 43 9 44 8 45 14 46 14 48 11 49 20 51 8 52 17 53 4 54 12 55 6 56 6 57 9 59 15 60 19 61 1 62 1 63 20 64 15 65 13 66 18 67 13 68 16 69 5 70 12 71 15 72 5 73 6 74 16 75 11 76 20 78 13 79 1 80 11 81 4 83 11 84 9 85 9 86 11 87 18 88 13 6 17 13 8 14 17 27 19 28 7 47 14 50 7 77 11 82 18
5 0 16 1 19 2 11 3 2 4 12 6 11 7 19 8 16 9 3 10 19 11 13 12 10 14 1 15 7 16 18 17 3 18 16 19 6 20 2 21 6 22 4 23 17 24 8 25 19 26 16 27 10 28 2 30 15 32 20 33 10 34 20 35 10 36 17 38 3 39 10 40 11 41 20 42 20 43 1 45 13 46 7 47 1 48 11 49 20 50 5 51 3 52 5 53 18 54 11 55 19 56 16 57 14 58 10 59 3 60 17 61 14 62 2 63 10 65 18 66 15 67 10 68 3 70 15 71 4 73 11 74 5 75 4 76 6 77 13 78 15 79 9 80 11 81 14 82 5 83 1 84 9 85 13 86 13 87 10 88 2 13 1 29 19 31 3 37 11 44 5 64 15 69 15 72 2
6 0 7 1 19 2 9 3 18 5 11 4 17 7 1 8 2 9 8 10 13 11 17 12 1 13 16 14 15 15 2 16 13 17 9 18 20 19 10 20 12 21 13 22 5 23 1 24 11 25 8 26 4 27 19 28 3 29 14 30 10 32 19 33 13 34 1 35 16 36 12 38 7 39 10 40 18 41 3 42 9 44 10 45 9 46 1 47 19 48 18 49 4 50 11 51 11 52 14 53 7 54 10 55 4 56 4 57 19 58 18 59 15 60 8 61 4 62 4 64 6 65 20 66 11 67 1 68 7 69 16 70 18 72 4 73 20 74 10 75 2 76 8 77 3 78 1 79 9 80 10 81 20 82 5 83 17 84 8 85 10 86 6 87 6 88 7 31 10 37 5 43 12 63 20 71 16
7 0 15 1 4 3 3 4 13 5 19 6 1 2 4 8 1 9 1 10 18 11 4 12 8 13 6 15 18 16 8 17 15 18 9 19 20 20 5 21 14 22 10 23 16 24 11 25 3 26 17 27 4 28 13 29 11 30 9 31 16 32 15 33 15 34 10 35 19 36 17 37 18 38 20 39 11 40 19 41 1 42 7 43 6 44 15 45 5 46 7 48 4 49 10 50 12 51 5 52 1 53 8 54 10 55 2 56 16 57 11 58 20 59 20 60 9 61 6 62 4 63 18 64 7 65 19 66 18 67 18 68 13 69 3 70 17 71 13 72 3 73 2 74 1 75 9 76 2 77 15 78 3 79 15 80 9 81 17 83 12 84 19 85 13 87 14 88 13 14 15 47 15 82 13 86 7
8 0 20 1 7 2 8 4 10 5 16 6 2 7 1 3 7 9 3 10 9 12 20 13 18 14 17 15 13 16 1 17 3 18 3 19 11 20 4 21 9 22 15 24 18 25 9 26 7 27 17 28 6 29 20 30 1 31 6 32 19 33 13 34 14 35 10 37 10 38 7 39 15 40 5 41 12 42 4 44 6 45 1 46 6 47 11 48 8 49 20 50 2 51 12 52 18 53 20 54 4 56 19 57 14 59 9 60 8 62 2 63 9 64 4 65 14 66 14 67 3 68 5 69 8 70 5 71 18 72 10 73 5 74 16 75 3 76 1 77 5 79 7 80 3 81 11 82 13 83 7 84 6 85 15 86 1 87 6 88 1 23 9 36 10 43 7 55 13 58 4 61 20 78 3
9 0 17 1 19 3 4 4 2 5 3 6 8 7 1 8 3 2 8 10 10 11 5 12 4 13 2 14 6 15 13 16 5 17 4 18 1 19 20 20 18 21 11 22 18 24 20 25 19 26 20 27 7 28 20 29 8 32 2 33 11 34 7 35 13 36 3 37 8 38 3 39 2 40 2 41 10 42 1 43 19 44 16 45 16 46 12 47 18 48 8 49 8 50 1 51 7 52 13 53 6 54 6 55 11 56 18 57 10 58 20 59 4 60 4 61 11 62 4 63 19 64 16 65 15 66 15 67 7 68 16 69 18 70 8 72 13 73 3 74 20 75 17 76 19 77 4 78 11 79 10 80 14 81 3 82 10 83 2 84 9 85 20 87 6 88 1 23 1 30 3 71 18 86 4
10 0 6 1 16 2 11 3 8 4 10 5 19 6 13 7 18 8 9 9 10 11 5 12 12 13 10 14 12 15 1 16 14 17 11 18 7 19 18 20 3 22 16 23 16 24 1 26 20 28 12 29 17 30 5 31 2 32 12 33 4 34 17 36 16 37 9 38 5 39 12 40 3 43 15 44 12 45 20 46 18 47 6 48 6 49 18 51 13 52 2 53 2 55 11 57 14 58 14 59 11 60 15 61 16 62 3 63 19 65 7 66 3 70 17 71 8 72 4 73 19 74 11 75 14 76 19 77 7 78 6 79 1 80 7 81 8 82 4 84 7 85 13 86 18 87 14 88 13 21 2 25 3 27 10 35 14 41 13 42 9 50 4 54 7 56 10 64 16 67 12 68 4 69 1 83 14
11 0 3 1 20 2 2 3 6 4 9 5 13 6 17 7 4 9 5 10 5 12 11 13 12 15 10 16 11 17 17 18 1 19 15 20 12 21 3 22 6 23 13 24 3 25 15 26 1 27 8 28 5 29 16 30 17 31 8 32 4 33 13 34 3 35 12 37 2 38 6 39 4 40 11 41 2 42 11 44 12 45 6 47 2 48 18 49 16 50 7 51 12 52 14 53 18 55 6 56 15 57 14 58 12 60 17 61 13 62 6 63 3 64 14 65 17 66 8 67 6 68 9 69 5 70 20 71 3 72 13 73 19 74 13 75 4 76 4 77 20 78 19 79 5 80 4 81 10 82 3 83 20 85 5 86 6 87 15 88 1 14 12 36 9 43 20 46 18 54 20 59 1 84 13
12 0 1 1 11 2 1 4 3 5 10 6 1 7 8 8 20 9 4 10 12 11 11 3 13 13 20 14 13 15 15 16 13 17 5 18 8 19 20 20 14 21 12 22 4 23 7 24 10 25 2 26 19 27 19 28 20 29 6 30 8 31 20 32 14 33 19 34 20 35 6 36 6 38 7 40 20 41 14 42 13 43 11 44 17 45 7 46 15 47 2 48 2 49 6 50 18 51 14 52 3 53 6 54 2 55 19 56 20 57 5 59 19 61 2 62 11 63 18 64 4 65 2 66 1 67 14 68 16 69 9 70 18 71 10 72 7 73 8 74 12 75 16 76 20 78 19 79 12 80 6 81 3 82 14 83 3 84 1 85 6 86 13 87 16 88 15 37 11 39 7 58 13 60 10 77 20
13 1 10 2 2 3 19 6 16 7 6 8 18 9 2 10 10 11 12 12 20 0 2 4 8 5 1 14 13 15 13 16 3 17 10 18 10 19 6 20 9 21 2 22 9 23 3 24 17 25 19 26 4 27 19 28 20 29 10 30 8 31 14 32 2 33 20 34 16 35 14 36 3 37 6 39 10 40 13 42 2 43 12 44 17 45 10 46 9 47 13 48 15 49 12 50 19 52 17 53 9 54 11 55 10 57 14 58 12 59 18 60 20 62 5 63 20 65 10 66 12 68 13 69 12 70 8 71 5 72 19 74 16 75 17 76 3 77 2 78 20 79 4 80 15 81 20 82 5 83 14 84 20 85 1 86 9 87 14 88 8 38 13 41 10 56 6 61 1 64 18 67 14
14 0 8 1 18 2 13 3 9 5 1 6 15 8 17 9 6 10 12 12 13 13 13 4 17 7 15 11 12 15 12 16 14 17 12 18 11 19 2 20 18 21 20 22 15 23 14 24 20 25 18 26 2 27 15 28 17 29 17 30 10 31 13 32 8 33 10 34 10 35 12 36 13 37 5 38 19 39 9 40 9 42 16 43 15 44 4 45 7 46 18 47 9 48 14 49 9 50 10 51 20 52 11 53 14 54 20 55 5 56 19 57 14 58 5 59 17 60 13 61 9 62 16 63 5 64 5 65 17 66 11 67 16 68 13 69 1 71 15 72 1 73 4 74 7 75 3 76 3 77 3 78 4 79 20 80 13 82 5 83 11 84 12 85 10 86 4 87 6 88 4 41 8 70 15 81 13
15 0 13 1 2 4 8 5 7 6 2 7 18 8 13 9 13 10 1 11 10 12 15 13 13 14 12 2 2 3 3 17 18 18 17 19 4 20 17 21 9 22 7 23 17 24 16 25 12 26 8 28 2 31 20 32 9 33 8 34 6 35 7 36 16 37 1 38 19 39 6 40 16 41 1 42 9 43 8 44 19 45 17 46 10 47 20 48 15 49 20 50 18 51 1 52 11 53 3 54 12 55 12 58 1 59 12 60 10 62 20 63 13 64 12 65 9 66 7 67 10 68 10 70 14 71 10 72 11 73 9 74 18 75 11 76 13 77 15 78 2 79 5 80 6 81 5 82 1 84 20 85 2 86 13 87 8 88 20 16 14 27 11 29 3 30 17 56 9 57 6 61 6 69 5 83 12
16 2 2 3 2 4 6 5 18 6 13 7 8 8 1 9 5 10 14 11 11 12 13 13 3 14 14 0 3 1 6 15 14 17 4 18 13 19 3 20 8 21 18 22 11 23 18 24 12 25 3 26 10 27 19 28 6 29 12 31 8 32 15 33 4 34 17 35 8 36 5 37 4 38 1 39 19 40 10 41 9 42 8 43 4 44 3 47 18 48 20 49 3 50 3 51 18 52 2 53 15 54 15 55 17 57 13 58 17 59 19 60 7 61 3 62 6 63 18 64 6 65 20 66 20 67 18 68 16 69 14 70 4 71 4 72 1 73 20 74 2 75 19 76 14 77 17 78 10 79 13 80 8 81 8 82 3 83 2 84 12 85 15 86 16 87 13 30 17 45 13 46 1 88 5
17 0 13 1 11 2 1 3 14 4 4 5 3 6 9 7 15 8 3 9 4 10 11 11 17 12 5 13 10 14 12 15 18 16 4 18 16 19 11 20 8 21 9 22 11 23 12 24 14 25 7 26 16 27 14 28 15 29 12 30 11 31 16 32 11 33 6 34 8 35 18 36 11 37 5 39 8 40 3 41 8 42 15 43 10 44 14 45 13 46 9 47 17 48 8 49 19 50 20 51 10 52 9 53 9 54 7 55 14 57 5 58 6 59 17 60 6 61 15 62 9 63 17 64 20 65 1 66 9 67 20 68 6 69 11 70 20 71 6 73 12 74 11 75 18 76 16 77 12 78 3 79 12 80 17 82 13 83 15 84 8 86 6 87 20 88 20 38 19 56 12 72 8 81 4 85 3
18 1 1 3 20 4 4 5 16 6 20 7 9 8 3 9 1 10 7 11 1 12 8 13 10 14 11 15 17 16 13 17 16 0 18 2 12 19 2 20 8 21 6 22 18 23 6 24 6 25 15 26 1 27 3 28 1 30 12 31 4 32 2 33 3 34 20 35 15 36 16 37 16 38 8 39 12 40 3 41 16 42 20 43 2 44 8 45 11 46 9 47 6 48 16 49 9 50 7 51 19 52 17 53 20 54 1 55 18 56 11 57 1 60 7 61 19 62 7 65 3 67 5 70 6 71 15 72 13 74 11 75 13 76 1 77 7 78 19 79 5 80 1 81 19 82 16 83 11 84 20 85 2 86 2 87 13 88 17 29 6 58 18 59 16 63 14 64 2 66 1 68 16 69 19 73 5
19 0 1 1 13 2 10 3 20 4 18 5 6 6 10 7 20 8 11 9 20 10 18 11 15 12 20 13 6 14 2 15 4 16 3 17 11 18 2 20 13 21 5 22 18 23 8 24 14 25 10 27 6 28 18 29 13 30 9 31 6 32 16 33 14 34 16 35 4 36 16 37 4 38 15 39 14 40 8 41 16 42 20 43 13 44 18 46 5 47 11 48 3 49 4 50 4 51 11 52 12 53 2 54 19 55 19 56 3 57 5 58 15 59 13 60 8 61 4 62 8 63 11 64 5 65 13 66 20 67 11 68 16 69 13 70 13 71 3 72 4 73 7 74 16 75 20 76 2 77 3 78 14 79 18 80 9 81 5 82 3 83 8 84 11 85 7 86 11 87 10 88 10 26 1 45 12
20 0 2 1 16 2 1 3 14 4 1 5 2 6 12 7 5 8 4 9 18 10 3 11 12 12 14 13 9 14 18 15 17 16 8 17 8 18 8 19 13 22 12 23 11 24 5 25 18 27 7 29 16 30 6 31 8 32 5 33 17 35 3 36 5 37 18 38 10 39 4 40 5 41 6 42 9 44 1 45 5 46 8 48 1 50 7 51 2 52 20 53 4 54 13 55 2 57 6 58 11 59 15 60 2 61 13 62 20 63 1 64 7 66 4 67 15 68 18 69 14 71 13 72 14 73 1 74 10 75 12 76 3 77 13 78 15 79 15 80 2 81 7 82 15 83 7 84 4 85 13 87 11 88 16 21 11 26 13 28 13 34 11 43 16 49 20 56 4 65 4 70 5 86 15
21 0 5 1 11 2 20 4 16 5 6 6 13 7 14 8 9 9 11 11 3 12 12 13 2 14 20 15 9 16 18 17 9 18 6 19 5 3 3 10 2 20 11 22 16 23 18 24 2 25 6 26 12 27 1 28 7 29 19 30 1 31 1 32 12 33 8 34 2 39 3 40 19 41 11 42 6 43 16 44 1 45 14 46 12 49 2 50 13 52 10 53 6 54 8 55 17 56 2 57 16 58 13 59 17 60 4 61 10 62 10 63 9 64 1 65 18 66 4 67 14 68 19 70 11 71 15 73 1 74 2 75 2 76 1 78 7 79 8 80 2 81 8 82 14 83 3 84 6 85 5 86 3 87 6 88 13 35 13 36 14 37 19 47 17 48 5 51 3 69 11 72 19 77 15
22 0 18 1 19 2 5 3 17 4 2 5 4 6 5 7 10 8 15 9 18 10 16 11 6 12 4 13 9 14 15 15 7 16 11 17 11 18 18 19 18 20 12 21 16 23 3 24 20 25 8 26 10 27 15 28 9 29 1 30 10 31 8 32 8 33 12 34 10 35 3 36 2 37 5 38 20 39 3 40 4 41 11 42 1 43 10 44 6 45 19 46 10 47 8 48 12 49 18 50 16 51 12 52 7 53 4 54 7 56 8 57 18 58 1 60 7 61 20 62 6 63 2 64 9 66 19 67 3 68 18 70 13 71 2 72 13 73 2 74 2 75 6 76 6 77 15 79 19 80 12 81 19 82 20 83 16 84 6 85 11 86 6 87 14 88 7 55 5 65 13 69 19 78 8
23 0 19 1 15 3 16 4 2 5 17 6 1 7 16 10 16 11 13 12 7 13 3 14 14 15 17 16 18 17 12 18 6 19 8 20 11 21 18 22 3 2 10 8 9 9 1 24 9 25 20 26 19 27 9 28 1 29 8 31 6 32 15 33 10 34 7 35 2 36 11 37 19 38 13 39 6 40 14 41 17 43 14 44 19 45 1 46 6 47 18 48 20 49 18 50 18 51 15 52 4 53 11 54 18 55 3 56 16 58 4 59 17 60 16 61 12 63 15 64 8 65 15 66 7 67 17 68 20 69 18 71 14 72 20 73 11 74 10 75 9 76 16 77 7 78 8 79 17 80 20 81 3 82 12 83 6 84 19 85 1 86 2 87 15 88 19 30 13 62 14 70 13
24 0 20 1 16 2 1 3 3 5 8 6 11 7 11 8 18 9 20 10 1 11 3 12 10 13 17 14 20 15 16 16 12 17 14 18 6 19 14 20 5 21 2 22 20 23 9 25 1 26 20 27 1 28 8 29 4 30 16 31 10 33 4 34 20 35 4 36 6 37 10 38 2 39 14 40 18 41 17 42 15 43 15 44 8 47 18 48 4 49 2 50 9 51 7 52 12 53 4 54 5 55 17 56 2 57 1 58 5 59 13 60 16 61 10 62 3 63 6 64 17 65 19 66 4 67 7 68 17 69 10 70 14 71 1 72 20 73 10 75 16 76 2 78 7 79 2 80 8 81 9 82 14 83 20 84 11 85 18 86 9 87 11 88 12 32 2 45 8 46 16 74 2 77 17
25 0 19 1 18 2 2 3 3 4 7 5 19 6 8 7 3 8 9 9 19 11 15 12 2 13 19 14 18 15 12 16 3 17 7 18 15 19 10 20 18 21 6 22 8 23 20 24 1 10 3 26 6 27 20 28 15 29 3 30 11 31 9 32 4 33 3 34 4 35 17 36 4 37 10 39 15 40 17 41 5 42 12 43 7 45 5 46 12 47 16 48 11 49 5 50 9 51 13 52 18 54 12 55 15 56 12 57 10 58 16 60 14 61 13 62 7 63 2 64 16 65 5 66 20 67 14 68 13 69 10 70 2 72 3 73 9 74 17 75 13 76 16 77 8 78 10 79 15 80 4 81 2 82 7 83 2 84 5 85 7 86 4 87 15 88 8 38 8 44 13 53 14 59 1
26 0 2 1 2 2 20 3 2 4 18 5 16 6 4 7 17 8 7 9 20 10 20 11 1 12 19 13 4 14 2 15 8 16 10 17 16 18 1 21 12 22 10 23 19 24 20 25 6 19 1 20 13 27 19 28 3 29 7 30 9 31 11 32 16 33 10 34 14 35 5 37 19 38 1 39 18 40 2 41 13 42 10 43 1 44 2 45 18 46 18 47 18 48 15 50 20 51 15 53 13 54 18 56 15 57 15 58 1 59 16 60 13 61 19 62 17 63 18 64 15 65 20 66 6 67 11 69 19 70 14 71 12 72 1 73 3 74 8 75 5 76 3 77 3 78 9 79 19 80 16 81 8 82 11 83 12 84 11 86 14 87 10 88 17 36 10 49 9 52 2 55 7 68 20 85 9
27 0 2 1 1 2 10 3 5 5 10 6 19 7 4 8 17 9 7 11 8 12 19 13 19 14 15 16 19 17 14 18 3 19 6 20 7 21 1 22 15 23 9 24 1 25 20 26 19 4 19 10 10 15 11 28 12 29 18 30 7 31 14 32 2 33 5 34 18 35 19 36 1 37 12 38 13 39 7 40 12 41 10 42 8 43 13 44 12 45 13 46 6 47 4 48 9 50 13 51 8 52 1 53 2 54 3 55 17 56 15 57 12 58 19 60 3 61 9 62 19 64 2 65 13 66 16 67 18 68 12 70 13 71 9 72 11 73 5 75 1 76 18 77 17 78 1 79 14 80 11 81 15 82 9 84 16 85 1 86 18 87 18 88 19 49 14 59 10 74 7 83 19
28 0 14 1 6 2 13 3 14 5 2 6 3 7 13 8 6 9 20 10 12 11 5 12 20 13 20 14 17 15 2 16 6 17 15 18 1 19 18 21 7 22 9 23 1 24 8 25 15 26 3 27 12 4 7 20 13 29 2 30 1 31 15 32 5 33 4 34 3 36 16 37 2 38 13 39 20 40 11 41 18 42 14 43 2 44 17 45 17 46 10 47 8 48 9 49 5 50 1 51 8 52 6 53 8 54 16 55 9 56 1 57 11 58 4 59 4 60 4 61 14 62 1 63 10 64 1 65 18 67 10 68 17 69 15 70 6 71 15 73 18 74 15 75 2 76 19 77 3 78 12 79 12 80 16 81 19 82 7 83 15 84 5 85 14 86 7 87 19 35 7 66 20 72 7 88 20
29 0 1 1 10 2 17 3 15 4 9 6 14 7 11 8 20 9 8 10 17 11 16 12 6 13 10 14 17 16 12 17 12 19 13 20 16 21 19 22 1 23 8 24 4 25 3 26 7 27 18 28 2 5 19 15 3 18 6 30 10 31 17 33 19 34 5 35 18 36 7 37 7 38 8 39 10 40 17 41 16 42 7 43 15 44 20 45 18 46 12 47 9 48 6 49 2 50 18 51 9 52 16 53 12 54 9 55 17 56 2 57 3 58 11 59 18 60 1 61 15 62 7 63 2 64 16 65 19 66 2 68 1 69 6 70 11 71 13 72 7 73 13 74 15 75 11 76 18 77 7 78 6 79 12 80 17 81 16 83 18 84 2 85 12 86 1 32 8 67 6 82 6 88 1
30 0 9 1 8 2 12 4 18 5 15 6 10 7 9 8 1 10 5 11 17 12 8 13 8 14 10 17 11 18 12 19 9 20 6 21 1 22 10 24 16 25 11 26 9 27 7 28 1 29 10 3 8 9 3 15 17 16 17 23 13 31 10 32 11 33 14 34 3 35 13 36 5 37 10 38 7 39 6 40 2 41 9 42 1 43 3 44 2 45 7 46 9 47 10 49 6 50 12 51 10 52 10 53 16 54 3 55 18 56 3 58 4 59 18 60 16 61 7 62 7 63 3 64 8 65 2 67 8 68 6 69 6 72 6 73 1 74 10 75 18 76 17 77 10 78 11 79 16 80 17 81 10 82 15 85 15 86 9 88 20 48 7 70 17 71 3 83 9 84 16 87 4
31 0 3 1 18 2 2 3 11 4 13 7 16 8 6 10 2 11 8 12 20 13 14 14 13 15 20 16 8 17 16 18 4 19 6 20 8 21 1 22 8 23 6 24 10 25 9 26 11 27 14 28 15 29 17 30 10 5 3 6 10 32 18 33 12 34 15 35 3 36 5 37 12 38 11 39 17 40 8 41 15 42 4 43 10 44 5 45 2 46 10 47 19 48 18 49 17 50 17 51 8 52 12 53 17 54 4 55 8 57 5 58 8 60 20 61 2 62 13 63 3 64 9 65 18 66 7 67 12 68 4 69 2 70 3 71 18 72 13 73 18 74 3 75 20 76 5 78 5 79 13 80 11 81 17 82 5 83 2 84 7 85 7 86 4 87 1 88 1 59 10 77 14
32 0 3 1 6 2 15 4 20 5 20 6 19 7 15 8 19 9 2 10 12 11 4 12 14 13 2 14 8 15 9 16 15 17 11 18 2 19 16 20 5 21 12 22 8 23 15 25 4 26 16 27 2 28 5 30 11 31 18 3 4 24 2 29 8 33 5 34 2 35 20 36 19 37 8 38 10 39 1 40 7 41 16 42 20 43 4 44 16 46 17 47 2 48 19 49 5 50 15 51 7 52 11 53 20 54 14 55 5 56 9 57 14 58 19 59 12 60 13 61 8 62 12 63 1 65 5 66 4 67 19 68 2 69 17 70 17 71 7 72 6 73 8 74 9 75 13 76 3 77 16 78 19 79 1 80 14 81 13 82 1 83 8 84 19 85 5 86 14 87 20 88 9 64 15
33 0 17 1 1 2 1 3 4 4 16 5 10 6 13 7 15 8 13 9 11 10 4 11 13 12 19 13 20 14 10 15 8 16 4 17 6 18 3 19 14 20 17 21 8 22 12 23 10 24 4 25 3 26 10 27 5 28 4 29 19 30 14 31 12 32 5 34 3 35 2 36 17 38 2 39 6 40 2 41 2 42 12 43 14 44 20 45 19 47 18 48 6 49 10 50 10 51 11 52 20 53 8 54 11 55 8 56 15 57 17 58 6 60 16 61 17 62 9 63 7 64 12 65 10 67 4 68 11 69 19 70 17 71 7 72 6 73 3 75 3 76 17 77 6 78 13 79 20 80 9 81 1 82 14 83 7 84 18 85 3 86 19 87 18 88 14 46 17 59 10 66 19
34 0 8 1 15 2 15 3 17 4 10 5 20 6 1 7 10 8 14 9 7 10 17 11 3 12 20 13 16 14 10 15 6 16 17 17 8 18 20 19 16 21 2 22 10 23 7 24 20 25 4 26 14 27 18 28 3 29 5 30 3 31 15 32 2 33 3 20 11 35 8 36 20 37 5 38 7 39 19 41 3 42 1 43 3 44 16 45 12 46 3 47 7 48 11 50 1 52 12 53 3 54 10 55 7 56 13 57 5 58 14 59 6 60 2 61 2 62 10 63 4 64 17 65 7 67 17 68 5 69 1 70 9 71 7 72 1 73 6 75 11 76 5 77 3 78 19 79 20 80 16 82 10 83 12 84 14 85 17 86 17 87 9 88 2 40 4 49 19 51 8 66 13 74 11 81 18
35 0 16 1 11 2 10 3 17 4 2 5 10 6 16 7 19 8 10 9 13 11 12 12 6 13 14 14 12 15 7 16 8 17 18 18 15 19 4 20 3 22 3 23 2 24 4 25 17 26 5 27 19 29 18 30 13 31 3 32 20 33 2 34 8 10 14 21 13 28 7 36 19 37 8 38 10 40 2 41 13 42 12 44 13 45 7 46 10 47 20 48 1 49 9 50 19 51 13 52 1 53 8 54 7 56 12 57 16 58 2 59 14 60 3 61 5 62 17 63 10 64 18 66 13 67 8 68 2 70 1 71 20 72 6 73 5 75 7 76 8 77 5 78 20 79 8 80 8 81 16 82 17 83 9 84 17 85 7 86 6 87 19 39 4 55 10 65 9 69 17 74 17 88 12
36 0 4 2 18 3 18 4 13 5 17 6 12 7 17 9 3 10 16 12 6 13 3 14 13 15 16 16 5 17 11 18 16 19 16 20 5 22 2 23 11 24 6 25 4 27 1 28 16 29 7 30 5 31 5 32 19 33 17 34 20 35 19 1 17 8 10 11 9 21 14 26 10 37 11 38 5 40 16 41 2 42 7 43 17 44 14 45 6 46 6 47 16 48 1 49 14 50 15 51 8 52 15 53 8 54 16 55 18 56 13 57 14 58 16 59 12 60 19 61 16 62 14 63 16 65 12 66 10 67 8 68 3 69 20 71 4 72 17 73 9 74 12 75 17 76 13 77 4 78 13 79 2 80 8 81 12 82 6 83 19 84 9 85 20 86 1 87 4 39 10 64 17 70 11 88 19
37 0 15 1 17 4 18 7 18 8 10 9 8 10 9 11 2 13 6 14 5 15 1 16 4 17 5 18 16 19 4 20 18 22 5 23 19 24 10 25 10 26 19 27 12 28 2 29 7 30 10 31 12 32 8 34 5 35 8 36 11 2 6 3 8 5 11 6 5 12 11 21 19 38 6 39 2 40 10 42 16 43 9 44 6 45 1 46 3 47 8 48 13 49 17 50 9 52 12 53 15 54 9 55 10 57 11 58 4 59 14 60 9 61 8 62 20 63 16 64 3 65 4 67 3 68 12 69 14 70 11 71 9 72 7 73 1 74 10 75 19 77 18 78 20 80 5 81 9 82 19 83 17 84 16 85 9 86 16 87 19 88 1 51 10 56 18 66 1 76 12 79 16
38 0 17 1 7 2 3 3 15 4 16 5 3 6 7 7 20 8 7 9 3 10 5 11 6 12 7 14 19 15 19 16 1 18 8 19 15 20 10 22 20 23 13 24 2 26 1 27 13 28 13 29 8 30 7 31 11 32 10 33 2 34 7 35 10 36 5 37 6 13 13 17 19 25 8 39 17 40 15 41 13 42 2 44 1 45 4 47 1 48 14 49 7 51 7 52 4 53 11 54 1 55 7 56 8 57 17 58 15 59 8 60 13 61 6 62 14 64 13 65 16 66 2 67 17 68 7 69 4 70 12 71 2 72 16 73 7 75 13 76 10 77 1 78 13 79 15 80 1 81 4 82 2 83 9 84 17 85 12 86 15 87 8 88 2 43 1 46 12 50 17 63 13 74 17
39 0 4 1 3 2 18 4 19 5 10 6 10 7 11 8 15 9 2 10 12 11 4 13 10 14 9 15 6 16 19 17 8 18 12 19 14 20 4 21 3 22 3 23 6 24 14 25 15 26 18 27 7 28 20 29 10 30 6 31 17 32 1 33 6 34 19 37 2 38 17 3 20 12 7 35 4 36 10 40 12 41 17 42 18 43 2 44 9 45 4 46 11 48 11 49 10 50 12 51 20 53 4 54 14 55 17 56 20 57 2 58 3 59 12 60 16 61 18 62 10 63 11 64 15 65 2 66 16 67 6 68 20 69 8 70 2 71 11 72 19 74 8 75 12 76 11 77 1 78 12 79 14 80 20 81 16 83 13 85 14 87 7 88 2 47 1 52 18 73 1 84 18
40 0 8 1 16 2 19 3 1 4 3 5 11 6 18 7 19 8 5 9 2 10 3 11 11 12 20 13 13 14 9 15 16 16 10 17 3 18 3 19 8 20 5 21 19 22 4 23 14 24 18 25 17 26 2 27 12 28 11 29 17 30 2 31 8 32 7 33 2 35 2 36 16 37 10 38 15 39 12 34 4 41 10 42 16 43 8 44 16 45 2 46 5 47 7 48 3 49 19 50 10 51 12 52 15 53 19 55 12 56 18 57 8 58 7 59 16 60 5 61 4 62 20 63 10 64 3 65 15 66 2 67 8 68 19 69 1 70 4 71 4 72 5 73 4 74 6 75 3 76 10 77 10 78 9 79 5 80 11 81 10 82 5 83 17 84 1 85 11 86 12 87 7 88 19 54 9
41 0 1 1 13 2 12 3 17 4 10 5 20 6 3 7 1 8 12 9 10 11 2 12 14 15 1 16 9 17 8 18 16 19 16 20 6 21 11 22 11 23 17 24 17 25 5 26 13 27 10 28 18 29 16 30 9 31 15 32 16 33 2 34 3 35 13 36 2 38 13 39 17 40 10 10 13 13 10 14 8 42 15 43 5 44 11 45 12 46 5 47 19 48 13 49 4 50 8 51 10 52 11 53 19 54 3 55 5 56 4 57 1 58 13 59 5 60 6 61 3 62 10 63 6 64 15 65 17 66 2 67 6 68 12 69 12 70 8 71 13 72 10 73 9 74 11 75 13 77 12 78 17 79 9 80 4 81 3 82 20 83 5 84 15 85 13 86 15 87 14 88 14 76 5
42 0 13 1 13 2 14 4 2 5 20 6 9 7 7 8 4 9 1 11 11 12 13 13 2 14 16 15 9 16 8 17 15 18 20 19 20 20 9 21 6 22 1 24 15 25 12 26 10 27 8 28 14 29 7 30 1 31 4 32 20 33 12 34 1 35 12 36 7 37 16 38 2 39 18 40 16 41 15 3 14 10 9 43 16 44 9 45 2 46 8 47 2 48 2 49 4 50 1 51 6 52 8 53 12 54 15 55 3 57 20 58 6 59 2 60 11 61 15 62 15 63 19 64 3 65 1 66 18 67 8 69 11 70 3 71 18 72 7 73 5 74 5 75 7 76 8 77 11 78 1 79 13 80 4 81 5 82 8 84 13 85 5 86 9 87 11 88 4 56 5 68 14
43 1 2 2 7 3 14 4 9 5 1 7 6 9 19 10 15 12 11 13 12 14 15 15 8 16 4 17 10 18 2 19 13 21 16 22 10 23 14 24 15 25 7 26 1 27 13 28 2 29 15 30 3 31 10 32 4 33 14 34 3 36 17 37 9 39 2 40 8 41 5 42 16 0 14 6 12 8 7 11 20 20 16 38 1 44 18 45 17 46 5 47 7 49 20 50 8 51 13 52 5 53 18 54 2 55 5 56 2 57 11 58 18 60 1 61 14 62 6 63 11 64 14 65 14 66 6 67 11 68 16 69 11 70 15 71 2 72 3 73 13 74 19 75 11 76 6 77 6 78 2 79 2 80 18 81 6 82 15 83 9 84 3 85 2 86 1 87 13 88 14 48 7
44 0 5 2 5 3 20 4 8 6 10 7 15 8 6 9 16 10 12 11 12 12 17 13 17 14 4 15 19 16 3 17 14 18 8 19 18 20 1 21 1 22 6 23 19 24 8 26 2 27 12 28 17 29 20 30 2 31 5 32 16 33 20 34 16 35 13 36 14 37 6 38 1 39 9 40 16 41 11 42 9 43 18 1 13 5 5 25 13 45 15 46 2 47 17 48 19 49 11 50 2 51 4 52 10 53 13 54 14 55 6 56 9 57 15 58 10 59 1 60 15 61 10 62 17 63 5 64 8 65 11 66 7 67 7 68 13 69 12 70 1 71 12 72 3 73 10 74 3 75 13 76 11 77 10 78 5 79 20 80 9 81 12 82 3 83 4 84 11 85 4 86 5 87 16 88 9
45 0 9 1 9 2 16 4 14 5 13 6 9 7 5 8 1 9 16 10 20 11 6 12 7 13 10 14 7 15 17 17 13 18 11 20 5 21 14 22 19 23 1 25 5 26 18 27 13 28 17 29 18 30 7 31 2 33 19 34 12 35 7 36 6 37 1 38 4 39 4 40 2 41 12 42 2 43 17 44 15 16 13 19 12 24 8 46 15 47 4 48 1 49 1 50 18 51 16 52 3 53 19 54 8 55 8 56 18 57 20 58 3 59 12 60 4 61 5 62 3 63 1 64 13 65 6 66 20 67 9 68 2 69 5 70 10 71 14 72 11 73 4 74 3 75 14 76 7 77 13 78 14 79 6 80 5 81 15 82 11 85 13 87 5 88 18 83 5 86 18
46 0 9 1 7 2 3 3 3 4 14 5 7 6 1 7 7 8 6 9 12 10 18 12 15 13 9 14 18 15 10 17 9 18 9 19 5 20 8 21 12 22 10 23 6 25 12 26 18 27 6 28 10 29 12 30 9 31 10 32 17 34 3 35 10 36 6 37 3 39 11 40 5 41 5 42 8 43 5 44 2 45 15 11 18 16 1 24 16 33 17 38 12 47 10 48 7 49 3 50 7 51 20 52 19 53 3 54 5 55 7 56 1 57 15 58 7 59 7 60 4 61 6 63 3 64 20 65 16 66 6 67 13 68 19 69 15 71 10 72 9 73 16 74 20 75 7 76 6 77 16 78 17 80 17 81 8 82 13 83 12 84 2 85 12 86 10 87 3 62 5 70 9 88 8
47 0 13 1 19 2 16 3 14 5 1 6 19 8 11 9 18 10 6 11 2 12 2 13 13 14 9 15 20 16 18 17 17 18 6 19 11 22 8 23 18 24 18 25 16 26 18 27 4 28 8 29 9 30 10 31 19 32 2 33 18 34 7 35 20 36 16 37 8 38 1 40 7 41 19 42 2 43 7 44 17 45 4 46 10 4 14 7 15 21 17 39 1 49 20 50 10 51 9 52 2 53 8 55 18 56 18 57 17 58 18 59 3 60 4 61 9 62 2 63 18 64 11 65 10 66 13 67 19 68 5 69 14 70 13 71 18 73 5 74 12 76 11 77 3 78 8 79 4 80 5 81 3 82 2 83 4 84 4 86 15 87 17 48 10 54 8 75 12 85 2 88 16
48 0 17 2 16 3 18 4 11 5 11 6 18 7 4 8 8 9 8 10 6 11 18 12 2 13 15 14 14 15 15 16 20 17 8 18 16 19 3 20 1 22 12 23 20 24 4 25 11 26 15 27 9 28 9 29 6 31 18 32 19 33 6 34 11 35 1 36 1 37 13 38 14 39 11 40 3 41 13 42 2 44 19 45 1 46 7 1 8 21 5 30 7 43 7 47 10 49 16 50 14 53 19 54 20 55 18 56 9 58 11 59 16 60 6 61 15 62 18 63 17 64 20 65 3 66 11 67 2 68 5 69 13 70 5 71 18 72 5 73 2 74 11 75 19 76 3 77 6 78 6 79 7 80 11 81 3 82 3 83 15 84 5 85 16 86 7 87 11 88 1 51 13 52 20 57 2
49 1 15 2 14 4 20 5 20 6 4 7 10 8 20 9 8 10 18 11 16 12 6 13 12 14 9 15 20 16 3 17 19 18 9 19 4 21 2 22 18 23 18 24 2 25 5 28 5 29 2 30 6 31 17 32 5 33 10 35 9 36 14 37 17 38 7 39 10 40 19 41 4 42 4 43 20 44 11 45 1 46 3 47 20 48 16 0 14 3 14 20 20 26 9 27 14 34 19 50 12 53 12 55 19 56 12 57 14 59 19 62 18 63 8 64 11 65 12 66 8 67 7 68 6 69 4 71 7 72 11 73 8 74 6 75 20 76 7 77 12 78 6 79 2 80 16 81 10 82 16 83 10 84 1 86 9 87 6 51 14 52 2 54 4 58 16 61 3 70 20 85 15
50 0 3 1 8 3 11 5 5 6 11 7 12 8 2 9 1 11 7 12 18 13 19 14 10 15 18 16 3 17 20 18 7 19 4 20 7 21 13 22 16 23 18 24 9 25 9 26 20 27 13 28 1 29 18 30 12 31 17 32 15 33 10 34 1 35 19 36 15 37 9 39 12 40 10 41 8 42 1 43 8 44 2 45 18 46 7 47 10 48 14 49 12 2 6 4 7 10 4 38 17 51 14 52 16 53 2 54 14 55 1 56 5 57 11 58 12 59 13 60 5 61 3 62 8 64 10 66 5 68 14 71 20 72 10 73 11 74 10 75 1 76 18 77 3 78 10 79 5 80 19 81 9 82 6 83 11 84 20 85 10 86 9 87 7 88 14 63 12 67 11 69 6 70 2
51 0 8 1 11 2 16 3 5 4 8 5 3 6 11 7 5 8 12 9 7 10 13 11 12 12 14 14 20 15 1 16 18 17 10 18 19 19 11 20 2 22 12 23 15 24 7 25 13 26 15 27 8 28 8 29 9 30 10 31 8 32 7 33 11 35 13 36 8 38 7 39 20 40 12 41 10 42 6 43 13 44 4 45 16 46 20 47 9 50 14 21 3 34 8 37 10 48 13 49 14 52 9 53 13 55 20 56 13 57 18 58 18 59 4 60 4 62 1 63 11 64 19 65 19 66 13 67 6 68 17 69 17 70 2 71 9 72 7 73 6 74 8 75 13 76 14 77 11 78 12 79 16 80 19 81 6 82 17 83 10 84 15 85 9 86 8 87 11 88 16 54 7 61 4
52 0 2 1 15 2 4 3 16 4 17 5 5 6 14 7 1 8 18 9 13 10 2 11 14 12 3 13 17 14 11 15 11 16 2 17 9 18 17 19 12 20 20 21 10 22 7 23 4 24 12 25 18 27 1 28 6 29 16 30 10 31 12 32 11 33 20 34 12 35 1 36 15 37 12 38 4 40 15 41 11 42 8 43 5 44 10 45 3 46 19 47 2 50 16 51 9 26 2 39 18 48 20 49 2 53 7 55 13 56 13 57 18 58 5 59 8 60 13 61 14 62 9 63 15 64 18 65 17 67 17 68 19 69 4 70 18 71 7 73 16 74 20 75 7 76 15 78 15 79 17 80 14 81 9 82 9 83 17 84 17 85 9 87 10 88 18 66 19 72 2 77 3 86 9
53 0 1 1 6 2 16 3 1 4 4 5 18 6 7 7 8 8 20 9 6 10 2 11 18 12 6 13 9 14 14 15 3 16 15 17 9 18 20 19 2 20 4 21 6 22 4 23 11 24 4 26 13 27 2 28 8 29 12 30 16 31 17 32 20 33 8 34 3 35 8 36 8 37 15 38 11 39 4 40 19 41 19 42 12 43 18 44 13 45 19 46 3 47 8 48 19 49 12 50 2 51 13 52 7 25 14 54 8 55 4 56 1 57 13 58 14 59 14 60 13 61 12 62 7 63 3 64 17 66 8 67 13 68 17 69 4 71 20 73 20 74 14 75 5 76 3 78 10 79 11 80 15 81 17 82 7 83 17 84 8 85 8 86 20 87 2 88 19 65 9 70 5 72 13 77 3
54 0 19 1 1 2 14 3 17 4 12 5 11 6 10 7 10 8 4 9 6 12 2 13 11 14 20 15 12 16 15 17 7 18 1 19 19 20 13 21 8 22 7 23 18 24 5 25 12 26 18 27 3 28 16 29 9 30 3 31 4 32 14 33 11 34 10 35 7 36 16 37 9 38 1 39 14 41 3 42 15 43 2 44 14 45 8 46 5 48 20 50 14 53 8 10 7 11 20 40 9 47 8 49 4 51 7 55 19 57 11 58 17 59 10 60 15 61 7 62 7 64 5 65 18 66 17 67 3 68 4 69 10 70 18 72 16 73 13 74 19 75 15 76 6 77 11 78 15 79 12 80 14 81 8 82 16 83 8 86 14 87 6 88 9 56 16 63 8 84 8
55 0 16 1 6 2 3 3 10 4 6 5 19 6 4 7 2 9 11 10 11 11 6 12 19 13 10 14 5 15 12 16 17 17 14 18 18 19 19 20 2 21 17 23 3 24 17 25 15 27 17 28 9 29 17 30 18 31 8 32 5 33 8 34 7 36 18 37 10 38 7 39 17 40 12 41 5 42 3 43 5 44 6 45 8 46 7 47 18 48 18 49 19 50 1 51 20 52 13 53 4 54 19 8 13 22 5 26 7 35 10 56 15 57 12 58 14 59 15 60 8 61 19 62 20 63 2 64 11 65 3 66 6 67 11 68 14 69 9 70 11 71 10 73 12 74 8 75 3 76 8 77 3 78 1 80 17 81 5 82 3 83 19 84 16 85 11 86 13 87 12 88 17 72 15 79 9
56 0 16 1 16 2 17 3 7 4 6 5 16 6 4 7 16 8 19 9 18 11 15 12 20 14 19 18 11 19 3 21 2 22 8 23 16 24 2 25 12 26 15 27 15 28 1 29 2 30 3 32 9 33 15 34 13 35 12 36 13 38 8 39 20 40 18 41 4 43 2 44 9 45 18 46 1 47 18 48 9 49 12 50 5 51 13 52 13 53 1 55 15 10 10 13 6 15 9 17 12 20 4 37 18 42 5 54 16 57 9 59 1 60 3 61 3 62 2 63 2 64 3 65 18 66 1 67 19 68 12 70 20 71 13 72 2 73 7 74 14 75 10 76 18 77 2 78 4 79 2 80 15 81 18 82 8 83 7 84 18 85 7 86 18 87 8 88 19 58 11 69 7
57 0 13 1 13 2 6 3 2 4 9 5 14 6 19 7 11 8 14 9 10 10 14 11 14 12 5 13 14 14 14 16 13 17 5 18 1 19 5 20 6 21 16 22 18 24 1 25 10 26 15 27 12 28 11 29 3 31 5 32 14 33 17 34 5 35 16 36 14 37 11 38 17 39 2 40 8 41 1 42 20 43 11 44 15 45 20 46 15 47 17 49 14 50 11 51 18 52 18 53 13 54 11 55 12 56 9 15 6 48 2 59 18 60 12 61 19 62 16 63 19 64 13 65 12 66 13 67 16 68 16 69 4 70 18 71 16 72 12 75 19 76 5 77 18 78 14 79 8 80 7 81 8 83 20 84 10 85 5 86 6 87 5 88 5 58 14 73 3 74 1 82 16
58 0 10 1 8 2 15 3 2 5 10 6 18 7 20 9 20 10 14 11 12 13 12 14 5 15 1 16 17 17 6 19 15 20 11 21 13 22 1 23 4 24 5 25 16 26 1 27 19 28 4 29 11 30 4 31 8 32 19 33 6 34 14 35 2 36 16 37 4 38 15 39 3 40 7 41 13 42 6 43 18 44 10 45 3 46 7 47 18 48 11 50 12 51 18 52 5 53 14 54 17 55 14 8 4 12 13 18 18 49 16 56 11 57 14 59 16 60 16 61 20 62 9 63 15 64 2 65 9 66 18 67 13 68 11 69 3 70 7 72 13 73 8 74 16 75 6 76 11 77 20 78 3 79 1 80 13 81 1 82 1 83 7 84 3 85 4 86 5 87 15 88 15 71 5
59 0 7 2 14 3 9 4 15 5 3 6 15 7 20 8 9 9 4 10 11 12 19 13 18 14 17 15 12 16 19 17 17 19 13 20 15 21 17 23 17 24 13 26 16 28 4 29 18 30 18 32 12 34 6 35 14 36 12 37 14 38 8 39 12 40 16 41 5 42 2 44 1 45 12 46 7 47 3 48 16 49 19 50 13 51 4 52 8 53 14 54 10 55 15 56 1 57 18 58 16 1 1 11 1 18 16 25 1 27 10 31 10 33 10 60 6 62 6 63 16 64 12 65 19 66 19 67 10 68 1 69 13 70 11 71 14 72 11 73 9 74 14 75 15 76 12 77 5 78 9 79 20 80 6 81 20 82 3 83 1 86 19 87 9 88 9 61 19 84 14 85 5
60 0 16 1 16 2 12 3 17 4 19 5 17 6 8 7 9 8 8 9 4 10 15 11 17 13 20 14 13 15 10 16 7 17 6 18 7 19 8 20 2 21 4 22 7 23 16 24 16 25 14 26 13 27 3 28 4 29 1 30 16 31 20 32 13 33 16 34 2 35 3 36 19 37 9 38 13 39 16 40 5 41 6 42 11 43 1 44 15 45 4 46 4 47 4 48 6 50 5 51 4 52 13 53 13 54 15 55 8 56 3 57 12 58 16 59 6 12 10 61 13 62 20 63 18 64 17 65 5 66 10 67 2 68 3 69 17 70 11 71 10 72 15 73 5 74 1 75 14 76 12 77 6 78 15 79 8 80 17 81 10 83 9 84 7 85 7 86 14 87 6 88 12 82 4
61 0 5 2 13 3 12 4 1 5 14 6 4 7 6 9 11 10 16 11 13 12 2 14 9 16 3 17 15 18 19 19 4 20 13 21 10 22 20 23 12 24 10 25 13 26 19 27 9 28 14 29 15 30 7 31 2 32 8 33 17 34 2 35 5 36 16 37 8 38 6 39 18 40 4 41 3 42 15 43 14 44 10 45 5 46 6 47 9 48 15 50 3 52 14 53 12 54 7 55 19 56 3 57 19 58 20 60 13 8 20 13 1 15 6 49 3 51 4 59 19 62 4 63 15 64 4 65 17 67 19 68 20 70 15 71 6 72 14 73 18 74 1 75 16 76 16 77 20 78 13 79 10 80 20 81 11 82 12 83 3 84 15 85 19 86 2 87 11 88 1 66 5 69 19
62 0 9 1 4 2 18 3 12 4 1 5 2 6 4 7 4 8 2 9 4 10 3 11 6 12 11 13 5 14 16 15 20 16 6 17 9 18 7 19 8 20 20 21 10 22 6 24 3 25 7 26 17 27 19 28 1 29 7 30 7 31 13 32 12 33 9 34 10 35 17 36 14 37 20 38 14 39 10 40 20 41 10 42 15 43 6 44 17 45 3 47 2 48 18 49 18 50 8 51 1 52 9 53 7 54 7 55 20 56 2 57 16 58 9 59 6 60 20 61 4 23 14 46 5 63 5 64 8 65 20 66 13 67 14 68 4 69 7 70 7 71 16 72 11 74 19 75 5 76 3 77 4 78 18 80 9 81 10 82 9 83 13 84 13 85 7 86 13 87 20 88 2 73 17 79 10
63 0 9 1 13 2 7 3 7 4 20 5 10 7 18 8 9 9 19 10 19 11 3 12 18 13 20 14 5 15 13 16 18 17 17 19 11 20 1 21 9 22 2 23 15 24 6 25 2 26 18 28 10 29 2 30 3 31 3 32 1 33 7 34 4 35 10 36 16 37 16 39 11 40 10 41 6 42 19 43 11 44 5 45 1 46 3 47 18 48 17 49 8 51 11 52 15 53 3 55 2 56 2 57 19 58 15 59 16 60 18 61 15 62 5 6 20 18 14 38 13 50 12 54 8 64 4 65 12 66 13 67 3 68 20 69 15 70 7 71 3 72 4 73 14 74 6 75 13 76 12 77 12 78 2 79 6 80 4 81 5 82 3 83 19 84 2 86 2 87 16 88 5 85 16
64 0 1 1 9 2 16 3 18 4 15 6 6 7 7 8 4 9 16 11 14 12 4 14 5 15 12 16 6 17 20 19 5 20 7 21 1 22 9 23 8 24 17 25 16 26 15 27 2 28 1 29 16 30 8 31 9 33 12 34 17 35 18 37 3 38 13 39 15 40 3 41 15 42 3 43 14 44 8 45 13 46 20 47 11 48 20 49 11 50 10 51 19 52 18 53 17 54 5 55 11 56 3 57 13 58 2 59 12 60 17 61 4 62 8 63 4 5 15 10 16 13 18 18 2 32 15 36 17 65 4 67 1 68 12 69 11 70 12 71 3 72 7 73 11 74 14 75 2 76 11 77 14 78 12 79 10 80 5 81 6 82 17 83 1 84 10 85 6 86 19 87 3 88 16 66 6
65 0 7 1 16 2 9 4 13 5 18 6 20 7 19 8 14 9 15 10 7 11 17 12 2 13 10 14 17 15 9 16 20 17 1 18 3 19 13 21 18 23 15 24 19 25 5 26 20 27 13 28 18 29 19 30 2 31 18 32 5 33 10 34 7 36 12 37 4 38 16 39 2 40 15 41 17 42 1 43 14 44 11 45 6 46 16 47 10 48 3 49 12 51 19 52 17 54 18 55 3 56 18 57 12 58 9 59 19 60 5 61 17 62 20 63 12 64 4 3 4 20 4 22 13 35 9 53 9 66 11 67 15 69 13 70 18 71 3 72 11 73 9 74 14 75 2 76 13 77 6 78 15 79 15 80 6 81 12 83 12 84 15 85 5 86 3 88 17 68 1 82 17 87 3
66 0 9 1 14 2 8 3 11 4 18 5 15 6 11 7 18 8 14 9 15 10 3 11 8 12 1 13 12 14 11 15 7 16 20 17 9 19 20 20 4 21 4 22 19 23 7 24 4 25 20 26 6 27 16 29 2 31 7 32 4 35 13 36 10 38 2 39 16 40 2 41 2 42 18 43 6 44 7 45 20 46 6 47 13 48 11 49 8 50 5 51 13 53 8 54 17 55 6 56 1 57 13 58 18 59 19 60 10 62 13 63 13 65 11 18 1 28 20 33 19 34 13 37 1 52 19 61 5 64 6 67 6 68 19 69 18 71 9 72 3 74 13 76 8 77 4 78 10 79 19 80 15 81 16 82 5 83 18 84 6 86 1 87 13 88 11 70 1 73 17 75 13 85 18
67 0 13 1 13 2 17 3 11 4 13 5 10 6 1 7 18 8 3 9 7 11 6 12 14 14 16 15 10 16 18 17 20 18 5 19 11 20 15 21 14 22 3 23 17 24 7 25 14 26 11 27 18 28 10 30 8 31 12 32 19 33 4 34 17 35 8 36 8 37 3 38 17 39 6 40 8 41 6 42 8 43 11 44 7 45 9 46 13 47 19 48 2 49 7 51 6 52 17 53 13 54 3 55 11 56 19 57 16 58 13 59 10 60 2 61 19 62 14 63 3 64 1 65 15 66 6 10 12 13 14 29 6 50 11 68 4 69 12 70 7 71 13 72 6 73 15 75 15 76 15 77 5 78 9 79 18 80 1 81 12 82 1 83 2 84 17 85 17 86 18 87 7 88 7 74 1
68 0 10 1 9 2 20 3 1 4 16 5 3 6 7 7 13 8 5 9 16 11 9 12 16 13 13 14 13 15 10 16 16 17 6 19 16 20 18 21 19 22 18 23 20 24 17 25 13 27 12 28 17 29 1 30 6 31 4 32 2 33 11 34 5 35 2 36 3 37 12 38 7 39 20 40 19 41 12 43 16 44 13 45 2 46 19 47 5 48 5 49 6 50 14 51 17 52 19 53 17 54 4 55 14 56 12 57 16 58 11 59 1 60 3 61 20 62 4 63 20 64 12 66 19 67 4 10 4 18 16 26 20 42 14 65 1 70 9 71 11 72 12 73 12 74 5 75 15 76 3 77 10 78 9 79 17 80 20 81 9 82 10 83 14 84 6 85 9 86 3 87 16 88 13 69 1
69 0 8 2 6 3 4 4 5 6 16 7 3 8 8 9 18 11 5 12 9 13 12 14 1 16 14 17 11 19 13 20 14 23 18 24 10 25 10 26 19 28 15 29 6 30 6 31 2 32 17 33 19 34 1 36 20 37 14 38 4 39 8 40 1 41 12 42 11 43 11 44 12 45 5 46 15 47 14 48 13 49 4 51 17 52 4 53 4 54 10 55 9 57 4 58 3 59 13 60 17 62 7 63 15 64 11 65 13 66 18 67 12 1 3 5 15 10 1 15 5 18 19 21 11 22 19 35 17 50 6 56 7 61 19 68 1 70 3 71 10 73 12 74 7 75 5 76 5 77 15 78 12 79 3 80 20 81 14 82 4 83 17 85 2 86 5 87 14 88 14 72 19 84 1
70 0 18 1 3 2 18 3 12 4 12 5 15 6 18 7 17 8 5 9 8 10 17 11 20 12 18 13 8 15 14 16 4 17 20 18 6 19 13 21 11 22 13 24 14 25 2 26 14 27 13 28 6 29 11 31 3 32 17 33 17 34 9 35 1 37 11 38 12 39 2 40 4 41 8 42 3 43 15 44 1 45 10 47 13 48 5 51 2 52 18 54 18 55 11 56 20 57 18 58 7 59 11 60 11 61 15 62 7 63 7 64 12 65 18 67 7 68 9 69 3 14 15 20 5 23 13 30 17 36 11 46 9 49 20 50 2 53 5 66 1 71 3 72 11 73 2 74 6 76 6 77 16 78 1 79 17 80 5 81 16 83 2 84 12 85 12 86 5 88 6 75 5 82 11 87 15
71 0 1 2 19 3 18 4 15 5 4 7 13 8 18 10 8 11 3 12 10 13 5 14 15 15 10 16 4 17 6 18 15 19 3 20 13 21 15 22 2 23 14 24 1 26 12 27 9 28 15 29 13 31 18 32 7 33 7 34 7 35 20 36 4 37 9 38 2 39 11 40 4 41 13 42 18 43 2 44 12 45 14 46 10 47 18 48 18 49 7 50 20 51 9 52 7 53 20 55 10 56 13 57 16 59 14 60 10 61 6 62 16 63 3 64 3 65 3 66 9 67 13 68 11 69 10 70 3 1 20 6 16 9 18 30 3 58 5 72 8 73 9 74 3 75 17 76 13 77 20 78 8 79 5 80 20 81 11 82 7 83 11 84 20 85 11 86 7 87 13 88 6
72 0 6 1 6 2 18 3 19 4 5 6 4 7 3 8 10 9 13 10 4 11 13 12 7 13 19 14 1 15 11 16 1 18 13 19 4 20 14 22 13 23 20 24 20 25 3 26 1 27 11 29 7 30 6 31 13 32 6 33 6 34 1 35 6 36 17 37 7 38 16 39 19 40 5 41 10 42 7 43 3 44 3 45 11 46 9 48 5 49 11 50 10 51 7 54 16 56 2 57 12 58 13 59 11 60 15 61 14 62 11 63 4 64 7 65 11 66 3 67 6 68 12 70 11 71 8 5 2 17 8 21 19 28 7 52 2 53 13 55 15 69 19 73 5 74 2 75 7 78 1 79 1 80 8 81 16 82 1 83 14 84 4 85 1 86 1 87 4 88 18 76 5 77 1
73 0 15 1 11 2 20 3 13 4 6 5 11 6 20 7 2 8 5 9 3 10 19 11 19 12 8 14 4 15 9 16 20 17 12 19 7 20 1 21 1 22 2 23 11 24 10 25 9 26 3 27 5 28 18 29 13 30 1 31 18 32 8 33 3 34 6 35 5 36 9 37 1 38 7 40 4 41 9 42 5 43 13 44 10 45 4 46 16 47 5 48 2 49 8 50 11 51 6 52 16 53 20 54 13 55 12 56 7 58 8 59 9 60 5 61 18 63 14 64 11 65 9 67 15 68 12 69 12 70 2 71 9 72 5 18 5 39 1 57 3 62 17 66 17 74 13 75 1 76 7 77 6 79 1 80 6 82 16 84 16 85 6 86 4 87 19 88 19 78 13 81 11 83 16
74 0 18 2 9 3 6 4 16 5 5 6 10 7 1 8 16 9 20 10 11 11 13 12 12 13 16 14 7 15 18 16 2 17 11 18 11 19 16 20 10 21 2 22 2 23 10 25 17 26 8 28 15 29 15 30 10 31 3 32 9 36 12 37 10 39 8 40 6 41 11 42 5 43 19 44 3 45 3 46 20 47 12 48 11 49 6 50 10 51 8 52 20 53 14 54 19 55 8 56 14 58 16 59 14 60 1 61 1 62 19 63 6 64 14 65 14 66 13 68 5 69 7 70 6 71 3 72 2 73 13 1 9 24 2 27 7 34 11 35 17 38 17 57 1 67 1 75 6 76 7 77 4 78 7 79 1 81 11 82 13 84 15 85 7 86 1 87 12 88 7 80 14
75 0 4 1 13 2 18 4 11 5 4 6 2 7 9 8 3 9 17 10 14 11 4 12 16 13 17 14 3 15 11 16 19 17 18 18 13 19 20 20 12 21 2 22 6 23 9 24 16 25 13 26 5 27 1 28 2 29 11 30 18 31 20 32 13 33 3 34 11 35 7 36 17 37 19 38 13 39 12 40 3 41 13 42 7 43 11 44 13 45 14 46 7 48 19 49 20 50 1 51 13 52 7 53 5 54 15 55 3 56 10 57 19 58 6 59 15 60 14 61 16 62 5 63 13 64 2 65 2 67 15 68 15 69 5 71 17 72 7 73 1 74 6 3 5 47 12 66 13 70 5 76 3 77 16 78 3 79 16 80 12 81 20 82 3 84 15 85 11 86 14 87 19 83 5
76 0 9 1 11 2 10 3 4 4 20 5 6 6 8 7 2 8 1 9 19 10 19 11 4 12 20 13 3 14 3 15 13 16 14 17 16 18 1 19 2 20 3 21 1 22 6 23 16 24 2 25 16 26 3 27 18 28 19 29 18 30 17 31 5 32 3 33 17 34 5 35 8 36 13 38 10 39 11 40 10 42 8 43 6 44 11 45 7 46 6 47 11 48 3 49 7 50 18 51 14 52 15 53 3 54 6 55 8 56 18 57 5 58 11 59 12 60 12 61 16 62 3 63 12 64 11 65 13 66 8 67 15 68 3 69 5 70 6 71 13 73 7 74 7 75 3 37 12 41 5 72 5 78 18 79 10 80 4 81 17 82 20 83 6 84 5 85 6 86 10 87 11 88 13 77 14
77 0 2 1 9 2 7 3 9 5 13 6 3 7 15 8 5 9 4 10 7 11 20 13 2 14 3 15 15 16 17 17 12 18 7 19 3 20 13 22 15 23 7 25 8 26 3 27 17 28 3 29 7 30 10 32 16 33 6 34 3 35 5 36 4 37 18 38 1 39 1 40 10 41 12 42 11 43 6 44 10 45 13 46 16 47 3 48 6 49 12 50 3 51 11 54 11 55 3 56 2 57 18 58 20 59 5 60 6 61 20 62 4 63 12 64 14 65 6 66 4 67 5 68 10 69 15 70 16 71 20 73 6 74 4 75 16 4 11 12 20 21 15 24 17 31 14 52 3 53 3 72 1 76 14 78 17 79 2 80 13 81 14 82 5 83 20 84 10 85 18 86 14 87 17 88 18
78 0 7 1 17 2 11 3 9 4 13 5 15 6 1 7 3 9 11 10 6 11 19 12 19 13 20 14 4 15 2 16 10 17 3 18 19 19 14 20 15 21 7 23 8 24 7 25 10 26 9 27 1 28 12 29 6 30 11 31 5 32 19 33 13 34 19 35 20 36 13 37 20 38 13 39 12 40 9 41 17 42 1 43 2 44 5 45 14 46 17 47 8 48 6 49 6 50 10 51 12 52 15 53 10 54 15 55 1 56 4 57 14 58 3 59 9 60 15 61 13 62 18 63 2 64 12 65 15 66 10 67 9 68 9 69 12 70 1 71 8 72 1 74 7 75 3 76 18 77 17 8 3 22 8 73 13 79 1 81 10 82 15 83 4 84 15 85 20 86 1 87 6 88 18 80 17
79 0 15 2 13 3 2 4 1 5 9 6 9 7 15 8 7 9 10 10 1 11 5 12 12 13 4 14 20 15 5 16 13 17 12 18 5 19 18 20 15 21 8 22 19 23 17 24 2 25 15 26 19 27 14 28 12 29 12 30 16 31 13 32 1 33 20 34 20 35 8 36 2 38 15 39 14 40 5 41 9 42 13 43 2 44 20 45 6 47 4 48 7 49 2 50 5 51 16 52 17 53 11 54 12 56 2 57 8 58 1 59 20 60 8 61 10 63 6 64 10 65 15 66 19 67 18 68 17 69 3 70 17 71 5 72 1 73 1 74 1 75 16 76 10 77 2 78 1 1 9 37 16 55 9 62 10 80 9 81 18 82 5 83 9 84 20 85 13 86 11 88 10 87 2
80 0 15 1 3 2 12 3 11 4 11 5 11 6 10 7 9 8 3 9 14 10 7 11 4 12 6 13 15 14 13 15 6 16 8 17 17 18 1 19 9 20 2 21 2 22 12 23 20 24 8 25 4 26 16 27 11 28 16 29 17 30 17 31 11 32 14 33 9 34 16 35 8 36 8 37 5 38 1 39 20 40 11 41 4 42 4 43 18 44 9 45 5 46 17 47 5 48 11 49 16 50 19 51 19 52 14 53 15 54 14 55 17 56 15 57 7 58 13 59 6 60 17 61 20 62 9 63 4 64 5 65 6 66 15 67 1 68 20 69 20 70 5 71 20 72 8 73 6 75 12 76 4 77 13 79 9 74 14 78 17 81 11 82 8 83 19 84 12 85 15 86 10 87 7 88 12
81 1 18 2 11 3 14 4 4 5 14 6 20 7 17 8 11 9 3 10 8 11 10 12 3 13 20 15 5 16 8 18 19 19 5 20 7 21 8 22 19 23 3 24 9 25 2 26 8 27 15 28 19 29 16 30 10 31 17 32 13 33 1 35 16 36 12 37 9 38 4 39 16 40 10 41 3 42 5 43 6 44 12 45 15 46 8 47 3 48 3 49 10 50 9 51 6 52 9 53 17 54 8 55 5 56 18 57 8 58 1 59 20 60 10 61 11 62 10 63 5 64 6 65 12 66 16 67 12 68 9 69 14 70 16 71 11 72 16 74 11 75 20 76 17 77 14 78 10 79 18 80 11 0 17 14 13 17 4 34 18 73 11 82 18 83 11 84 2 85 2 86 18 87 16 88 1
82 0 6 1 2 2 9 3 16 5 5 6 5 8 13 9 10 10 4 11 3 12 14 13 5 14 5 15 1 16 3 17 13 18 16 19 3 20 15 21 14 22 20 23 12 24 14 25 7 26 11 27 9 28 7 30 15 31 5 32 1 33 14 34 10 35 17 36 6 37 19 38 2 40 5 41 20 42 8 43 15 44 3 45 11 46 13 47 2 48 3 49 16 50 6 51 17 52 9 53 7 54 16 55 3 56 8 58 1 59 3 61 12 62 9 63 3 64 17 66 5 67 1 68 10 69 4 71 7 72 1 73 16 74 13 75 3 76 20 77 5 78 15 79 5 80 8 81 18 4 18 7 13 29 6 57 16 60 4 65 17 70 11 83 6 84 14 85 9 86 1 87 1 88 11
83 0 8 1 1 2 7 3 14 4 11 5 1 6 17 7 12 8 7 9 2 11 20 12 3 13 14 14 11 16 2 17 15 18 11 19 8 20 7 21 3 22 16 23 6 24 20 25 2 26 12 28 15 29 18 31 2 32 8 33 7 34 12 35 9 36 19 37 17 38 9 39 13 40 17 41 5 43 9 44 4 46 12 47 4 48 15 49 10 50 11 51 10 52 17 53 17 54 8 55 19 56 7 57 20 58 7 59 1 60 9 61 3 62 13 63 19 64 1 65 12 66 18 67 2 68 14 69 17 70 2 71 11 72 14 76 6 77 20 78 4 79 9 80 19 81 11 82 6 10 14 15 12 27 19 30 9 45 5 73 16 75 5 84 7 85 17 86 19 87 7 88 15
84 0 15 1 18 2 19 3 4 4 9 5 9 6 8 7 19 8 6 9 9 10 7 12 1 13 20 14 12 15 20 16 12 17 8 18 20 19 11 20 4 21 6 22 6 23 19 24 11 25 5 26 11 27 16 28 5 29 2 31 7 32 19 33 18 34 14 35 17 36 9 37 16 38 17 40 1 41 15 42 13 43 3 44 11 46 2 47 4 48 5 49 1 50 20 51 15 52 17 53 8 55 16 56 18 57 10 58 3 60 7 61 15 62 13 63 2 64 10 65 15 66 6 67 17 68 6 70 12 71 20 72 4 73 16 74 15 75 15 76 5 77 10 78 15 79 20 80 12 81 2 82 14 83 7 11 13 30 16 39 18 54 8 59 14 69 1 86 13 87 6 88 4 85 15
85 0 17 1 8 2 6 4 9 5 13 6 10 7 13 8 15 9 20 10 13 11 5 12 6 13 1 14 10 15 2 16 15 18 2 19 7 20 13 21 5 22 11 23 1 24 18 25 7 27 1 28 14 29 12 30 15 31 7 32 5 33 3 34 17 35 7 36 20 37 9 38 12 39 14 40 11 41 13 42 5 43 2 44 4 45 13 46 12 48 16 50 10 51 9 52 9 53 8 55 11 56 7 57 5 58 4 60 7 61 19 62 7 64 6 65 5 67 17 68 9 69 2 70 12 71 11 72 1 73 6 74 7 75 11 76 6 77 18 78 20 79 13 80 15 81 2 82 9 83 17 3 1 17 3 26 9 47 2 49 15 59 5 63 16 66 18 84 15 86 5 87 13 88 7
86 0 17 2 3 3 7 4 11 5 13 6 6 8 1 10 18 11 6 12 13 13 9 14 4 15 13 16 16 17 6 18 2 19 11 21 3 22 6 23 2 24 9 25 4 26 14 27 18 28 7 29 1 30 9 31 4 32 14 33 19 34 17 35 6 36 1 37 16 38 15 40 12 41 15 42 9 43 1 44 5 46 10 47 15 48 7 49 9 50 9 51 8 53 20 54 14 55 13 56 18 57 6 58 5 59 19 60 14 61 2 62 13 63 2 64 19 65 3 66 1 67 18 68 3 69 5 70 5 71 7 72 1 73 4 74 1 75 14 76 10 77 14 78 1 79 11 80 10 81 18 82 1 83 19 84 13 85 5 7 7 9 4 20 15 45 18 52 9 87 19 88 10
87 1 15 2 15 3 20 4 18 5 10 6 6 7 14 8 6 9 6 10 14 11 15 12 16 13 14 14 6 15 8 16 13 17 20 18 13 19 10 20 11 21 6 22 14 23 15 24 11 25 15 26 10 27 18 28 19 31 1 32 20 33 18 34 9 35 19 36 4 37 19 38 8 39 7 40 7 41 14 42 11 43 13 44 16 45 5 46 3 47 17 48 11 49 6 50 7 51 11 52 10 53 2 54 6 55 12 56 8 57 5 58 15 59 9 60 6 61 11 62 20 63 16 64 3 66 13 67 7 68 16 69 14 71 13 72 4 73 19 74 12 75 19 76 11 77 17 78 6 80 7 81 16 82 1 83 7 84 6 85 13 86 19 0 11 30 4 65 3 70 15 79 2 88 20
88 0 12 1 10 2 10 3 2 4 13 5 2 6 7 7 13 8 1 9 1 10 13 11 1 12 15 13 8 14 4 15 20 17 20 18 17 19 10 20 16 21 13 22 7 23 19 24 12 25 8 26 17 27 19 30 20 31 1 32 9 33 14 34 2 37 1 38 2 39 2 40 19 41 14 42 4 43 14 44 9 45 18 48 1 50 14 51 16 52 18 53 19 54 9 55 17 56 19 57 5 58 15 59 9 60 12 61 1 62 2 63 5 64 16 65 17 66 11 67 7 68 13 69 14 70 6 71 6 72 18 73 19 74 7 76 13 77 18 78 18 79 10 80 12 81 1 82 11 83 15 84 4 85 7 87 20 16 5 28 20 29 1 35 12 36 19 46 8 47 16 86 10
