63
0 10 3 14 17 17 18 50 12 22 20 53 20
1 4 4 23 19
2 40 15 29 10
3 4 8 10 4 49 3 36 19 46 16
4 1 4 3 8 35 20
5 49 4
6 22 4 50 13 54 20 55 9 25 14
7 13 1 24 2 18 12
8 27 4 40 10 51 13 60 8 33 8
9 19 17 27 7 28 9 39 5 47 4 53 15 46 1 61 11
10 0 3 3 4 41 20 59 19 60 18
11 47 5 41 6 53 19
12 13 1 21 19 33 8 43 7 57 17 60 3
13 7 1 12 1 53 7
14 0 17 33 8 47 18 55 3 57 7
15 24 9 34 1 37 19
16 18 19 49 6 50 11
17 0 18 55 14
18 16 19 7 12 24 4 52 20 62 17 29 1
19 9 17 42 18
20 28 1
21 12 19 46 9
22 6 4 0 20 26 9
23 1 19 32 16 36 20 48 6
24 7 2 15 9 18 4 27 2 49 8 53 8
25 6 14 60 8
26 22 9 57 20 59 4
27 8 4 9 7 24 2 36 20 53 5
28 9 9 20 1 50 19
29 2 10 18 1 41 11 44 13
30 34 13 58 15
31 45 16
32 23 16 35 17 49 6 56 13 57 14 43 1 46 3
33 12 8 14 8 8 8
34 15 1 30 13 54 5
35 32 17 4 20 51 5 54 10 61 12 58 19
36 27 20 3 19 23 20 52 9
37 15 19 48 12 57 14
38 42 8 49 18 58 3
39 9 5 54 9
40 2 15 8 10 45 5 60 8 57 11
41 10 20 29 11 11 6
42 19 18 38 8
43 12 7 32 1 62 11
44 29 13 49 12
45 31 16 40 5 48 18
46 21 9 3 16 9 1 32 3 53 3
47 9 4 11 5 14 18
48 37 12 45 18 23 6 57 2 50 2
49 3 3 5 4 16 6 24 8 32 6 38 18 44 12 59 8
50 0 12 6 13 16 11 28 19 48 2 55 14
51 8 13 35 5
52 18 20 36 9 59 13 60 14
53 9 15 13 7 24 8 27 5 46 3 0 20 11 19 58 11
54 6 20 35 10 39 9 34 5 56 2
55 6 9 14 3 17 14 50 14 57 17
56 32 13 54 2
57 12 17 26 20 32 14 48 2 55 17 14 7 37 14 40 11
58 30 15 53 11 35 19 38 3
59 10 19 26 4 52 13 49 8
60 8 8 10 18 25 8 40 8 12 3 52 14 61 10
61 35 12 60 10 9 11
62 18 17 43 11
