97
0 1 6 2 19 3 2 4 19 5 20 6 5 7 1 8 6 10 3 11 4 12 15 13 8 14 12 15 7 17 19 18 17 20 5 21 16 22 12 23 11 24 13 25 9 26 2 27 10 28 20 29 18 30 16 31 11 32 8 33 12 34 14 36 10 37 20 38 10 39 5 40 10 41 7 42 3 43 17 44 19 45 9 46 1 47 13 48 19 50 3 51 16 52 16 53 15 54 1 55 15 56 19 57 12 58 17 59 16 60 20 61 7 62 6 63 10 64 5 65 16 66 17 67 1 69 4 70 17 71 6 72 12 73 13 74 14 75 8 76 2 77 11 78 19 79 5 80 16 81 12 82 9 83 7 84 5 86 14 88 20 89 15 90 20 91 14 92 12 93 17 95 13 96 19 9 8 16 16 19 12 35 6 49 10 68 2 85 12 87 6 94 1
1 0 6 2 5 3 6 4 10 5 10 6 11 7 16 8 14 9 17 10 15 11 3 13 8 14 3 15 11 16 13 17 20 18 5 19 12 20 11 21 2 22 5 23 11 24 16 25 19 26 13 27 12 28 1 29 13 30 15 31 14 32 14 34 13 35 11 37 18 38 13 40 19 41 15 43 14 44 1 45 4 46 8 47 19 48 18 49 2 50 7 51 7 52 15 53 17 54 7 55 18 56 4 57 10 58 18 59 7 60 6 61 10 62 6 64 5 65 6 66 11 67 5 68 5 69 1 70 9 71 5 72 16 73 4 74 7 75 1 76 19 77 5 78 18 79 18 80 16 82 4 83 8 84 9 85 19 86 9 87 12 88 13 89 6 90 17 91 8 92 16 93 3 94 11 95 1 96 4 12 1 33 17 36 7 39 8 42 7 63 20 81 20
2 0 19 1 5 3 17 4 20 5 2 6 4 7 4 8 18 9 20 10 10 11 7 12 11 13 5 14 16 16 9 17 15 18 20 19 2 22 15 23 17 24 9 25 6 26 7 27 1 28 3 29 6 30 13 31 18 32 10 33 7 34 4 36 17 37 20 38 11 39 7 40 19 43 16 44 13 45 12 46 10 47 12 48 1 49 7 50 5 51 19 52 4 54 14 55 10 56 10 57 1 58 1 59 9 60 6 61 14 62 2 63 17 64 18 65 17 66 14 67 10 68 13 69 12 70 4 71 20 72 4 73 9 74 4 75 3 76 1 77 2 78 17 79 14 80 16 81 8 83 17 84 8 85 4 86 15 87 16 89 1 90 12 91 14 93 12 94 2 95 2 96 12 15 7 20 2 35 18 41 17 42 3 53 8 88 1
3 0 2 1 6 2 17 4 3 5 20 6 8 7 8 8 15 9 8 10 13 11 16 13 13 15 15 16 17 17 7 18 4 19 15 20 9 21 5 22 1 23 16 24 20 25 2 26 19 27 11 30 15 32 12 33 20 34 5 36 12 37 17 38 15 39 19 40 17 41 11 42 20 43 14 44 5 45 13 46 13 47 19 48 11 49 1 50 10 51 7 52 19 54 14 55 8 56 13 57 18 58 19 59 10 60 7 61 13 62 11 63 3 64 3 65 20 66 7 67 12 69 17 70 3 71 6 72 17 73 1 74 9 75 12 77 18 78 18 79 12 80 14 81 18 82 16 84 18 85 13 86 12 88 1 90 18 91 19 92 4 93 5 95 14 96 12 12 10 14 18 28 16 29 6 31 1 35 3 53 2 68 1 76 7 83 1 87 14 89 20 94 5
4 0 19 1 10 2 20 3 3 7 9 8 19 9 4 10 2 11 9 12 4 13 19 14 9 15 2 16 9 17 16 18 13 19 20 20 9 21 9 23 3 24 6 25 14 26 13 27 16 28 16 29 6 30 9 31 12 32 2 33 6 34 6 35 4 36 11 38 4 40 20 41 8 42 1 43 16 44 6 45 4 46 5 47 5 48 12 49 4 51 18 52 6 53 18 54 6 55 1 56 3 57 11 58 7 59 19 61 10 63 20 64 16 66 4 67 19 68 9 70 18 71 8 72 12 73 19 75 9 76 10 77 15 78 5 79 11 80 12 82 11 83 6 84 7 85 11 86 19 87 13 89 16 90 14 91 10 92 6 93 1 94 18 5 17 6 16 22 1 37 9 39 13 50 4 62 11 65 8 69 8 74 16 81 19 88 14 95 19 96 17
5 0 20 1 10 2 2 3 20 4 17 7 10 8 4 9 9 10 3 11 2 12 2 15 14 16 18 19 17 20 10 21 14 22 17 23 19 24 7 26 16 27 5 28 14 30 13 31 5 32 7 33 9 34 14 35 8 36 15 37 13 38 8 39 20 40 2 41 4 42 2 43 20 44 9 45 11 46 13 47 20 48 3 49 12 51 15 52 20 54 18 55 1 56 3 57 9 58 10 59 6 60 2 62 12 63 3 64 4 65 13 66 3 67 16 69 5 70 11 71 14 72 14 73 8 74 9 75 5 76 4 77 1 78 17 79 4 80 8 82 17 83 18 84 4 85 7 86 3 87 17 88 1 89 11 90 9 91 18 92 19 93 13 94 11 96 19 6 16 13 18 14 17 17 6 18 4 25 12 29 1 50 18 53 7 61 17 68 1 81 10 95 11
6 0 5 1 11 2 4 3 8 4 16 5 16 7 17 8 7 9 15 10 10 11 2 12 15 13 3 14 12 15 10 16 8 17 19 18 14 19 10 20 3 21 16 22 8 23 6 24 1 25 12 26 17 27 16 28 15 29 12 30 9 31 20 32 15 33 18 34 8 35 13 36 15 37 7 38 17 39 4 40 1 41 19 42 6 43 10 44 14 46 4 47 17 48 3 49 9 50 11 51 15 52 15 53 20 54 18 55 6 56 16 57 20 58 7 59 1 60 4 62 19 63 11 64 18 65 5 67 12 68 9 69 13 70 6 71 11 72 7 73 18 74 12 75 3 76 1 77 6 78 6 79 8 80 16 81 7 82 20 84 15 85 5 86 11 87 14 88 5 89 8 90 13 91 15 93 8 94 11 95 9 96 14 45 7 61 5 66 18 83 20 92 7
7 0 1 1 16 2 4 3 8 4 9 5 10 6 17 8 14 9 2 10 16 11 9 12 2 13 2 14 13 15 17 16 10 17 13 18 11 19 1 20 16 21 10 22 19 23 12 24 7 25 2 27 6 28 10 29 3 30 11 31 18 32 4 33 7 34 1 35 13 36 8 38 4 39 4 40 13 41 5 42 8 43 15 44 12 45 17 46 3 47 1 48 17 49 3 50 19 51 14 52 19 53 14 54 14 56 6 57 6 58 9 59 1 60 8 61 12 62 16 63 10 65 17 66 2 67 2 68 10 69 9 70 10 71 5 72 13 73 20 74 2 75 4 76 6 78 10 79 5 80 18 81 10 82 10 83 17 84 3 85 5 86 5 87 18 88 18 89 20 90 14 91 10 92 20 93 4 94 4 26 15 37 12 55 9 64 18 77 9 95 7 96 16
8 0 6 1 14 2 18 3 15 4 19 5 4 6 7 7 14 9 8 10 19 11 11 12 10 13 7 14 12 15 8 16 11 17 5 18 18 19 1 20 17 21 8 22 15 23 19 24 20 25 5 26 17 27 7 28 2 29 9 30 16 31 8 32 17 33 16 34 18 35 4 37 4 38 1 39 16 41 5 42 15 43 8 44 9 45 17 46 10 47 11 48 13 49 15 50 14 51 3 52 20 53 18 54 6 56 8 57 9 59 1 60 11 61 19 62 19 63 6 64 13 65 13 66 4 68 5 69 2 70 5 71 3 72 16 73 16 74 18 75 1 76 20 78 13 79 20 80 4 81 6 82 9 83 14 84 2 85 11 86 16 87 15 88 1 89 11 90 15 91 4 92 19 93 19 94 12 95 13 96 14 36 7 40 14 55 15 58 14 67 16 77 14
9 1 17 2 20 3 8 4 4 5 9 6 15 7 2 8 8 0 8 10 6 11 12 12 5 13 3 14 19 15 10 16 15 17 19 18 1 19 4 20 1 22 16 23 20 24 17 25 5 26 15 27 18 28 9 29 9 30 20 31 6 32 2 34 20 35 8 36 9 37 2 38 6 39 20 40 14 41 10 42 9 43 5 44 4 46 1 47 6 48 9 49 14 50 10 51 2 52 11 53 19 54 19 55 3 57 13 59 10 60 1 61 16 62 14 63 9 64 8 65 6 66 11 68 5 69 9 70 6 71 15 73 5 74 20 75 9 76 11 77 16 78 6 79 4 80 8 81 4 82 18 85 1 86 20 87 3 89 11 90 20 91 14 92 13 93 15 94 12 95 3 96 5 21 4 33 4 45 1 56 17 58 4 67 11 72 6 83 6 88 2
10 0 3 1 15 2 10 3 13 4 2 5 3 6 10 7 16 8 19 9 6 11 2 12 16 13 16 14 16 15 12 16 7 17 6 18 3 19 17 20 19 21 3 22 13 23 14 24 3 25 11 26 20 27 16 28 9 29 9 30 16 31 10 32 9 33 17 34 1 35 18 36 14 37 10 38 13 39 11 40 14 41 9 42 2 43 9 45 11 46 2 47 19 49 3 50 5 51 11 52 20 53 1 55 5 56 15 57 14 58 17 59 20 60 7 61 12 62 8 63 9 64 15 65 19 67 4 68 17 69 2 70 1 71 8 72 19 73 3 74 4 75 9 76 17 77 7 78 2 79 5 80 8 81 2 83 19 84 16 85 2 86 6 87 15 88 18 89 18 90 13 91 5 92 18 93 4 94 11 95 19 96 2 44 18 54 19 66 13 82 14
11 0 4 1 3 2 7 3 16 4 9 5 2 6 2 7 9 8 11 9 12 10 2 12 15 13 20 14 5 15 13 17 10 18 1 19 1 20 8 21 7 22 18 24 8 25 20 26 18 27 1 28 6 29 13 30 15 31 9 32 9 33 11 34 20 35 1 36 9 37 12 38 17 39 16 40 20 41 14 42 18 43 4 44 19 45 10 46 7 47 9 48 20 49 15 51 13 52 13 53 2 54 2 55 11 56 16 57 1 58 16 59 7 60 16 62 14 63 17 64 4 65 17 66 5 68 2 70 3 72 2 73 18 74 12 75 7 76 20 77 3 78 1 79 1 80 5 81 1 82 15 83 4 84 4 85 9 86 19 87 6 88 14 89 11 90 4 91 20 92 6 93 12 94 7 95 6 96 14 16 7 23 16 50 15 61 5 67 12 69 17 71 15
12 0 15 2 11 4 4 5 2 6 15 7 2 8 10 9 5 10 16 11 15 1 1 3 10 13 16 14 2 15 19 16 14 17 4 18 19 19 10 20 20 21 8 22 15 23 18 24 16 25 13 26 12 27 14 28 8 29 17 30 4 31 12 32 15 33 5 34 6 35 10 36 11 37 13 38 14 39 10 40 12 41 16 42 7 43 7 44 19 45 18 46 8 47 18 48 8 49 19 50 7 51 11 53 20 54 20 55 3 56 4 58 2 59 10 60 19 61 15 62 18 63 9 64 17 65 9 66 2 67 3 69 13 70 5 72 14 73 4 74 11 75 18 76 10 77 20 78 15 79 14 80 17 81 18 82 10 83 19 84 13 85 2 86 1 87 6 88 3 89 5 90 9 91 7 92 2 93 13 94 7 95 4 96 1 52 14 57 11 68 1 71 5
13 0 8 1 8 2 5 3 13 4 19 6 3 7 2 8 7 9 3 10 16 11 20 12 16 5 18 14 17 15 5 17 20 18 17 19 15 20 5 21 20 22 7 23 4 26 11 27 18 28 1 29 3 30 1 31 10 32 17 33 11 34 18 35 4 36 10 37 8 39 13 40 10 42 1 43 17 45 2 46 20 47 10 48 19 49 8 50 19 51 11 52 10 53 1 54 14 55 12 56 13 57 12 58 10 59 17 60 20 61 8 63 10 64 18 65 12 66 15 67 4 68 15 69 1 70 6 71 3 72 15 73 5 74 18 75 2 76 16 77 20 78 20 79 19 80 19 81 14 82 4 83 3 84 11 85 16 86 14 87 16 88 2 90 5 91 8 92 1 95 7 96 7 16 16 24 16 25 18 38 8 41 14 62 18 89 17 93 7 94 13
14 0 12 1 3 2 16 4 9 6 12 7 13 8 12 9 19 10 16 11 5 12 2 13 17 3 18 5 17 15 2 16 2 17 8 18 3 20 13 21 10 22 18 23 12 24 18 25 17 26 1 27 9 28 1 30 11 31 8 32 8 33 16 34 9 35 1 36 1 37 10 41 1 42 16 43 1 44 19 45 19 47 11 48 18 51 3 52 10 53 11 54 5 55 1 56 18 57 1 58 5 59 12 60 11 61 16 62 1 64 17 65 6 66 7 67 11 68 13 69 20 70 5 71 13 72 12 73 2 74 18 75 20 76 9 77 1 78 10 79 11 80 9 81 20 84 15 85 2 86 5 87 11 88 7 89 2 90 9 91 12 92 11 93 5 94 19 95 19 96 8 19 10 29 16 38 8 39 7 40 2 46 5 49 6 50 1 63 17 82 19 83 11
15 0 7 1 11 3 15 4 2 5 14 6 10 7 17 8 8 9 10 10 12 11 13 12 19 13 5 14 2 2 7 16 9 17 10 18 1 19 20 20 20 21 17 22 20 23 6 24 4 25 10 26 17 27 17 29 5 31 3 32 14 33 7 34 5 35 6 36 8 38 17 39 20 40 9 41 7 42 4 43 8 44 18 45 14 46 8 47 11 48 12 49 5 50 14 51 16 52 15 53 18 54 16 55 12 56 5 57 2 59 17 60 13 61 13 62 7 63 3 64 15 65 2 66 9 67 6 68 13 69 4 70 3 71 2 72 1 73 10 74 2 75 11 76 14 77 3 78 15 79 17 80 18 81 11 82 17 83 13 85 9 86 15 87 15 88 18 90 10 91 11 92 4 93 19 94 16 95 15 96 7 28 10 30 10 37 8 58 9 89 16
16 1 13 2 9 3 17 4 9 5 18 6 8 7 10 8 11 9 15 10 7 12 14 14 2 15 9 0 16 11 7 13 16 17 16 18 11 19 12 20 17 21 20 22 10 23 16 25 20 26 3 27 7 29 13 30 8 32 2 34 17 36 5 37 18 38 3 39 7 40 19 42 1 43 18 44 3 45 15 47 12 48 18 49 12 50 14 51 4 52 8 53 10 54 13 55 18 56 4 57 10 58 12 59 5 60 11 61 17 63 9 64 18 65 16 66 9 67 18 68 20 70 1 71 12 72 2 73 11 74 20 75 1 76 5 77 17 78 1 79 19 80 9 81 11 82 7 83 14 84 19 85 12 86 13 87 19 88 5 89 2 90 9 92 11 93 12 94 14 95 14 96 8 24 16 28 7 31 11 33 10 35 4 41 1 62 16
17 0 19 1 20 2 15 3 7 4 16 6 19 7 13 8 5 9 19 10 6 11 10 12 4 13 20 14 8 15 10 16 16 5 6 18 12 19 20 20 12 21 11 22 18 24 12 25 9 26 9 27 16 28 8 29 7 30 4 32 13 33 4 34 16 35 1 37 9 38 4 39 20 40 17 41 1 42 6 43 20 44 1 45 7 46 16 47 17 48 19 49 18 50 8 51 15 52 3 53 6 55 4 56 18 57 9 59 6 60 4 61 18 62 11 63 10 64 3 65 12 66 17 68 9 69 20 70 20 71 18 72 5 73 3 74 18 75 8 76 11 78 15 79 6 80 7 81 17 82 2 83 5 84 12 85 4 86 8 87 3 88 3 89 3 90 7 91 13 93 2 94 9 95 5 96 16 23 10 31 15 36 1 54 9 58 15 67 10 92 11
18 0 17 1 5 2 20 3 4 4 13 6 14 7 11 8 18 9 1 10 3 11 1 12 19 13 17 14 3 15 1 16 11 17 12 5 4 19 8 21 16 22 20 23 12 24 6 25 7 27 2 28 6 29 12 30 12 31 18 33 13 34 20 35 14 36 11 37 3 38 19 39 11 40 12 41 20 42 3 43 19 44 5 46 9 47 20 48 18 49 6 50 13 51 19 52 3 53 2 54 9 55 16 56 3 58 6 59 3 60 11 61 12 62 16 63 20 65 6 66 3 67 8 68 12 69 8 70 15 71 2 72 7 73 3 74 17 75 14 76 16 77 18 78 20 79 4 80 10 82 3 83 17 84 3 85 6 86 4 87 4 88 6 89 15 90 15 91 6 92 5 93 4 94 13 96 5 20 17 26 11 32 17 45 5 57 15 64 11 81 11 95 15
19 1 12 2 2 3 15 4 20 5 17 6 10 7 1 8 1 9 4 10 17 11 1 12 10 13 15 15 20 16 12 17 20 18 8 0 12 14 10 20 6 21 17 22 8 23 16 24 11 25 15 26 7 27 3 28 4 29 12 30 6 31 19 32 9 33 13 34 11 35 15 36 8 37 7 38 18 39 9 40 12 41 11 42 14 43 4 44 16 45 2 46 4 47 5 48 15 49 1 50 12 52 17 53 10 54 20 56 3 58 9 59 8 60 10 61 10 62 12 63 2 64 1 65 12 66 14 68 17 69 5 70 4 71 3 72 7 73 11 74 7 75 17 76 17 77 11 78 2 79 4 80 19 81 8 82 11 83 13 84 5 85 3 86 5 87 19 88 10 89 2 90 13 91 12 92 20 93 19 94 5 95 20 96 4 51 6 55 16 57 7 67 20
20 0 5 1 11 3 9 4 9 5 10 6 3 7 16 8 17 9 1 10 19 11 8 12 20 13 5 14 13 15 20 16 17 17 12 19 6 2 2 18 17 21 2 22 11 23 4 24 6 25 15 26 9 28 13 30 17 31 10 32 9 33 2 34 7 35 7 36 2 37 9 38 16 39 5 40 8 41 13 42 1 43 1 44 4 45 17 47 11 48 11 49 5 50 16 51 2 52 20 53 15 54 6 55 20 57 17 58 1 60 14 61 2 62 19 63 14 64 12 65 6 66 15 67 15 68 5 69 8 70 1 71 8 72 8 73 10 74 13 76 15 77 15 78 17 79 14 80 16 81 6 82 15 83 1 84 14 85 4 86 14 87 5 88 8 89 6 90 6 91 19 92 12 93 17 94 11 95 6 96 5 27 15 29 2 46 19 56 14 59 10 75 6
21 0 16 1 2 3 5 4 9 5 14 6 16 7 10 8 8 10 3 11 7 12 8 13 20 14 10 15 17 16 20 17 11 18 16 19 17 20 2 9 4 22 19 23 19 24 5 25 6 26 2 27 4 28 19 30 1 31 1 32 11 33 17 34 16 35 4 36 9 37 18 38 18 40 20 41 20 42 20 43 4 44 1 45 1 46 1 47 15 48 16 50 6 51 12 52 2 53 12 55 20 56 20 57 14 58 9 59 17 60 4 61 8 62 7 63 5 64 15 65 5 66 4 67 13 68 3 69 1 71 7 72 19 73 8 74 16 75 4 78 11 79 2 80 20 81 12 82 6 83 18 84 19 85 3 86 13 87 20 88 18 89 7 90 8 91 3 92 12 93 2 94 16 95 10 96 19 29 6 39 17 49 12 54 8 70 19 76 19 77 3
22 0 12 1 5 2 15 3 1 5 17 6 8 7 19 8 15 9 16 10 13 11 18 12 15 13 7 14 18 15 20 16 10 17 18 18 20 19 8 20 11 21 19 4 1 23 7 24 2 25 15 26 5 27 19 29 4 30 11 31 4 32 3 33 11 34 4 35 9 36 10 38 2 39 5 40 2 41 2 43 13 44 14 46 9 47 2 48 12 49 14 51 19 52 2 53 2 54 16 55 10 56 10 57 13 59 13 60 8 61 5 62 3 63 19 64 3 66 11 67 9 68 15 69 2 70 8 71 4 72 4 73 5 74 5 75 11 76 9 77 1 78 5 79 2 80 12 81 14 82 11 83 8 85 5 86 19 87 11 88 5 89 4 90 2 91 6 92 12 93 3 94 6 95 18 96 9 28 19 37 12 42 8 50 19 58 13 65 5 84 6
23 0 11 1 11 2 17 3 16 4 3 5 19 6 6 7 12 8 19 9 20 10 14 12 18 13 4 14 12 15 6 16 16 18 12 19 16 20 4 21 19 22 7 11 16 17 10 24 15 25 9 26 2 27 17 28 6 30 17 31 20 32 12 33 20 34 9 35 3 36 1 37 4 38 13 39 20 40 13 41 16 42 1 43 2 44 6 45 14 46 13 47 2 48 7 49 3 50 19 51 10 52 8 53 3 54 18 57 10 58 18 59 12 60 5 61 10 62 13 63 11 64 12 65 14 67 1 68 18 69 13 71 6 72 1 73 7 74 2 75 20 76 20 77 2 79 19 80 1 81 12 82 9 83 20 85 6 86 9 87 6 88 7 89 2 90 16 91 5 93 20 94 13 95 20 96 1 29 10 56 5 66 17 70 2 78 6 84 7 92 5
24 0 13 1 16 2 9 3 20 4 6 5 7 6 1 7 7 8 20 9 17 10 3 11 8 12 16 14 18 15 4 17 12 18 6 19 11 20 6 21 5 22 2 23 15 13 16 16 16 25 7 26 3 27 1 28 12 29 9 30 1 31 9 32 5 33 13 34 11 35 15 36 2 37 12 38 14 39 17 40 7 41 8 42 11 43 2 44 14 45 2 46 16 47 10 49 11 50 19 51 11 52 4 53 9 54 17 55 7 56 5 57 12 58 11 59 15 60 15 61 6 62 20 63 20 65 1 66 6 69 1 70 15 71 4 72 17 73 12 74 5 75 15 76 7 77 20 78 18 79 15 80 20 81 8 84 18 85 8 86 17 87 16 88 6 89 8 90 18 91 18 92 15 93 4 94 19 95 4 48 9 64 9 67 1 68 15 82 7 83 10 96 12
25 0 9 1 19 2 6 3 2 4 14 6 12 7 2 8 5 9 5 10 11 11 20 12 13 14 17 15 10 16 20 17 9 18 7 19 15 20 15 21 6 22 15 23 9 24 7 5 12 13 18 26 4 27 6 28 16 29 15 30 9 31 4 32 14 33 10 34 13 35 13 36 14 37 13 38 5 39 17 40 7 41 12 42 8 43 20 44 12 45 4 46 8 47 8 48 20 49 20 50 13 51 18 52 18 53 19 54 5 56 2 57 15 58 20 59 15 60 10 61 9 62 16 63 17 64 17 66 16 67 5 68 7 69 19 70 7 71 17 73 15 74 11 75 20 77 9 79 6 80 6 81 18 82 3 84 19 85 18 86 9 87 9 88 8 89 15 92 7 93 11 94 10 95 6 96 18 55 13 65 12 72 11 76 14 78 3 83 17 90 8 91 17
26 0 2 1 13 2 7 3 19 4 13 5 16 6 17 8 17 9 15 10 20 11 18 12 12 13 11 14 1 15 17 16 3 17 9 19 7 20 9 21 2 22 5 23 2 24 3 25 4 7 15 18 11 27 2 28 4 29 12 30 15 32 11 33 6 34 20 35 8 37 9 38 6 39 15 40 14 41 19 42 3 43 11 44 17 45 17 46 16 48 8 49 5 50 18 51 14 52 6 53 8 54 4 55 4 56 13 57 13 58 12 59 7 60 6 61 20 62 16 63 19 64 10 65 13 66 16 67 10 68 9 69 13 70 7 71 2 72 13 73 8 74 11 75 18 76 9 78 9 79 9 80 4 81 14 82 12 83 1 84 8 85 13 86 3 87 19 89 19 90 2 91 5 92 12 93 1 94 14 95 9 96 1 31 1 36 18 47 6 77 9 88 18
27 0 10 1 12 2 1 3 11 4 16 5 5 6 16 7 6 8 7 9 18 10 16 11 1 12 14 13 18 14 9 15 17 16 7 17 16 18 2 19 3 21 4 22 19 23 17 24 1 25 6 26 2 20 15 28 19 29 2 30 4 31 2 33 18 35 2 36 18 37 9 38 11 39 15 40 16 41 5 42 6 43 17 44 4 45 19 46 13 47 12 48 11 49 4 51 18 53 5 54 3 55 2 56 12 57 2 58 18 59 11 60 16 61 13 62 11 64 6 65 2 66 15 67 6 68 13 69 11 70 13 71 14 72 14 73 15 74 13 75 15 76 1 77 5 78 9 79 18 80 1 81 8 82 16 84 10 85 13 86 17 87 14 88 12 89 4 90 18 92 17 93 18 94 19 95 1 96 8 32 11 50 2 52 13 63 19 83 20 91 12
28 0 20 1 1 2 3 4 16 5 14 6 15 7 10 8 2 9 9 10 9 11 6 12 8 13 1 14 1 17 8 18 6 19 4 20 13 21 19 23 6 24 12 25 16 26 4 27 19 3 16 15 10 16 7 22 19 30 10 31 3 32 12 33 19 34 8 35 2 36 10 37 8 38 1 39 15 40 13 41 1 43 4 44 6 45 6 46 1 47 4 48 9 49 16 50 19 51 16 52 1 53 14 54 11 55 9 58 15 59 14 60 3 62 17 63 7 64 16 65 16 66 4 67 3 69 19 70 18 71 5 72 9 73 9 74 6 75 2 76 12 77 1 78 17 79 17 80 2 81 19 82 16 83 12 84 6 85 12 86 3 87 9 88 17 89 19 90 6 91 14 92 7 93 3 94 4 96 7 29 15 42 1 56 12 57 7 61 10 68 3 95 2
29 0 18 1 13 2 6 4 6 6 12 7 3 8 9 9 9 10 9 11 13 12 17 13 3 15 5 16 13 17 7 18 12 19 12 22 4 24 9 25 15 26 12 27 2 3 6 5 1 14 16 20 2 21 6 23 10 28 15 30 10 31 13 32 11 33 17 34 19 35 10 36 19 37 10 38 5 39 1 40 7 41 12 42 19 43 15 44 2 45 15 46 16 48 10 49 10 51 5 52 9 53 19 55 13 56 4 57 16 58 12 61 9 62 6 63 20 64 16 66 19 67 10 68 7 69 10 70 7 71 15 73 8 74 4 75 14 76 8 77 19 78 3 79 20 80 13 81 5 82 6 83 15 84 14 85 2 86 3 87 8 88 20 89 20 90 9 91 12 92 5 93 17 94 3 95 4 96 7 47 18 50 9 54 12 59 18 60 13 72 19
30 0 16 1 15 2 13 3 15 4 9 5 13 6 9 7 11 8 16 9 20 10 16 11 15 12 4 13 1 14 11 16 8 17 4 18 12 19 6 20 17 21 1 22 11 23 17 24 1 25 9 26 15 27 4 28 10 29 10 15 10 32 20 33 20 35 16 36 4 37 4 38 15 40 4 41 1 42 16 43 13 44 9 45 8 46 4 48 15 49 9 50 14 51 20 52 16 53 10 54 6 55 7 56 8 57 17 59 8 60 8 61 7 62 11 63 13 64 1 65 18 66 15 67 18 68 14 69 17 70 20 71 5 72 16 73 20 74 4 75 10 76 13 77 2 78 15 79 18 80 13 81 16 82 4 83 12 85 10 86 6 87 5 89 4 90 13 91 7 92 11 93 13 94 1 96 17 31 3 34 10 39 19 47 1 58 7 84 12 88 2 95 18
31 0 11 1 14 2 18 4 12 5 5 6 20 7 18 8 8 9 6 10 10 11 9 12 12 13 10 14 8 15 3 18 18 19 19 20 10 21 1 22 4 23 20 24 9 25 4 27 2 28 3 29 13 3 1 16 11 17 15 26 1 30 3 32 13 33 12 34 6 35 12 36 9 37 13 38 19 39 12 40 16 41 9 42 1 43 18 44 11 46 2 47 16 48 3 49 11 51 10 52 6 53 1 54 18 55 19 56 11 57 12 58 16 60 17 61 16 62 10 63 10 64 7 65 3 66 20 67 3 68 9 69 1 70 13 71 4 72 17 73 14 74 4 76 14 77 18 78 19 79 14 80 5 81 2 82 11 84 14 86 10 87 20 88 1 89 18 90 3 92 10 93 12 94 7 95 18 45 15 50 20 59 2 75 12 83 4 85 9 91 9
32 0 8 1 14 2 10 3 12 4 2 5 7 6 15 7 4 8 17 9 2 10 9 11 9 12 15 13 17 14 8 15 14 16 2 17 13 19 9 20 9 21 11 22 3 23 12 24 5 25 14 26 11 28 12 29 11 30 20 31 13 18 17 27 11 33 10 34 14 36 10 37 10 38 16 39 16 40 17 41 14 42 4 43 10 45 13 46 15 47 14 48 4 49 18 50 20 51 2 53 19 54 7 55 6 56 13 57 20 58 11 59 3 60 4 61 7 62 13 65 4 66 14 67 19 68 15 69 3 70 9 71 3 72 12 73 17 74 15 75 16 76 9 77 16 78 8 79 8 80 13 81 8 82 18 83 15 84 10 85 15 86 17 87 13 88 13 89 19 90 12 91 11 93 5 94 7 95 3 96 16 35 18 44 9 63 4 64 11
33 0 12 2 7 3 20 4 6 5 9 6 18 7 7 8 16 10 17 11 11 12 5 13 11 14 16 15 7 17 4 18 13 19 13 20 2 21 17 22 11 23 20 24 13 25 10 26 6 27 18 28 19 29 17 30 20 31 12 32 10 1 17 9 4 16 10 35 2 36 20 37 16 38 1 39 18 40 14 41 1 42 19 43 12 44 17 45 3 46 17 47 10 48 16 50 11 51 7 52 13 53 9 54 2 55 12 56 7 57 8 58 17 59 5 60 10 61 11 62 19 64 17 65 7 66 3 67 2 68 1 69 6 70 18 71 12 72 17 73 3 74 13 75 17 76 16 77 8 78 10 79 7 80 19 81 5 82 20 83 18 84 14 86 15 87 12 88 9 89 12 90 13 91 5 92 5 94 2 95 3 96 13 34 16 49 13 63 11 85 5 93 7
34 0 14 1 13 2 4 3 5 4 6 5 14 6 8 7 1 8 18 9 20 10 1 11 20 12 6 13 18 14 9 15 5 16 17 17 16 18 20 19 11 20 7 21 16 22 4 23 9 24 11 25 13 26 20 28 8 29 19 31 6 32 14 30 10 33 16 35 4 36 13 37 15 38 2 39 5 40 17 41 19 42 8 43 4 44 4 45 14 46 19 47 4 48 15 49 9 50 3 52 18 53 19 54 14 55 18 56 17 57 5 58 9 59 7 60 16 63 1 64 14 65 13 66 18 68 8 69 16 70 14 71 2 72 17 75 12 76 7 78 16 79 7 80 12 81 5 82 7 83 16 84 2 85 17 86 17 87 14 88 11 89 8 90 1 91 3 92 15 93 6 94 9 96 6 51 6 61 14 62 18 67 20 73 1 74 5 77 18 95 8
35 1 11 4 4 5 8 6 13 7 13 8 4 9 8 10 18 11 1 12 10 13 4 14 1 15 6 17 1 18 14 19 15 20 7 21 4 22 9 23 3 24 15 25 13 26 8 27 2 28 2 29 10 30 16 31 12 33 2 34 4 0 6 2 18 3 3 16 4 32 18 36 5 37 7 38 4 39 14 40 7 41 16 42 18 43 19 44 7 45 7 46 6 47 7 49 15 50 13 51 2 52 16 53 6 54 10 55 10 56 4 57 15 58 5 59 2 60 16 61 14 62 3 64 1 65 17 66 7 67 5 68 9 69 13 70 17 71 10 72 3 73 13 74 1 75 14 76 20 77 20 78 20 79 13 80 12 81 18 82 18 83 9 84 4 85 5 86 9 87 5 88 10 89 20 90 18 91 18 92 10 93 12 94 1 95 1 96 19 48 8 63 7
36 0 10 2 17 3 12 4 11 5 15 6 15 7 8 9 9 10 14 11 9 12 11 13 10 14 1 15 8 16 5 18 11 19 8 20 2 21 9 22 10 23 1 24 2 25 14 27 18 28 10 29 19 30 4 31 9 32 10 33 20 34 13 35 5 1 7 8 7 17 1 26 18 38 14 39 6 40 12 41 16 43 11 44 20 45 8 46 5 48 10 49 13 50 20 51 5 52 13 53 19 54 12 55 18 56 10 57 9 60 13 61 11 63 2 64 6 65 20 67 19 68 9 69 17 71 4 72 17 73 20 74 13 75 13 76 13 77 11 78 14 79 5 80 1 81 17 83 8 84 3 85 17 86 14 87 14 88 17 89 10 90 19 91 11 92 18 93 11 94 4 95 10 96 7 42 2 47 4 58 20 59 20 66 20 70 9 82 17
37 0 20 1 18 2 20 3 17 5 13 6 7 8 4 9 2 10 10 11 12 12 13 13 8 14 10 16 18 17 9 18 3 19 7 20 9 21 18 23 4 24 12 25 13 26 9 27 9 28 8 29 10 30 4 31 13 32 10 33 16 34 15 35 7 4 9 7 12 15 8 22 12 38 15 39 6 40 20 41 17 42 20 43 2 44 2 45 5 46 13 47 18 48 16 49 17 51 11 52 4 53 17 54 7 55 7 56 16 57 12 59 5 60 2 61 6 62 16 63 7 64 12 65 12 67 13 68 7 69 7 70 18 71 4 72 14 73 5 75 9 76 11 77 20 78 6 79 6 80 6 81 3 82 9 83 6 84 16 85 5 86 4 87 9 89 1 90 18 91 1 93 9 94 14 95 15 96 10 50 2 58 6 66 9 88 6 92 8
38 0 10 1 13 2 11 3 15 4 4 5 8 6 17 7 4 8 1 9 6 10 13 11 17 12 14 15 17 16 3 17 4 18 19 19 18 20 16 21 18 22 2 23 13 24 14 25 5 26 6 27 11 28 1 29 5 30 15 31 19 32 16 33 1 34 2 35 4 36 14 37 15 13 8 14 8 40 11 41 4 42 18 43 4 45 20 47 16 48 4 49 2 50 14 51 7 52 3 53 12 54 9 55 9 56 1 58 14 59 17 60 10 61 3 62 2 63 10 65 18 66 12 67 18 68 1 69 19 70 10 71 16 72 7 73 15 74 8 75 16 76 9 77 19 78 4 79 10 80 6 81 11 82 14 83 9 84 11 85 10 86 7 87 12 88 8 89 16 90 20 91 7 92 16 93 19 94 1 95 18 96 19 39 8 44 14 46 17 57 20 64 13
39 0 5 2 7 3 19 5 20 6 4 7 4 8 16 9 20 10 11 11 16 12 10 13 13 15 20 16 7 17 20 18 11 19 9 20 5 22 5 23 20 24 17 25 17 26 15 27 15 28 15 29 1 31 12 32 16 33 18 34 5 35 14 36 6 37 6 1 8 4 13 14 7 21 17 30 19 38 8 40 9 41 5 42 10 44 4 45 13 47 13 48 5 49 13 51 4 53 19 54 12 55 19 56 3 57 20 58 2 59 3 60 4 61 14 62 9 63 15 64 18 66 2 67 20 68 10 69 13 70 15 71 17 72 9 73 13 74 2 75 7 76 10 77 18 78 8 79 2 80 9 81 7 82 13 83 8 84 3 85 2 86 17 87 1 88 12 89 4 90 15 91 3 92 15 93 11 94 5 95 17 96 5 43 11 46 19 50 3 52 2 65 1
40 0 10 1 19 2 19 3 17 4 20 5 2 6 1 7 13 9 14 10 14 11 20 12 12 13 10 15 9 16 19 17 17 18 12 19 12 20 8 21 20 22 2 23 13 24 7 25 7 26 14 27 16 28 13 29 7 30 4 31 16 32 17 33 14 34 17 35 7 36 12 37 20 38 11 39 9 8 14 14 2 41 5 42 5 43 9 44 11 46 9 47 19 48 10 49 6 50 10 51 7 52 1 53 8 54 13 55 6 56 6 57 12 58 20 59 16 60 17 61 19 62 4 64 6 66 13 67 20 68 13 69 3 70 9 71 15 72 18 73 12 74 19 76 19 77 3 78 2 79 2 80 13 81 10 84 16 85 16 86 20 87 14 88 19 89 9 90 6 92 4 93 13 94 3 95 16 96 13 45 19 63 19 75 14 82 20 83 20 91 19
41 0 7 1 15 3 11 4 8 5 4 6 19 7 5 8 5 9 10 10 9 11 14 12 16 14 1 15 7 17 1 18 20 19 11 20 13 21 20 22 2 23 16 24 8 25 12 26 19 27 5 28 1 29 12 30 1 31 9 32 14 33 1 34 19 35 16 36 16 37 17 38 4 39 5 40 5 2 17 13 14 16 1 42 17 43 5 44 14 45 4 46 2 47 10 48 7 49 4 50 11 51 9 52 1 53 16 54 4 55 17 56 11 57 7 59 19 60 12 61 14 62 18 63 10 64 1 65 6 66 6 67 14 68 11 69 9 70 18 71 14 72 16 73 13 74 7 75 14 76 18 77 3 78 2 79 17 81 2 82 11 83 1 84 16 85 6 86 11 87 10 88 1 89 10 90 1 91 8 92 19 93 3 94 11 95 10 96 5 58 6
42 0 3 3 20 4 1 5 2 6 6 7 8 8 15 9 9 10 2 11 18 12 7 13 1 14 16 15 4 16 1 17 6 18 3 19 14 20 1 21 20 23 1 24 11 25 8 26 3 27 6 29 19 30 16 31 1 32 4 33 19 34 8 35 18 37 20 38 18 39 10 40 5 41 17 1 7 2 3 22 8 28 1 36 2 43 9 44 19 45 6 46 13 47 17 48 18 49 17 50 13 51 7 52 15 53 1 54 8 55 18 57 15 58 17 59 13 60 13 61 20 62 15 63 4 64 15 65 5 66 10 67 12 68 5 69 12 70 5 72 17 73 17 74 11 75 3 76 4 77 6 78 4 79 14 80 14 81 12 82 16 83 18 84 19 85 5 86 6 87 12 88 13 89 13 90 20 91 13 92 15 93 17 94 9 95 18 96 11 56 11 71 12
43 0 17 1 14 2 16 3 14 4 16 5 20 6 10 7 15 8 8 9 5 10 9 11 4 12 7 13 17 14 1 15 8 16 18 17 20 18 19 19 4 20 1 21 4 22 13 23 2 24 2 25 20 26 11 27 17 28 4 29 15 30 13 31 18 32 10 33 12 34 4 35 19 36 11 37 2 38 4 40 9 41 5 42 9 39 11 44 1 45 14 47 16 48 20 50 11 51 18 52 15 55 16 56 12 57 15 58 2 59 6 60 9 61 10 62 19 63 6 64 19 65 6 66 3 68 3 69 14 71 5 72 7 73 7 74 16 76 6 78 17 79 6 80 10 81 4 82 12 83 15 84 12 85 5 86 19 87 10 88 1 89 3 90 14 94 8 95 18 96 4 46 3 49 11 54 11 67 20 75 12 77 15 91 17 92 20 93 2
44 0 19 1 1 2 13 3 5 4 6 5 9 6 14 7 12 8 9 9 4 11 19 12 19 14 19 15 18 16 3 17 1 18 5 19 16 20 4 21 1 22 14 23 6 24 14 25 12 26 17 27 4 28 6 29 2 30 9 31 11 33 17 34 4 35 7 36 20 37 2 39 4 40 11 41 14 42 19 43 1 10 18 32 9 38 14 45 12 46 3 47 12 48 11 49 11 50 5 51 13 52 12 53 6 54 18 55 12 56 17 57 2 58 11 59 19 60 3 61 1 63 16 64 3 65 8 66 19 67 13 68 11 69 6 70 6 71 6 72 4 73 6 74 11 75 6 76 1 77 2 78 13 79 4 80 9 81 18 82 19 84 4 85 3 86 13 87 4 88 17 90 16 91 8 93 11 94 17 95 14 96 10 62 10 83 11 89 11 92 1
45 0 9 1 4 2 12 3 13 4 4 5 11 7 17 8 17 10 11 11 10 12 18 13 2 14 19 15 14 16 15 17 7 19 2 20 17 21 1 23 14 24 2 25 4 26 17 27 19 28 6 29 15 30 8 32 13 33 3 34 14 35 7 36 8 37 5 38 20 39 13 41 4 42 6 43 14 44 12 6 7 9 1 18 5 31 15 40 19 47 16 48 10 49 3 50 11 51 15 53 19 55 2 56 6 57 13 59 6 60 12 61 12 62 10 63 10 64 13 65 6 67 8 68 6 70 19 71 16 72 16 73 4 74 8 75 5 76 6 77 17 79 19 80 16 81 8 82 20 83 14 84 17 85 19 86 19 87 13 88 1 90 12 92 12 93 20 94 7 95 1 96 4 46 17 52 7 54 17 58 15 66 14 78 1 89 10 91 8
46 0 1 1 8 2 10 3 13 4 5 5 13 6 4 7 3 8 10 9 1 10 2 11 7 12 8 13 20 15 8 17 16 18 9 19 4 21 1 22 9 23 13 24 16 25 8 26 16 27 13 28 1 29 16 30 4 31 2 32 15 33 17 34 19 35 6 36 5 37 13 40 9 41 2 42 13 44 3 14 5 20 19 38 17 39 19 43 3 45 17 47 16 49 10 50 15 51 5 52 3 53 9 54 16 55 4 56 15 58 4 59 4 60 19 61 9 63 20 64 8 65 11 66 6 67 6 68 17 69 20 70 18 71 4 72 6 73 7 74 8 75 5 76 12 78 3 80 16 81 15 82 12 83 2 84 3 85 7 86 10 87 2 88 15 89 11 90 9 91 17 92 2 94 15 95 10 96 20 48 8 57 6 62 14 77 14 79 14 93 20
47 0 13 1 19 2 12 3 19 4 5 5 20 6 17 7 1 8 11 9 6 10 19 11 9 12 18 13 10 14 11 15 11 16 12 17 17 18 20 19 5 20 11 21 15 22 2 23 2 24 10 25 8 27 12 28 4 31 16 32 14 33 10 34 4 35 7 37 18 38 16 39 13 40 19 41 10 42 17 43 16 44 12 45 16 46 16 26 6 29 18 30 1 36 4 48 14 49 9 50 8 51 20 52 6 53 19 54 18 55 19 56 3 57 17 58 5 59 4 60 4 61 13 62 16 63 1 64 15 65 11 66 14 67 8 68 11 69 1 70 11 72 13 73 6 74 19 75 12 76 14 77 2 78 5 79 2 80 6 81 6 82 3 83 14 84 20 85 2 86 16 87 6 90 17 91 15 92 6 93 17 94 20 95 10 96 9 71 10 89 14
48 0 19 1 18 2 1 3 11 4 12 5 3 6 3 7 17 8 13 9 9 11 20 12 8 13 19 14 18 15 12 16 18 17 19 18 18 19 15 20 11 21 16 22 12 23 7 25 20 26 8 27 11 28 9 29 10 30 15 31 3 32 4 33 16 34 15 36 10 37 16 38 4 39 5 40 10 41 7 42 18 43 20 44 11 45 10 47 14 24 9 35 8 46 8 49 6 50 16 51 12 52 17 54 5 55 12 57 7 58 6 59 19 60 9 61 9 62 10 63 9 64 2 65 15 66 1 67 7 68 10 69 5 70 5 71 15 72 3 73 2 74 7 75 16 76 4 77 15 78 19 79 17 80 6 81 14 82 13 83 15 84 1 85 1 86 1 87 15 88 10 89 10 91 8 92 4 93 7 94 13 95 8 96 3 53 3 90 4
49 1 2 2 7 3 1 4 4 5 12 6 9 7 3 8 15 9 14 10 3 11 15 12 19 13 8 15 5 16 12 17 18 18 6 19 1 20 5 22 14 23 3 24 11 25 20 26 5 27 4 28 16 29 10 30 9 31 11 32 18 34 9 35 15 36 13 37 17 38 2 39 13 40 6 41 4 42 17 44 11 45 3 46 10 47 9 48 6 0 10 14 6 21 12 33 13 43 11 50 18 51 15 52 11 53 14 54 7 55 16 56 11 57 11 58 20 59 1 60 20 61 8 62 11 63 13 64 19 65 1 66 7 67 13 68 5 70 1 71 11 72 12 73 15 74 11 76 2 78 4 80 11 81 19 82 18 83 2 84 10 85 13 86 10 87 7 88 19 89 19 90 17 91 7 92 7 93 5 94 19 95 13 96 14 69 10 75 9 77 20
50 0 3 1 7 2 5 3 10 6 11 7 19 8 14 9 10 10 5 12 7 13 19 15 14 16 14 17 8 18 13 19 12 20 16 21 6 23 19 24 19 25 13 26 18 28 19 30 14 32 20 33 11 34 3 35 13 36 20 38 14 40 10 41 11 42 13 43 11 44 5 45 11 46 15 47 8 48 16 49 18 4 4 5 18 11 15 14 1 22 19 27 2 29 9 31 20 37 2 39 3 51 1 52 3 53 2 54 6 55 18 56 10 57 17 58 17 59 6 61 13 62 19 63 16 64 16 65 6 66 1 67 3 68 2 69 12 70 16 71 5 72 2 73 12 74 18 75 2 76 13 77 7 78 17 79 1 80 17 81 17 82 16 84 9 85 18 86 10 87 4 88 8 89 6 90 5 91 13 92 5 94 12 96 16 60 12 83 1 93 17 95 4
51 0 16 1 7 2 19 3 7 4 18 5 15 6 15 7 14 8 3 9 2 10 11 11 13 12 11 13 11 14 3 15 16 16 4 17 15 18 19 20 2 21 12 22 19 23 10 24 11 25 18 26 14 27 18 28 16 29 5 30 20 31 10 32 2 33 7 35 2 36 5 37 11 38 7 39 4 40 7 41 9 42 7 43 18 44 13 45 15 46 5 47 20 48 12 49 15 50 1 19 6 34 6 52 18 53 2 54 2 55 14 56 18 58 1 59 18 60 14 61 18 62 17 63 17 64 7 65 13 66 17 67 2 68 10 70 13 71 12 72 7 73 17 74 16 75 4 76 19 77 13 78 15 79 17 80 18 81 6 82 9 83 2 84 6 85 9 87 6 88 9 89 13 90 12 92 9 93 12 94 17 95 14 96 2 57 13 69 5 86 12 91 19
52 0 16 1 15 2 4 3 19 4 6 5 20 6 15 7 19 8 20 9 11 10 20 11 13 13 10 14 10 15 15 16 8 17 3 18 3 19 17 20 20 21 2 22 2 23 8 24 4 25 18 26 6 28 1 29 9 30 16 31 6 33 13 34 18 35 16 36 13 37 4 38 3 40 1 41 1 42 15 43 15 44 12 46 3 47 6 48 17 49 11 50 3 51 18 12 14 27 13 39 2 45 7 53 13 54 15 55 6 56 11 57 8 58 7 59 17 60 18 61 18 62 6 64 6 65 15 66 20 67 5 68 10 69 18 70 10 71 15 72 10 73 9 75 15 76 2 77 1 79 13 80 19 81 11 82 10 83 13 84 4 85 14 86 4 87 8 88 19 89 8 90 20 91 5 92 3 93 9 94 1 95 17 96 18 63 3 74 11 78 13
53 0 15 1 17 4 18 6 20 7 14 8 18 9 19 10 1 11 2 12 20 13 1 14 11 15 18 16 10 17 6 18 2 19 10 20 15 21 12 22 2 23 3 24 9 25 19 26 8 27 5 28 14 29 19 30 10 31 1 32 19 33 9 34 19 35 6 36 19 37 17 38 12 39 19 40 8 41 16 42 1 44 6 45 19 46 9 47 19 49 14 50 2 51 2 52 13 2 8 3 2 5 7 48 3 54 7 55 5 57 11 58 14 59 13 60 6 61 3 62 5 63 7 64 14 65 19 66 18 67 7 69 14 70 10 71 10 72 13 73 10 75 12 76 18 78 3 79 3 80 18 81 9 82 15 83 14 84 12 85 12 86 16 87 17 88 10 89 8 90 9 91 1 92 20 94 11 95 17 96 20 56 5 77 16 93 17
54 0 1 1 7 2 14 3 14 4 6 5 18 6 18 7 14 8 6 9 19 11 2 12 20 13 14 14 5 15 16 16 13 18 9 19 20 20 6 22 16 23 18 24 17 25 5 26 4 27 3 28 11 30 6 31 18 32 7 33 2 34 14 35 10 36 12 37 7 38 9 39 12 40 13 41 4 42 8 44 18 46 16 47 18 48 5 49 7 50 6 51 2 52 15 53 7 10 19 17 9 21 8 29 12 43 11 45 17 55 1 56 2 57 6 58 15 59 12 60 1 61 8 62 10 63 9 64 13 65 11 66 6 67 10 68 5 69 15 70 17 71 4 72 8 73 5 74 4 75 16 76 10 77 18 79 3 80 16 81 14 82 4 83 9 84 11 85 8 87 16 88 2 89 11 90 14 91 7 92 10 94 20 96 13 78 4 86 8 93 9 95 18
55 0 15 1 18 2 10 3 8 4 1 5 1 6 6 9 3 10 5 11 11 12 3 13 12 14 1 15 12 16 18 17 4 18 16 20 20 21 20 22 10 24 7 26 4 27 2 28 9 29 13 30 7 31 19 32 6 33 12 34 18 35 10 36 18 37 7 38 9 39 19 40 6 41 17 42 18 43 16 44 12 45 2 46 4 47 19 48 12 49 16 50 18 51 14 52 6 53 5 54 1 7 9 8 15 19 16 25 13 56 11 57 16 58 10 59 17 60 13 62 11 63 12 64 10 65 11 66 3 67 16 68 2 69 3 70 19 71 9 73 11 76 7 77 8 78 2 79 6 80 4 81 5 82 4 83 18 84 12 85 4 86 20 87 17 88 10 90 6 91 7 92 19 94 7 95 16 96 3 61 2 72 15 75 12 89 20 93 10
56 0 19 1 4 2 10 3 13 4 3 5 3 6 16 7 6 8 8 10 15 11 16 12 4 13 13 14 18 15 5 16 4 17 18 18 3 19 3 21 20 22 10 24 5 25 2 26 13 27 12 29 4 30 8 31 11 32 13 33 7 34 17 35 4 36 10 37 16 38 1 39 3 40 6 41 11 43 12 44 17 45 6 46 15 47 3 49 11 50 10 51 18 52 11 54 2 55 11 9 17 20 14 23 5 28 12 42 11 53 5 57 2 58 8 59 7 60 15 61 15 62 10 63 18 64 12 65 11 66 17 67 10 68 11 69 10 70 2 71 20 72 9 73 6 74 14 75 13 76 20 77 11 78 5 79 4 80 4 81 17 82 13 83 1 84 12 85 7 86 18 87 9 88 12 89 6 90 19 92 3 93 5 94 9 95 17 96 10 91 17
57 0 12 1 10 2 1 3 18 4 11 5 9 6 20 7 6 8 9 9 13 10 14 11 1 13 12 14 1 15 2 16 10 17 9 20 17 21 14 22 13 23 10 24 12 25 15 26 13 27 2 29 16 30 17 31 12 32 20 33 8 34 5 35 15 36 9 37 12 39 20 40 12 41 7 42 15 43 15 44 2 45 13 47 17 48 7 49 11 50 17 52 8 53 11 54 6 55 16 56 2 12 11 18 15 19 7 28 7 38 20 46 6 51 13 58 17 60 16 61 13 62 16 63 3 64 9 65 13 66 3 67 5 68 7 69 6 70 9 71 13 72 6 73 14 74 15 75 15 76 11 77 17 78 5 79 15 80 5 81 17 82 20 83 5 85 2 86 15 87 13 88 19 89 19 90 11 91 13 92 5 93 12 94 20 96 7 59 5 84 11 95 18
58 0 17 1 18 2 1 3 19 4 7 5 10 6 7 7 9 10 17 11 16 12 2 13 10 14 5 16 12 18 6 19 9 20 1 21 9 23 18 24 11 25 20 26 12 27 18 28 15 29 12 31 16 32 11 33 17 34 9 35 5 38 14 39 2 40 20 42 17 43 2 44 11 46 4 47 5 48 6 49 20 50 17 51 1 52 7 53 14 54 15 55 10 56 8 57 17 8 14 9 4 15 9 17 15 22 13 30 7 36 20 37 6 41 6 45 15 59 11 60 18 61 1 62 15 63 12 64 13 65 7 66 4 67 4 69 11 71 1 72 11 74 3 75 7 76 17 77 8 78 13 79 8 81 5 82 14 83 18 84 5 85 3 86 1 87 3 88 15 89 19 90 16 91 4 92 9 93 10 94 19 95 9 96 20 68 12 70 14 73 10 80 8
59 0 16 1 7 2 9 3 10 4 19 5 6 6 1 7 1 8 1 9 10 10 20 11 7 12 10 13 17 14 12 15 17 16 5 17 6 18 3 19 8 21 17 22 13 23 12 24 15 25 15 26 7 27 11 28 14 30 8 32 3 33 5 34 7 35 2 37 5 38 17 39 3 40 16 41 19 42 13 43 6 44 19 45 6 46 4 47 4 48 19 49 1 50 6 51 18 52 17 53 13 54 12 55 17 56 7 58 11 20 10 29 18 31 2 36 20 57 5 60 17 62 7 63 18 65 8 66 17 67 1 68 16 69 2 70 12 71 7 72 8 73 16 74 11 75 4 76 10 77 1 78 10 79 3 80 12 82 1 83 13 84 16 85 7 86 13 87 1 88 1 90 2 91 19 92 18 93 18 94 5 95 13 96 4 61 2 64 5 81 13 89 19
60 0 20 1 6 2 6 3 7 5 2 6 4 7 8 8 11 9 1 10 7 11 16 12 19 13 20 14 11 15 13 16 11 17 4 18 11 19 10 20 14 21 4 22 8 23 5 24 15 25 10 26 6 27 16 28 3 30 8 31 17 32 4 33 10 34 16 35 16 36 13 37 2 38 10 39 4 40 17 41 12 42 13 43 9 44 3 45 12 46 19 47 4 48 9 49 20 51 14 52 18 53 6 54 1 55 13 56 15 57 16 58 18 59 17 29 13 50 12 62 4 63 5 64 6 65 18 66 4 67 6 70 2 71 18 73 19 74 4 76 11 77 15 78 11 79 18 80 19 81 20 82 11 83 18 84 1 85 10 86 2 87 3 88 6 89 5 90 10 91 19 92 1 94 14 95 19 96 10 61 5 68 12 69 9 72 9 75 13 93 12
61 0 7 1 10 2 14 3 13 4 10 7 12 8 19 9 16 10 12 12 15 13 8 14 16 15 13 16 17 17 18 18 12 19 10 20 2 21 8 22 5 23 10 24 6 25 9 26 20 27 13 29 9 30 7 31 16 32 7 33 11 35 14 36 11 37 6 38 3 39 14 40 19 41 14 42 20 43 10 44 1 45 12 46 9 47 13 48 9 49 8 50 13 51 18 52 18 53 3 54 8 56 15 57 13 58 1 5 17 6 5 11 5 28 10 34 14 55 2 59 2 60 5 62 6 63 9 64 1 65 13 66 1 67 9 68 8 69 2 70 3 71 1 72 19 73 17 74 7 75 20 76 4 78 1 79 13 80 1 82 5 83 18 84 4 85 5 86 2 87 11 88 14 89 4 90 20 91 12 92 20 93 9 94 12 95 20 77 20 81 20 96 19
62 0 6 1 6 2 2 3 11 5 12 6 19 7 16 8 19 9 14 10 8 11 14 12 18 14 1 15 7 17 11 18 16 19 12 20 19 21 7 22 3 23 13 24 20 25 16 26 16 27 11 28 17 29 6 30 11 31 10 32 13 33 19 35 3 37 16 38 2 39 9 40 4 41 18 42 15 43 19 45 10 47 16 48 10 49 11 50 19 51 17 52 6 53 5 54 10 55 11 56 10 57 16 58 15 59 7 60 4 61 6 4 11 13 18 16 16 34 18 44 10 46 14 64 14 65 6 66 9 67 13 68 14 69 13 70 14 71 13 72 3 74 15 75 20 76 1 77 19 78 14 79 16 80 15 81 11 83 7 84 18 85 12 87 15 88 11 90 18 91 17 92 4 93 16 94 16 95 5 96 8 63 5 82 3 86 13 89 18
63 0 10 2 17 3 3 4 20 5 3 6 11 7 10 8 6 9 9 10 9 11 17 12 9 13 10 15 3 16 9 17 10 18 20 19 2 20 14 21 5 22 19 23 11 24 20 25 17 26 19 28 7 29 20 30 13 31 10 34 1 36 2 37 7 38 10 39 15 41 10 42 4 43 6 44 16 45 10 46 20 47 1 48 9 49 13 50 16 51 17 53 7 54 9 55 12 56 18 57 3 58 12 59 18 60 5 61 9 1 20 14 17 27 19 32 4 33 11 35 7 40 19 52 3 62 5 64 3 65 18 66 6 67 20 68 2 69 14 70 14 71 13 72 7 73 14 74 16 75 1 76 9 77 17 78 15 79 4 80 13 81 9 82 5 83 17 84 18 85 9 86 17 87 7 88 10 89 5 90 12 91 18 92 18 93 10 94 14 95 1 96 6
64 0 5 1 5 2 18 3 3 4 16 5 4 6 18 8 13 9 8 10 15 11 4 12 17 13 18 14 17 15 15 16 18 17 3 19 1 20 12 21 15 22 3 23 12 25 17 26 10 27 6 28 16 29 16 30 1 31 7 33 17 34 14 35 1 36 6 37 12 39 18 40 6 41 1 42 15 43 19 44 3 45 13 46 8 47 15 48 2 49 19 50 16 51 7 52 6 53 14 54 13 55 10 56 12 57 9 58 13 60 6 61 1 62 14 63 3 7 18 18 11 24 9 32 11 38 13 59 5 65 14 66 1 67 8 68 12 69 7 70 15 71 20 72 16 73 14 74 17 75 2 76 8 77 6 78 10 80 15 81 6 82 15 83 3 84 13 85 13 86 7 87 20 88 5 89 19 90 5 91 1 92 5 93 6 94 2 95 19 96 8 79 20
65 0 16 1 6 2 17 3 20 5 13 6 5 7 17 8 13 9 6 10 19 11 17 12 9 13 12 14 6 15 2 16 16 17 12 18 6 19 12 20 6 21 5 23 14 24 1 26 13 27 2 28 16 30 18 31 3 32 4 33 7 34 13 35 17 36 20 37 12 38 18 41 6 42 5 43 6 44 8 45 6 46 11 47 11 48 15 49 1 50 6 51 13 52 15 53 19 54 11 55 11 56 11 57 13 58 7 59 8 60 18 61 13 62 6 63 18 64 14 4 8 22 5 25 12 39 1 66 20 67 12 68 20 69 16 70 1 71 13 72 19 73 14 74 19 75 12 76 10 77 18 78 11 81 13 82 6 83 13 84 2 85 2 86 10 87 8 88 7 89 9 90 20 91 17 92 9 93 17 94 3 95 14 96 18 79 6
66 0 17 1 11 2 14 3 7 4 4 5 3 7 2 8 4 9 11 11 5 12 2 13 15 14 7 15 9 16 9 17 17 18 3 19 14 20 15 21 4 22 11 24 6 25 16 26 16 27 15 28 4 29 19 30 15 31 20 32 14 33 3 34 18 35 7 38 12 39 2 40 13 41 6 42 10 43 3 44 19 46 6 47 14 48 1 49 7 50 1 51 17 52 20 53 18 54 6 55 3 56 17 57 3 58 4 59 17 60 4 61 1 62 9 63 6 64 1 65 20 6 18 10 13 23 17 36 20 37 9 45 14 67 19 68 5 69 17 70 12 71 18 72 17 74 3 76 3 77 19 78 16 79 4 80 4 81 20 83 8 84 1 85 20 86 6 88 18 89 16 90 14 91 13 92 2 93 15 94 14 95 12 96 7 73 14 75 19 82 5 87 11
67 0 1 1 5 2 10 3 12 4 19 5 16 6 12 7 2 10 4 12 3 13 4 14 11 15 6 16 18 18 8 20 15 21 13 22 9 23 1 25 5 26 10 27 6 28 3 29 10 30 18 31 3 32 19 33 2 35 5 36 19 37 13 38 18 39 20 40 20 41 14 42 12 44 13 45 8 46 6 47 8 48 7 49 13 50 3 51 2 52 5 53 7 54 10 55 16 56 10 57 5 58 4 59 1 60 6 61 9 62 13 63 20 64 8 65 12 66 19 8 16 9 11 11 12 17 10 19 20 24 1 34 20 43 20 68 9 69 2 70 20 71 4 72 3 73 5 74 14 75 2 76 17 77 8 78 19 79 5 80 18 81 17 83 18 84 4 86 11 88 1 89 17 90 1 91 6 92 10 93 1 94 14 95 6 96 12 82 4 85 15 87 4
68 1 5 2 13 4 9 6 9 7 10 8 5 9 5 10 17 11 2 13 15 14 13 15 13 16 20 17 9 18 12 19 17 20 5 21 3 22 15 23 18 25 7 26 9 27 13 29 7 30 14 31 9 32 15 33 1 34 8 35 9 36 9 37 7 38 1 39 10 40 13 41 11 42 5 43 3 44 11 45 6 46 17 47 11 48 10 49 5 50 2 51 10 52 10 54 5 55 2 56 11 57 7 59 16 61 8 62 14 63 2 64 12 65 20 66 5 67 9 0 2 3 1 5 1 12 1 24 15 28 3 58 12 60 12 69 4 70 6 71 9 72 4 73 2 74 5 75 16 76 13 77 5 78 10 79 9 80 6 81 20 82 10 83 11 84 20 85 10 86 18 87 11 88 7 89 19 90 2 91 19 92 13 93 11 94 2 95 2 96 11
69 0 4 1 1 2 12 3 17 5 5 6 13 7 9 8 2 9 9 10 2 12 13 13 1 14 20 15 4 17 20 18 8 19 5 20 8 21 1 22 2 23 13 24 1 25 19 26 13 27 11 28 19 29 10 30 17 31 1 32 3 33 6 34 16 35 13 36 17 37 7 38 19 39 13 40 3 41 9 42 12 43 14 44 6 46 20 47 1 48 5 50 12 52 18 53 14 54 15 55 3 56 10 57 6 58 11 59 2 61 2 62 13 63 14 64 7 65 16 66 17 67 2 68 4 4 8 11 17 49 10 51 5 60 9 70 11 71 10 72 2 73 13 74 14 75 16 76 4 78 7 79 9 80 1 81 18 82 3 83 8 85 11 86 4 87 7 88 4 89 17 90 1 91 2 92 18 93 6 94 12 95 16 96 19 77 13 84 10
70 0 17 1 9 2 4 3 3 4 18 5 11 6 6 7 10 8 5 9 6 10 1 11 3 12 5 13 6 14 5 15 3 16 1 17 20 18 15 19 4 20 1 22 8 24 15 25 7 26 7 27 13 28 18 29 7 30 20 31 13 32 9 33 18 34 14 35 17 37 18 38 10 39 15 40 9 41 18 42 5 44 6 45 19 46 18 47 11 48 5 49 1 50 16 51 13 52 10 53 10 54 17 55 19 56 2 57 9 59 12 60 2 61 3 62 14 63 14 64 15 65 1 66 12 67 20 68 6 69 11 21 19 23 2 36 9 58 14 71 11 72 8 73 17 74 15 75 15 76 13 77 18 78 9 79 4 80 15 81 3 82 20 83 4 84 13 85 1 86 17 87 10 88 14 89 10 90 16 91 1 92 17 93 17 94 5 95 12 96 1
71 0 6 1 5 2 20 3 6 4 8 5 14 6 11 7 5 8 3 9 15 10 8 13 3 14 13 15 2 16 12 17 18 18 2 19 3 20 8 21 7 22 4 23 6 24 4 25 17 26 2 27 14 28 5 29 15 30 5 31 4 32 3 33 12 34 2 35 10 36 4 37 4 38 16 39 17 40 15 41 14 43 5 44 6 45 16 46 4 48 15 49 11 50 5 51 12 52 15 53 10 54 4 55 9 56 20 57 13 58 1 59 7 60 18 61 1 62 13 63 13 64 20 65 13 66 18 67 4 68 9 69 10 70 11 11 15 12 5 42 12 47 10 72 4 73 11 74 16 75 7 76 4 78 16 79 3 80 11 83 8 85 6 86 8 87 4 88 5 89 16 90 18 91 10 92 15 93 5 94 5 95 7 96 19 77 14 81 4 82 11 84 5
72 0 12 1 16 2 4 3 17 4 12 5 14 6 7 7 13 8 16 10 19 11 2 12 14 13 15 14 12 15 1 16 2 17 5 18 7 19 7 20 8 21 19 22 4 23 1 24 17 26 13 27 14 28 9 30 16 31 17 32 12 33 17 34 17 35 3 36 17 37 14 38 7 39 9 40 18 41 16 42 17 43 7 44 4 45 16 46 6 47 13 48 3 49 12 50 2 51 7 52 10 53 13 54 8 56 9 57 6 58 11 59 8 61 19 62 3 63 7 64 16 65 19 66 17 67 3 68 4 69 2 70 8 71 4 9 6 25 11 29 19 55 15 60 9 73 10 74 14 75 9 76 4 77 19 78 1 79 6 80 11 81 12 83 2 84 6 85 1 86 11 87 3 89 18 90 7 91 5 93 1 94 13 95 19 96 8 82 10 88 11
73 0 13 1 4 2 9 3 1 4 19 5 8 6 18 7 20 8 16 9 5 10 3 11 18 12 4 13 5 14 2 15 10 16 11 17 3 18 3 19 11 20 10 21 8 22 5 23 7 24 12 25 15 26 8 27 15 28 9 29 8 30 20 31 14 32 17 33 3 35 13 36 20 37 5 38 15 39 13 40 12 41 13 42 17 43 7 44 6 45 4 46 7 47 6 48 2 49 15 50 12 51 17 52 9 53 10 54 5 55 11 56 6 57 14 59 16 60 19 61 17 63 14 64 14 65 14 67 5 68 2 69 13 70 17 71 11 72 10 34 1 58 10 66 14 74 16 75 18 77 1 78 7 79 17 80 15 81 20 83 5 84 16 85 7 86 15 87 1 88 1 90 10 91 1 92 14 93 19 94 4 95 17 96 3 76 17 82 4 89 7
74 0 14 1 7 2 4 3 9 5 9 6 12 7 2 8 18 9 20 10 4 11 12 12 11 13 18 14 18 15 2 16 20 17 18 18 17 19 7 20 13 21 16 22 5 23 2 24 5 25 11 26 11 27 13 28 6 29 4 30 4 31 4 32 15 33 13 35 1 36 13 38 8 39 2 40 19 41 7 42 11 43 16 44 11 45 8 46 8 47 19 48 7 49 11 50 18 51 16 54 4 56 14 57 15 58 3 59 11 60 4 61 7 62 15 63 16 64 17 65 19 66 3 67 14 68 5 69 14 70 15 71 16 72 14 73 16 4 16 34 5 52 11 75 10 76 16 77 17 78 14 79 18 80 17 81 18 82 10 84 3 86 3 87 1 88 10 89 12 90 15 91 6 92 16 93 10 94 9 96 12 83 15 85 7 95 5
75 0 8 1 1 2 3 3 12 4 9 5 5 6 3 7 4 8 1 9 9 10 9 11 7 12 18 13 2 14 20 15 11 16 1 17 8 18 14 19 17 21 4 22 11 23 20 24 15 25 20 26 18 27 15 28 2 29 14 30 10 32 16 33 17 34 12 35 14 36 13 37 9 38 16 39 7 41 14 42 3 44 6 45 5 46 5 47 12 48 16 50 2 51 4 52 15 53 12 54 16 56 13 57 15 58 7 59 4 61 20 62 20 63 1 64 2 65 12 67 2 68 16 69 16 70 15 71 7 72 9 73 18 74 10 20 6 31 12 40 14 43 12 49 9 55 12 60 13 66 19 76 19 77 8 78 13 79 14 80 19 82 10 83 7 84 13 85 19 86 19 87 2 89 15 91 6 92 3 93 19 95 7 96 14 81 5 88 14 90 20 94 5
76 0 2 1 19 2 1 4 10 5 4 6 1 7 6 8 20 9 11 10 17 11 20 12 10 13 16 14 9 15 14 16 5 17 11 18 16 19 17 20 15 22 9 23 20 24 7 26 9 27 1 28 12 29 8 30 13 31 14 32 9 33 16 34 7 35 20 36 13 37 11 38 9 39 10 40 19 41 18 42 4 43 6 44 1 45 6 46 12 47 14 48 4 49 2 50 13 51 19 52 2 53 18 54 10 55 7 56 20 57 11 58 17 59 10 60 11 61 4 62 1 63 9 64 8 65 10 66 3 67 17 68 13 69 4 70 13 71 4 72 4 74 16 75 19 3 7 21 19 25 14 73 17 77 7 78 4 79 9 80 18 81 11 82 5 83 14 84 3 85 19 86 16 87 19 88 17 90 20 91 5 92 5 93 6 95 20 89 12 94 14 96 2
77 0 11 1 5 2 2 3 18 4 15 5 1 6 6 9 16 10 7 11 3 12 20 13 20 14 1 15 3 16 17 18 18 19 11 20 15 22 1 23 2 24 20 25 9 27 5 28 1 29 19 30 2 31 18 32 16 33 8 35 20 36 11 37 20 38 19 39 18 40 3 41 3 42 6 44 2 45 17 47 2 48 15 50 7 51 13 52 1 54 18 55 8 56 11 57 17 58 8 59 1 60 15 62 19 63 17 64 6 65 18 66 19 67 8 68 5 70 18 72 19 73 1 74 17 75 8 76 7 7 9 8 14 21 3 26 9 34 18 43 15 46 14 49 20 53 16 61 20 69 13 71 14 78 8 79 20 80 10 81 4 83 11 84 19 89 4 90 7 91 9 92 3 93 19 94 14 95 20 96 8 82 5 85 2 86 13 87 6
78 0 19 1 18 2 17 3 18 4 5 5 17 6 6 7 10 8 13 9 6 10 2 11 1 12 15 13 20 14 10 15 15 16 1 17 15 18 20 19 2 20 17 21 11 22 5 24 18 26 9 27 9 28 17 29 3 30 15 31 19 32 8 33 10 34 16 35 20 36 14 37 6 38 4 39 8 40 2 41 2 42 4 43 17 44 13 46 3 47 5 48 19 49 4 50 17 51 15 53 3 55 2 56 5 57 5 58 13 59 10 60 11 61 1 62 14 63 15 64 10 65 11 66 16 67 19 68 10 69 7 70 9 71 16 72 1 73 7 74 14 75 13 76 4 77 8 23 6 25 3 45 1 52 13 54 4 79 10 80 17 81 20 83 12 84 20 85 20 86 17 87 2 88 19 89 3 90 10 91 11 92 1 94 10 96 14 82 19 93 12 95 6
79 0 5 1 18 2 14 3 12 4 11 5 4 6 8 7 5 8 20 9 4 10 5 11 1 12 14 13 19 14 11 15 17 16 19 17 6 18 4 19 4 20 14 21 2 22 2 23 19 24 15 25 6 26 9 27 18 28 17 29 20 30 18 31 14 32 8 33 7 34 7 35 13 36 5 37 6 38 10 39 2 40 2 41 17 42 14 43 6 44 4 45 19 47 2 48 17 50 1 51 17 52 13 53 3 54 3 55 6 56 4 57 15 58 8 59 3 60 18 61 13 62 16 63 4 66 4 67 5 68 9 69 9 70 4 71 3 72 6 73 17 74 18 75 14 76 9 77 20 78 10 46 14 64 20 65 6 80 19 81 5 82 5 83 10 84 16 86 1 87 18 88 19 89 11 90 17 91 19 92 19 93 9 94 11 95 18 96 8 85 9
80 0 16 1 16 2 16 3 14 4 12 5 8 6 16 7 18 8 4 9 8 10 8 11 5 12 17 13 19 14 9 15 18 16 9 17 7 18 10 19 19 20 16 21 20 22 12 23 1 24 20 25 6 26 4 27 1 28 2 29 13 30 13 31 5 32 13 33 19 34 12 35 12 36 1 37 6 38 6 39 9 40 13 42 14 43 10 44 9 45 16 46 16 47 6 48 6 49 11 50 17 51 18 52 19 53 18 54 16 55 4 56 4 57 5 59 12 60 19 61 1 62 15 63 13 64 15 66 4 67 18 68 6 69 1 70 15 71 11 72 11 73 15 74 17 75 19 76 18 77 10 78 17 79 19 58 8 81 4 82 19 83 5 84 5 86 12 87 5 88 19 89 10 90 18 91 8 92 18 93 20 94 20 95 12 96 10 85 11
81 0 12 2 8 3 18 6 7 7 10 8 6 9 4 10 2 11 1 12 18 13 14 14 20 15 11 16 11 17 17 19 8 20 6 21 12 22 14 23 12 24 8 25 18 26 14 27 8 28 19 29 5 30 16 31 2 32 8 33 5 34 5 35 18 36 17 37 3 38 11 39 7 40 10 41 2 42 12 43 4 44 18 45 8 46 15 47 6 48 14 49 19 50 17 51 6 52 11 53 9 54 14 55 5 56 17 57 17 58 5 60 20 62 11 63 9 64 6 65 13 66 20 67 17 68 20 69 18 70 3 72 12 73 20 74 18 76 11 77 4 78 20 79 5 80 4 1 20 4 19 5 10 18 11 59 13 61 20 71 4 75 5 82 6 83 12 84 1 86 19 87 17 88 13 89 5 90 13 93 14 94 13 95 19 96 20 91 4 92 7
82 0 9 1 4 3 16 4 11 5 17 6 20 7 10 8 9 9 18 11 15 12 10 13 4 15 17 16 7 17 2 18 3 19 11 20 15 21 6 22 11 23 9 25 3 26 12 27 16 28 16 29 6 30 4 31 11 32 18 33 20 34 7 35 18 37 9 38 14 39 13 41 11 42 16 43 12 44 19 45 20 46 12 47 3 48 13 49 18 50 16 51 9 52 10 53 15 54 4 55 4 56 13 57 20 58 14 59 1 60 11 61 5 63 5 64 15 65 6 68 10 69 3 70 20 74 10 75 10 76 5 79 5 80 19 81 6 10 14 14 19 24 7 36 17 40 20 62 3 66 5 67 4 71 11 72 10 73 4 77 5 78 19 83 18 84 3 85 16 86 5 87 9 88 9 90 15 91 9 92 15 93 16 94 10 95 11 96 18 89 2
83 0 7 1 8 2 17 4 6 5 18 7 17 8 14 10 19 11 4 12 19 13 3 15 13 16 14 17 5 18 17 19 13 20 1 21 18 22 8 23 20 26 1 28 12 29 15 30 12 32 15 33 18 34 16 35 9 36 8 37 6 38 9 39 8 41 1 42 18 43 15 45 14 46 2 47 14 48 15 49 2 51 2 52 13 53 14 54 9 55 18 56 1 57 5 58 18 59 13 60 18 61 18 62 7 63 17 64 3 65 13 66 8 67 18 68 11 69 8 70 4 71 8 72 2 73 5 75 7 76 14 77 11 78 12 79 10 80 5 81 12 82 18 3 1 6 20 9 6 14 11 24 10 25 17 27 20 31 4 40 20 44 11 50 1 74 15 86 1 87 16 88 6 89 3 90 10 91 20 92 6 93 8 94 18 95 2 84 4 85 17 96 10
84 0 5 1 9 2 8 3 18 4 7 5 4 6 15 7 3 8 2 10 16 11 4 12 13 13 11 14 15 16 19 17 12 18 3 19 5 20 14 21 19 24 18 25 19 26 8 27 10 28 6 29 14 31 14 32 10 33 14 34 2 35 4 36 3 37 16 38 11 39 3 40 16 41 16 42 19 43 12 44 4 45 17 46 3 47 20 48 1 49 10 50 9 51 6 52 4 53 12 54 11 55 12 56 12 58 5 59 16 60 1 61 4 62 18 63 18 64 13 65 2 66 1 67 4 68 20 70 13 72 6 73 16 74 3 75 13 76 3 77 19 78 20 79 16 80 5 81 1 82 3 22 6 23 7 30 12 57 11 69 10 71 5 83 4 85 20 86 12 87 13 88 13 89 6 90 9 92 18 93 19 94 6 95 6 96 11 91 5
85 1 19 2 4 3 13 4 11 5 7 6 5 7 5 8 11 9 1 10 2 11 9 12 2 13 16 14 2 15 9 16 12 17 4 18 6 19 3 20 4 21 3 22 5 23 6 24 8 25 18 26 13 27 13 28 12 29 2 30 10 32 15 34 17 35 5 36 17 37 5 38 10 39 2 40 16 41 6 42 5 43 5 44 3 45 19 46 7 47 2 48 1 49 13 50 18 51 9 52 14 53 12 54 8 55 4 56 7 57 2 58 3 59 7 60 10 61 5 62 12 63 9 64 13 65 2 66 20 68 10 69 11 70 1 71 6 72 1 73 7 75 19 76 19 78 20 82 16 84 20 0 12 31 9 33 5 67 15 74 7 77 2 79 9 80 11 83 17 86 7 87 18 89 17 90 5 91 7 93 14 94 14 95 18 96 4 88 13 92 9
86 0 14 1 9 2 15 3 12 4 19 5 3 6 11 7 5 8 16 9 20 10 6 11 19 12 1 13 14 14 5 15 15 16 13 17 8 18 4 19 5 20 14 21 13 22 19 23 9 24 17 25 9 26 3 27 17 28 3 29 3 30 6 31 10 32 17 33 15 34 17 35 9 36 14 37 4 38 7 39 17 40 20 41 11 42 6 43 19 44 13 45 19 46 10 47 16 48 1 49 10 50 10 52 4 53 16 55 20 56 18 57 15 58 1 59 13 60 2 61 2 63 17 64 7 65 10 66 6 67 11 68 18 69 4 70 17 71 8 72 11 73 15 74 3 75 19 76 16 78 17 79 1 80 12 81 19 82 5 83 1 84 12 85 7 51 12 54 8 62 13 77 13 87 10 88 12 89 2 90 4 91 19 92 17 93 5 94 7 95 15 96 8
87 1 12 2 16 4 13 5 17 6 14 7 18 8 15 9 3 10 15 11 6 12 6 13 16 14 11 15 15 16 19 17 3 18 4 19 19 20 5 21 20 22 11 23 6 24 16 25 9 26 19 27 14 28 9 29 8 30 5 31 20 32 13 33 12 34 14 35 5 36 14 37 9 38 12 39 1 40 14 41 10 42 12 43 10 44 4 45 13 46 2 47 6 48 15 49 7 50 4 51 6 52 8 53 17 54 16 55 17 56 9 57 13 58 3 59 1 60 3 61 11 62 15 63 7 64 20 65 8 68 11 69 7 70 10 71 4 72 3 73 1 74 1 75 2 76 19 78 2 79 18 80 5 81 17 82 9 83 16 84 13 85 18 86 10 0 6 3 14 66 11 67 4 77 6 88 1 89 9 90 18 91 1 92 17 93 19 94 20 95 6 96 13
88 0 20 1 13 3 1 5 1 6 5 7 18 8 1 10 18 11 14 12 3 13 2 14 7 15 18 16 5 17 3 18 6 19 10 20 8 21 18 22 5 23 7 24 6 25 8 27 12 28 17 29 20 31 1 32 13 33 9 34 11 35 10 36 17 38 8 39 12 40 19 41 1 42 13 43 1 44 17 45 1 46 15 48 10 49 19 50 8 51 9 52 19 53 10 54 2 55 10 56 12 57 19 58 15 59 1 60 6 61 14 62 11 63 10 64 5 65 7 66 18 67 1 68 7 69 4 70 14 71 5 73 1 74 10 76 17 78 19 79 19 80 19 81 13 82 9 83 6 84 13 86 12 87 1 2 1 4 14 9 2 26 18 30 2 37 6 72 11 75 14 85 13 89 11 90 13 92 4 95 15 96 12 91 2 93 9 94 15
89 0 15 1 6 2 1 4 16 5 11 6 8 7 20 8 11 9 11 10 18 11 11 12 5 14 2 16 2 17 3 18 15 19 2 20 6 21 7 22 4 23 2 24 8 25 15 26 19 27 4 28 19 29 20 30 4 31 18 32 19 33 12 34 8 35 20 36 10 37 1 38 16 39 4 40 9 41 10 42 13 43 3 46 11 48 10 49 19 50 6 51 13 52 8 53 8 54 11 56 6 57 19 58 19 60 5 61 4 63 5 64 19 65 9 66 16 67 17 68 19 69 17 70 10 71 16 72 18 74 12 75 15 77 4 78 3 79 11 80 10 81 5 83 3 84 6 85 17 86 2 87 9 88 11 3 20 13 17 15 16 44 11 45 10 47 14 55 20 59 19 62 18 73 7 76 12 82 2 90 18 91 5 92 1 93 14 94 5 95 9 96 5
90 0 20 1 17 2 12 3 18 4 14 5 9 6 13 7 14 8 15 9 20 10 13 11 4 12 9 13 5 14 9 15 10 16 9 17 7 18 15 19 13 20 6 21 8 22 2 23 16 24 18 26 2 27 18 28 6 29 9 30 13 31 3 32 12 33 13 34 1 35 18 36 19 37 18 38 20 39 15 40 6 41 1 42 20 43 14 44 16 45 12 46 9 47 17 49 17 50 5 51 12 52 20 53 9 54 14 55 6 56 19 57 11 58 16 59 2 60 10 61 20 62 18 63 12 64 5 65 20 66 14 67 1 68 2 69 1 70 16 71 18 72 7 73 10 74 15 76 20 77 7 78 10 79 17 80 18 81 13 82 15 83 10 84 9 85 5 86 4 87 18 88 13 89 18 25 8 48 4 75 20 91 4 92 12 93 8 94 4 95 7 96 19
91 0 14 1 8 2 14 3 19 4 10 5 18 6 15 7 10 8 4 9 14 10 5 11 20 12 7 13 8 14 12 15 11 17 13 18 6 19 12 20 19 21 3 22 6 23 5 24 18 26 5 28 14 29 12 30 7 32 11 33 5 34 3 35 18 36 11 37 1 38 7 39 3 41 8 42 13 44 8 46 17 47 15 48 8 49 7 50 13 52 5 53 1 54 7 55 7 57 13 58 4 59 19 60 19 61 12 62 17 63 18 64 1 65 17 66 13 67 6 68 19 69 2 70 1 71 10 72 5 73 1 74 6 75 6 76 5 77 9 78 11 79 19 80 8 82 9 83 20 85 7 86 19 87 1 89 5 90 4 25 17 27 12 31 9 40 19 43 17 45 8 51 19 56 17 81 4 84 5 88 2 92 3 93 1 94 16 96 8 95 18
92 0 12 1 16 3 4 4 6 5 19 7 20 8 19 9 13 10 18 11 6 12 2 13 1 14 11 15 4 16 11 18 5 19 20 20 12 21 12 22 12 24 15 25 7 26 12 27 17 28 7 29 5 30 11 31 10 33 5 34 15 35 10 36 18 38 16 39 15 40 4 41 19 42 15 45 12 46 2 47 6 48 4 49 7 50 5 51 9 52 3 53 20 54 10 55 19 56 3 57 5 58 9 59 18 60 1 61 20 62 4 63 18 64 5 65 9 66 2 67 10 68 13 69 18 70 17 71 15 73 14 74 16 75 3 76 5 77 3 78 1 79 19 80 18 82 15 83 6 84 18 86 17 87 17 88 4 89 1 90 12 91 3 6 7 17 11 23 5 37 8 43 20 44 1 81 7 85 9 93 6 94 10 95 2 96 16
93 0 17 1 3 2 12 3 5 4 1 5 13 6 8 7 4 8 19 9 15 10 4 11 12 12 13 14 5 15 19 16 12 17 2 18 4 19 19 20 17 21 2 22 3 23 20 24 4 25 11 26 1 27 18 28 3 29 17 30 13 31 12 32 5 34 6 35 12 36 11 37 9 38 19 39 11 40 13 41 3 42 17 44 11 45 20 47 17 48 7 49 5 51 12 52 9 56 5 57 12 58 10 59 18 61 9 62 16 63 10 64 6 65 17 66 15 67 1 68 11 69 6 70 17 71 5 72 1 73 19 74 10 75 19 76 6 77 19 79 9 80 20 81 14 82 16 83 8 84 19 85 14 86 5 87 19 89 14 90 8 91 1 92 6 13 7 33 7 43 2 46 20 50 17 53 17 54 9 55 10 60 12 78 12 88 9 94 18 95 10 96 1
94 1 11 2 2 4 18 5 11 6 11 7 4 8 12 9 12 10 11 11 7 12 7 14 19 15 16 16 14 17 9 18 13 19 5 20 11 21 16 22 6 23 13 24 19 25 10 26 14 27 19 28 4 29 3 30 1 31 7 32 7 33 2 34 9 35 1 36 4 37 14 38 1 39 5 40 3 41 11 42 9 43 8 44 17 45 7 46 15 47 20 48 13 49 19 50 12 51 17 52 1 53 11 54 20 55 7 56 9 57 20 58 19 59 5 60 14 61 12 62 16 63 14 64 2 65 3 66 14 67 14 68 2 69 12 70 5 71 5 72 13 73 4 74 9 77 14 78 10 79 11 80 20 81 13 82 10 83 18 84 6 85 14 86 7 87 20 89 5 90 4 91 16 92 10 93 18 0 1 3 5 13 13 75 5 76 14 88 15 95 7 96 5
95 0 13 1 1 2 2 3 14 6 9 8 13 9 3 10 19 11 6 12 4 13 7 14 19 15 15 16 14 17 5 19 20 20 6 21 10 22 18 23 20 24 4 25 6 26 9 27 1 29 4 31 18 32 3 33 3 35 1 36 10 37 15 38 18 39 17 40 16 41 10 42 18 43 18 44 14 45 1 46 10 47 10 48 8 49 13 51 14 52 17 53 17 55 16 56 17 58 9 59 13 60 19 61 20 62 5 63 1 64 19 65 14 66 12 67 6 68 2 69 16 70 12 71 7 72 19 73 17 75 7 76 20 77 20 79 18 80 12 81 19 82 11 83 2 84 6 85 18 86 15 87 6 88 15 89 9 90 7 92 2 93 10 94 7 4 19 5 11 7 7 18 15 28 2 30 18 34 8 50 4 54 18 57 18 74 5 78 6 91 18 96 3
96 0 19 1 4 2 12 3 12 5 19 6 14 8 14 9 5 10 2 11 14 12 1 13 7 14 8 15 7 16 8 17 16 18 5 19 4 20 5 21 19 22 9 23 1 25 18 26 1 27 8 28 7 29 7 30 17 32 16 33 13 34 6 35 19 36 7 37 10 38 19 39 5 40 13 41 5 42 11 43 4 44 10 45 4 46 20 47 9 48 3 49 14 50 16 51 2 52 18 53 20 54 13 55 3 56 10 57 7 58 20 59 4 60 10 62 8 63 6 64 8 65 18 66 7 67 12 68 11 69 19 70 1 71 19 72 8 73 3 74 12 75 14 77 8 78 14 79 8 80 10 81 20 82 18 84 11 85 4 86 8 87 13 88 12 90 19 91 8 92 16 93 1 94 5 95 3 4 17 7 16 24 12 61 19 76 2 83 10 89 5
