73
0 1 1 2 16 3 11 4 2 5 16 6 3 7 3 8 18 9 1 10 17 11 18 12 16 13 18 15 16 16 8 17 7 18 18 19 10 20 8 21 8 22 15 23 5 24 8 25 12 26 8 28 8 31 16 32 20 33 18 34 19 35 6 36 6 37 13 38 14 39 10 40 2 41 14 42 6 43 10 44 9 45 18 46 7 47 16 48 17 49 8 50 1 51 9 52 13 53 9 54 8 55 5 56 7 58 2 59 14 61 17 62 14 63 3 65 19 67 1 68 3 69 6 70 14 71 18 72 20 27 13 29 5 30 2 57 19 60 18 64 5 66 14
1 0 1 2 2 3 17 5 15 6 20 8 11 9 19 10 15 11 4 12 12 13 6 14 7 15 16 16 7 17 12 19 16 21 14 22 10 23 2 24 9 25 17 26 20 27 15 28 1 29 19 30 11 32 6 33 11 34 4 35 18 36 20 37 12 39 10 40 14 41 17 42 1 44 20 45 14 46 14 47 1 48 18 50 8 51 4 52 17 53 2 54 10 55 19 56 3 57 3 58 18 59 19 60 3 61 19 62 18 63 8 64 1 65 10 66 7 67 12 68 4 69 18 70 20 71 3 4 16 7 12 18 8 31 19 43 2 49 3 72 4
2 0 16 1 2 3 14 4 14 5 7 6 16 7 16 8 8 9 5 10 12 11 19 12 11 13 18 14 12 15 3 16 15 17 1 18 11 19 2 20 11 21 8 22 10 23 6 24 10 25 9 26 20 27 14 28 10 29 3 30 6 31 3 32 7 33 4 34 15 35 3 36 2 37 14 38 9 39 6 40 10 41 6 42 5 43 11 45 2 47 12 48 13 49 16 50 3 51 15 52 15 53 8 54 15 55 1 56 17 57 18 58 11 59 7 60 1 61 19 62 14 64 20 65 17 67 7 68 13 69 20 70 16 71 17 72 19 44 1 46 4 63 15
3 0 11 1 17 2 14 4 7 5 18 6 4 7 9 8 7 9 16 10 11 11 1 12 6 13 5 14 9 15 9 16 5 18 1 19 18 21 3 22 4 24 20 25 2 26 14 28 6 29 6 30 4 31 18 32 13 33 13 34 14 35 16 36 6 37 4 38 13 39 14 40 4 41 19 42 10 44 6 45 2 47 15 49 16 50 4 51 9 52 18 53 19 54 2 55 20 56 14 57 16 58 13 59 5 61 1 62 1 63 9 65 19 66 1 67 14 68 14 69 1 70 7 71 15 72 6 17 12 20 2 43 13 46 6 48 20 60 16 64 11
4 0 2 2 14 3 7 1 16 6 8 7 9 8 2 9 16 10 1 11 4 12 6 13 5 14 16 15 10 16 2 17 8 18 8 19 18 20 5 21 7 22 14 23 18 24 2 25 9 26 1 27 11 29 13 30 5 31 16 32 7 33 3 34 3 35 4 36 1 37 19 38 17 40 3 41 6 43 7 44 3 45 12 46 17 47 1 49 20 50 7 51 19 53 17 54 19 55 9 56 11 57 4 58 1 59 3 60 16 61 20 62 17 63 18 64 14 65 16 66 13 67 12 68 1 69 3 70 7 71 20 72 4 5 9 28 16 39 17 42 9 48 8 52 18
5 0 16 1 15 2 7 3 18 4 9 6 14 7 2 8 3 9 15 10 2 11 10 12 18 14 3 15 7 16 20 17 11 18 6 19 15 20 12 21 16 22 6 23 13 25 17 26 8 27 17 28 8 29 13 30 9 31 5 32 8 33 10 34 1 35 10 36 9 38 1 40 20 42 10 43 7 44 6 45 20 47 12 49 10 50 13 51 14 52 10 53 3 55 9 56 19 57 2 58 9 59 3 60 19 61 13 62 14 63 5 64 6 65 3 66 1 67 18 68 2 69 18 70 20 71 12 72 2 13 10 24 1 37 15 39 17 41 11 48 14 54 14
6 0 3 1 20 2 16 3 4 4 8 5 14 7 7 8 11 9 18 10 11 13 15 14 5 16 6 17 10 18 19 19 2 20 2 21 6 22 16 23 11 24 16 25 4 26 8 27 16 28 14 29 4 30 8 32 20 33 1 35 8 36 10 37 11 38 11 40 14 41 8 42 4 43 10 45 18 46 18 47 19 48 1 49 5 50 12 51 13 52 18 53 15 54 7 55 20 56 2 57 17 58 18 59 18 60 19 61 13 62 8 63 18 64 15 65 1 66 15 67 9 68 16 69 11 70 8 71 9 72 3 11 15 12 11 31 4 34 1 39 17 44 12
7 0 3 2 16 3 9 4 9 5 2 6 7 1 12 8 8 9 18 10 13 11 1 12 7 13 4 14 1 15 16 16 13 17 12 18 8 19 3 20 12 21 17 22 18 23 14 24 9 25 12 27 7 28 2 29 3 30 19 31 2 32 18 33 12 34 5 35 18 36 11 37 16 38 3 39 9 40 10 41 12 42 1 43 10 44 9 45 8 46 12 47 13 48 11 49 4 50 14 51 5 52 2 53 16 54 1 55 10 57 3 58 17 59 11 60 20 61 2 62 12 63 8 64 13 65 18 67 20 68 20 69 8 70 9 71 18 72 16 26 18 56 7 66 5
8 0 18 1 11 2 8 3 7 4 2 5 3 6 11 7 8 9 20 10 6 11 4 12 8 13 11 14 10 15 11 18 9 19 3 20 13 21 19 22 2 23 15 24 8 25 16 26 17 27 8 28 16 29 20 30 5 31 17 32 19 33 8 34 17 35 19 36 1 37 2 38 13 39 2 40 10 41 1 42 6 43 13 44 8 45 16 46 16 47 7 48 16 49 13 50 16 51 2 52 15 54 20 55 18 56 15 57 19 58 11 59 3 60 5 61 5 62 9 63 6 64 5 65 13 66 9 67 4 68 6 69 11 70 13 71 6 72 7 16 10 17 2 53 16
9 0 1 1 19 2 5 3 16 4 16 5 15 6 18 7 18 8 20 10 13 11 1 12 4 13 11 14 10 15 11 17 4 18 17 19 20 21 2 23 6 24 6 25 17 26 2 27 20 28 3 29 18 30 11 32 18 35 15 36 14 37 6 38 13 40 8 41 5 42 15 43 4 45 6 46 14 47 11 48 6 49 8 50 7 51 17 52 13 53 20 54 6 55 13 56 15 57 20 58 4 59 9 60 9 61 10 62 11 63 13 64 7 65 4 66 9 67 18 68 9 69 6 70 11 71 10 72 8 16 5 20 11 31 17 33 18 34 20 44 1
10 0 17 1 15 2 12 3 11 4 1 5 2 6 11 7 13 8 6 9 13 11 1 12 13 13 2 14 11 15 6 16 8 17 12 18 8 19 12 20 5 21 11 22 13 23 19 24 3 25 15 26 19 28 20 29 12 30 6 31 3 32 11 33 16 34 9 35 20 36 7 37 20 38 14 39 19 40 16 42 4 43 3 44 13 45 11 46 13 47 15 48 2 49 20 50 15 52 16 53 1 55 14 56 18 57 3 59 10 61 3 62 17 63 2 64 4 65 6 66 20 67 2 68 11 69 20 70 18 71 15 72 15 27 7 41 12 51 16 54 16
11 0 18 1 4 2 19 3 1 4 4 5 10 7 1 8 4 9 1 10 1 6 15 12 20 13 8 14 3 15 12 16 9 17 1 18 14 19 17 20 18 22 7 23 14 24 7 25 20 26 16 27 11 28 15 29 2 30 20 31 11 32 2 33 6 34 19 35 5 37 17 39 16 40 3 41 17 42 7 43 1 44 3 45 6 46 12 48 10 49 20 50 9 51 2 52 18 53 20 54 8 55 1 56 12 58 13 59 9 60 5 61 8 62 5 63 4 64 4 65 17 66 15 67 1 69 11 70 4 71 4 72 20 21 17 36 1 38 12 57 1 68 16
12 0 16 1 12 2 11 3 6 4 6 5 18 7 7 8 8 9 4 10 13 11 20 6 11 13 17 14 4 15 10 16 10 17 11 18 4 19 20 20 16 22 5 23 15 24 6 25 13 26 17 27 18 28 14 29 10 30 17 31 8 32 10 33 7 34 8 35 10 36 7 37 12 38 13 39 7 40 10 41 13 42 10 43 16 45 4 46 3 47 10 48 19 49 15 50 14 51 5 52 8 53 8 54 2 55 15 56 5 57 10 58 15 59 4 60 17 61 2 62 12 63 9 64 10 65 13 66 8 67 15 68 18 69 3 70 4 71 9 72 6 44 18
13 0 18 1 6 2 18 3 5 4 5 6 15 7 4 8 11 9 11 10 2 11 8 12 17 5 10 14 10 15 5 16 8 17 13 18 18 19 8 20 18 21 10 22 7 23 6 24 10 27 9 28 20 29 20 30 8 32 11 33 7 37 3 40 8 41 10 42 10 44 4 45 12 46 9 47 9 49 17 50 11 51 8 52 10 53 20 55 2 56 5 57 7 58 7 60 18 61 7 62 20 63 17 64 2 65 9 66 15 67 16 68 2 69 11 70 8 71 3 72 20 25 6 26 13 31 7 34 20 35 5 36 5 38 17 39 10 43 5 48 14 54 19 59 9
14 1 7 2 12 3 9 4 16 5 3 6 5 7 1 8 10 9 10 10 11 11 3 12 4 13 10 15 6 16 13 17 3 18 10 20 16 21 19 23 6 24 12 25 15 26 18 28 11 29 8 31 14 33 11 34 9 35 16 37 17 38 17 39 10 40 2 41 9 42 16 43 15 44 3 45 20 46 3 47 14 48 8 49 12 50 10 52 1 54 12 55 1 56 9 60 12 62 1 63 17 64 9 65 18 67 16 68 7 69 18 70 3 71 19 72 1 19 3 22 20 27 11 30 14 32 13 36 10 51 20 57 15 58 19 59 17 61 16 66 13
15 0 16 1 16 2 3 3 9 4 10 5 7 7 16 8 11 9 11 10 6 11 12 12 10 13 5 14 6 16 1 17 2 18 3 19 10 20 19 21 1 22 4 24 16 25 10 26 17 27 13 29 2 30 3 31 4 32 3 33 2 34 3 35 2 36 12 37 5 38 20 39 3 40 11 41 2 42 10 43 17 44 19 45 12 46 4 47 5 48 20 49 13 51 2 52 15 53 4 54 18 55 2 56 3 57 4 58 15 59 3 60 12 61 4 62 12 63 11 64 12 65 10 66 18 67 2 68 16 69 1 70 8 71 17 23 10 28 15 50 3 72 20
16 0 8 1 7 2 15 3 5 4 2 5 20 6 6 7 13 10 8 11 9 12 10 13 8 14 13 15 1 8 10 9 5 17 7 18 9 19 20 22 13 24 20 25 11 26 10 27 16 28 9 29 16 30 7 31 20 32 7 33 14 34 6 35 18 36 19 38 8 39 5 40 3 41 13 42 3 43 10 44 9 45 11 46 19 47 2 48 3 49 5 50 14 51 19 52 1 53 2 55 6 56 1 57 5 58 11 59 5 61 2 62 10 63 6 64 19 65 15 66 13 67 16 68 6 69 19 70 9 71 15 72 10 20 6 23 9 37 5 54 3 60 18
17 0 7 1 12 2 1 4 8 5 11 6 10 7 12 9 4 10 12 11 1 12 11 13 13 14 3 15 2 16 7 3 12 8 2 18 12 19 13 20 18 21 14 22 12 23 9 24 11 25 17 26 5 27 7 28 2 29 11 31 2 32 8 33 15 34 6 35 9 36 15 37 19 38 4 39 18 40 19 41 6 43 12 44 17 45 5 46 16 47 8 48 7 49 4 50 17 51 7 52 17 53 11 54 3 55 2 56 10 58 3 59 20 60 18 61 3 62 1 63 17 64 9 65 11 67 7 68 8 69 12 70 16 71 18 30 4 42 20 57 9 66 19 72 20
18 0 18 2 11 3 1 4 8 5 6 6 19 7 8 8 9 9 17 10 8 11 14 12 4 13 18 14 10 15 3 16 9 17 12 1 8 19 2 21 9 22 1 23 5 24 6 25 4 26 9 27 17 29 19 30 11 31 4 32 20 33 2 34 15 35 13 36 9 37 10 38 12 39 8 41 6 43 6 44 9 45 4 46 5 47 20 48 15 49 5 50 19 51 11 52 13 54 13 55 6 56 6 57 10 58 1 59 6 60 6 61 16 64 19 65 12 66 17 67 8 69 10 70 5 71 6 72 5 20 11 28 4 40 4 42 10 53 7 62 10 63 12 68 2
19 0 10 1 16 2 2 3 18 4 18 5 15 6 2 7 3 8 3 9 20 10 12 11 17 12 20 13 8 15 10 16 20 17 13 18 2 14 3 20 7 21 10 22 15 24 6 25 1 26 3 27 8 28 14 30 11 31 3 32 16 33 7 34 15 35 20 36 20 37 18 38 12 39 18 40 12 41 11 43 2 44 20 45 4 47 6 48 15 49 16 50 2 51 18 52 8 53 8 54 9 55 19 57 6 58 10 59 12 60 18 62 17 63 5 64 9 65 15 66 1 67 8 68 11 69 8 70 12 71 15 72 17 23 8 29 5 42 18 46 13 56 8 61 6
20 0 8 2 11 4 5 5 12 6 2 7 12 8 13 10 5 11 18 12 16 13 18 14 16 15 19 17 18 19 7 3 2 9 11 16 6 18 11 22 7 23 15 24 3 25 13 26 13 28 19 29 17 30 3 32 11 34 5 35 17 36 8 37 12 38 7 39 19 40 9 41 20 42 13 43 2 44 8 45 4 46 4 47 18 48 5 49 19 50 4 51 11 52 1 53 20 54 14 55 7 56 5 57 2 59 3 61 12 62 15 63 10 64 13 66 16 67 2 68 17 72 15 21 3 27 1 31 14 33 20 58 13 60 7 65 12 69 11 71 18
21 0 8 1 14 2 8 3 3 4 7 5 16 6 6 7 17 8 19 9 2 10 11 13 10 14 19 15 1 17 14 18 9 19 10 11 17 20 3 22 16 23 9 24 10 25 6 26 11 27 16 28 12 29 18 30 6 32 15 33 5 34 17 35 12 36 5 37 14 38 13 39 16 40 16 41 18 42 7 43 16 45 11 46 18 47 5 48 2 49 1 50 20 51 3 52 5 54 19 56 5 57 15 58 14 61 4 62 7 63 13 64 13 65 1 66 9 67 17 68 15 69 7 70 13 71 16 72 10 31 14 44 3 53 1 55 10 59 5 60 17
22 0 15 1 10 2 10 3 4 4 14 5 6 6 16 7 18 8 2 10 13 11 7 12 5 13 7 15 4 16 13 17 12 18 1 19 15 20 7 21 16 14 20 23 10 25 18 26 12 27 11 28 18 29 17 30 17 31 14 32 10 34 16 35 17 36 7 37 1 38 3 39 10 40 18 41 7 42 1 43 11 44 4 45 7 46 4 47 15 48 19 49 15 50 5 51 12 52 4 53 3 55 12 56 1 57 6 58 10 59 12 60 18 61 18 62 1 63 1 64 16 65 18 66 11 67 4 68 6 69 18 70 11 71 10 72 9 24 7 33 7 54 2
23 0 5 1 2 2 6 4 18 5 13 6 11 7 14 8 15 9 6 10 19 11 14 12 15 13 6 14 6 17 9 18 5 20 15 21 9 22 10 15 10 16 9 19 8 24 10 25 16 26 12 27 2 28 3 29 7 30 15 31 3 33 1 34 3 35 6 37 4 38 8 39 18 40 15 42 6 43 13 44 1 45 9 46 12 48 17 49 18 50 10 51 9 52 3 53 18 54 16 55 18 57 11 58 5 59 8 60 8 61 12 62 3 63 6 64 15 65 13 66 17 67 11 68 16 70 20 71 16 72 5 32 16 36 17 41 17
24 0 8 1 9 2 10 3 20 4 2 6 16 7 9 8 8 9 6 10 3 11 7 12 6 13 10 14 12 15 16 16 20 17 11 18 6 19 6 20 3 21 10 23 10 5 1 22 7 25 8 26 8 27 10 28 10 30 1 31 19 33 5 34 14 35 6 36 20 37 8 38 6 40 13 41 20 42 7 43 5 45 9 46 5 47 18 48 18 49 18 50 15 51 16 52 18 53 12 55 6 56 4 57 15 58 3 60 5 62 20 63 1 64 2 66 16 68 14 69 14 70 18 71 10 72 2 29 11 39 1 44 2 54 6 61 10 65 1 67 5
25 0 12 1 17 2 9 3 2 4 9 5 17 6 4 7 12 8 16 9 17 10 15 11 20 12 13 14 15 15 10 16 11 17 17 18 4 19 1 20 13 21 6 22 18 23 16 24 8 13 6 27 14 28 16 29 5 30 15 31 11 32 11 33 1 34 11 35 20 36 4 37 2 38 20 39 7 41 15 42 6 43 2 44 8 45 8 47 18 48 20 49 11 50 3 51 16 52 3 53 3 54 6 55 13 56 13 57 1 58 17 59 20 60 3 61 1 62 20 63 10 64 9 65 11 66 3 67 20 68 12 69 1 71 4 72 9 40 16 46 6 70 17
26 0 8 1 20 2 20 3 14 4 1 5 8 6 8 8 17 9 2 10 19 11 16 12 17 14 18 15 17 16 10 17 5 18 9 19 3 20 13 21 11 22 12 23 12 24 8 7 18 13 13 27 8 28 5 29 6 30 6 32 1 33 19 34 12 36 4 37 19 38 6 39 19 40 14 41 9 42 11 43 6 44 19 45 3 46 4 47 12 48 14 50 8 51 6 52 5 53 13 54 8 56 3 59 20 60 1 61 19 62 6 63 1 65 17 66 8 67 14 68 1 69 7 70 12 71 4 72 5 31 10 35 17 49 4 55 19 57 16 58 17 64 18
27 1 15 2 14 4 11 5 17 6 16 7 7 8 8 9 20 11 11 12 18 13 9 15 13 16 16 17 7 18 17 19 8 21 16 22 11 23 2 24 10 25 14 26 8 0 13 10 7 14 11 20 1 29 4 30 17 31 18 32 14 35 3 36 3 37 16 38 20 39 11 41 10 42 18 43 19 44 17 45 17 46 3 47 14 48 2 49 2 50 14 51 7 52 4 53 15 55 13 56 1 57 10 58 7 59 15 60 4 61 4 62 8 64 5 65 16 66 18 67 18 69 7 70 17 71 8 72 12 33 4 34 14 40 7 54 3 63 4 68 12
28 0 8 1 1 2 10 3 6 5 8 6 14 7 2 8 16 9 3 10 20 11 15 12 14 13 20 14 11 16 9 17 2 19 14 20 19 21 12 22 18 23 3 24 10 25 16 26 5 4 16 15 15 18 4 29 16 30 1 31 1 32 1 34 4 35 2 36 9 37 16 38 15 39 8 40 19 41 3 42 3 43 1 44 2 45 7 46 7 47 3 48 2 50 12 51 15 52 19 53 13 55 11 56 12 57 6 58 15 59 15 60 1 61 16 62 13 63 1 64 4 65 6 66 7 67 19 68 3 69 18 71 5 72 2 33 14 49 11 54 19 70 8
29 1 19 2 3 3 6 4 13 5 13 6 4 7 3 8 20 9 18 10 12 11 2 12 10 13 20 14 8 15 2 16 16 17 11 18 19 20 17 21 18 22 17 23 7 25 5 26 6 27 4 28 16 0 5 19 5 24 11 30 7 31 20 32 17 33 7 35 2 36 20 37 11 38 8 39 2 40 3 41 6 42 15 43 15 44 6 45 6 46 18 47 9 48 4 49 1 50 17 51 17 52 2 53 16 54 16 55 20 56 16 57 6 58 3 59 4 60 14 62 10 63 6 64 1 65 13 66 4 67 4 68 11 69 15 70 10 71 15 72 10 61 2
30 1 11 2 6 3 4 4 5 5 9 6 8 7 19 8 5 9 11 10 6 11 20 12 17 13 8 15 3 16 7 18 11 19 11 20 3 21 6 22 17 23 15 24 1 25 15 26 6 27 17 28 1 29 7 0 2 14 14 17 4 32 13 33 10 34 2 35 6 36 4 37 9 38 3 39 3 40 16 41 3 42 1 43 3 45 9 46 8 47 6 48 14 49 19 51 16 52 17 54 7 56 18 57 18 58 13 59 7 60 6 61 2 62 8 63 5 64 11 65 6 66 10 67 2 68 3 70 8 71 12 72 14 31 5 50 20 55 16 69 4
31 0 16 2 3 3 18 4 16 5 5 7 2 8 17 10 3 11 11 12 8 14 14 15 4 16 20 17 2 18 4 19 3 22 14 23 3 24 19 25 11 27 18 28 1 29 20 1 19 6 4 9 17 13 7 20 14 21 14 26 10 30 5 32 11 33 18 34 13 35 1 37 17 38 11 39 4 40 17 41 13 42 10 43 15 44 3 45 11 46 13 47 17 49 13 50 7 51 10 52 3 53 15 54 10 55 8 56 7 57 20 58 7 60 11 61 4 63 7 64 18 65 18 66 1 67 6 68 16 70 19 71 19 72 11 36 6 48 11 62 19 69 11
32 0 20 1 6 2 7 3 13 4 7 5 8 6 20 7 18 8 19 9 18 10 11 11 2 12 10 13 11 15 3 16 7 17 8 18 20 19 16 20 11 21 15 22 10 25 11 26 1 27 14 28 1 29 17 30 13 31 11 14 13 23 16 33 1 34 16 35 2 36 19 37 1 39 5 40 3 41 2 42 2 43 2 44 12 45 19 46 10 47 6 48 6 49 6 51 6 52 3 53 8 54 12 55 17 56 15 57 7 58 6 59 18 60 18 62 6 63 5 64 1 65 1 66 19 67 2 68 5 69 13 70 11 71 8 72 15 38 18 50 1 61 18
33 0 18 1 11 2 4 3 13 4 3 5 10 6 1 7 12 8 8 10 16 11 6 12 7 13 7 14 11 15 2 16 14 17 15 18 2 19 7 21 5 23 1 24 5 25 1 26 19 29 7 30 10 31 18 32 1 9 18 20 20 22 7 27 4 28 14 34 6 35 9 36 9 37 10 38 3 39 4 40 1 41 1 42 17 43 5 44 20 45 14 46 4 47 3 48 9 49 6 50 6 51 4 52 4 53 14 54 4 55 13 56 8 57 7 58 15 59 12 60 19 61 4 62 13 63 16 65 11 66 15 67 19 68 12 69 19 70 3 71 12 72 5
34 0 19 1 4 2 15 3 14 4 3 5 1 7 5 8 17 10 9 11 19 12 8 14 9 15 3 16 6 17 6 18 15 19 15 20 5 21 17 22 16 23 3 24 14 25 11 26 12 28 4 30 2 31 13 32 16 33 6 6 1 9 20 13 20 27 14 35 14 36 9 37 6 38 3 39 2 40 3 41 4 42 13 43 3 44 6 45 14 46 7 47 13 48 14 49 2 51 2 52 9 53 15 54 1 56 16 57 12 58 12 59 15 61 2 62 3 63 9 65 2 66 11 67 18 68 18 69 9 70 6 72 18 50 19 55 3 60 20 64 7 71 8
35 0 6 1 18 2 3 3 16 4 4 5 10 6 8 7 18 8 19 9 15 10 20 11 5 12 10 14 16 15 2 16 18 17 9 18 13 19 20 20 17 21 12 22 17 23 6 24 6 25 20 27 3 28 2 29 2 30 6 31 1 32 2 33 9 34 14 13 5 26 17 36 10 37 5 38 16 39 4 41 9 42 1 43 20 44 10 45 6 46 18 47 19 48 1 49 11 50 3 51 4 53 16 54 5 55 2 56 14 58 15 59 5 60 9 61 13 62 18 63 8 64 1 65 6 67 6 68 6 69 1 70 15 71 3 72 2 40 20 52 3 57 9 66 5
36 0 6 1 20 2 2 3 6 4 1 5 9 6 10 7 11 8 1 9 14 10 7 12 7 15 12 16 19 17 15 18 9 19 20 20 8 21 5 22 7 24 20 25 4 26 4 27 3 28 9 29 20 30 4 32 19 33 9 34 9 35 10 11 1 13 5 14 10 23 17 31 6 37 16 38 10 41 12 42 14 43 20 45 16 46 2 48 1 49 3 50 17 51 10 52 8 54 3 55 7 56 14 57 8 58 15 59 3 60 18 61 19 62 5 63 15 64 15 65 16 67 7 68 12 69 17 71 6 72 12 39 17 40 7 44 20 47 3 53 6 66 18 70 11
37 0 13 1 12 2 14 3 4 4 19 6 11 7 16 8 2 9 6 10 20 11 17 12 12 13 3 14 17 15 5 17 19 18 10 19 18 20 12 21 14 22 1 23 4 24 8 25 2 26 19 27 16 28 16 29 11 30 9 31 17 32 1 33 10 34 6 35 5 36 16 5 15 16 5 38 20 39 2 40 15 41 13 42 14 43 16 44 7 45 15 46 15 47 3 48 20 49 11 50 6 51 9 52 3 53 8 54 18 55 4 56 7 57 18 58 2 59 3 61 6 62 16 65 1 66 2 67 2 68 10 69 20 70 19 71 9 72 14 60 2 63 1 64 1
38 0 14 2 9 3 13 4 17 5 1 6 11 7 3 8 13 9 13 10 14 12 13 14 17 15 20 16 8 17 4 18 12 19 12 20 7 21 13 22 3 23 8 24 6 25 20 26 6 27 20 28 15 29 8 30 3 31 11 33 3 34 3 35 16 36 10 37 20 11 12 13 17 32 18 40 13 41 16 42 3 43 1 44 3 45 14 46 8 47 1 48 16 49 10 50 15 51 8 53 9 54 19 55 3 56 2 57 8 58 3 59 6 60 3 61 8 62 15 63 9 64 3 65 3 66 2 67 8 68 1 69 5 70 2 71 8 72 10 39 20 52 2
39 0 10 1 10 2 6 3 14 7 9 8 2 10 19 11 16 12 7 14 10 15 3 16 5 17 18 18 8 19 18 20 19 21 16 22 10 23 18 25 7 26 19 27 11 28 8 29 2 30 3 31 4 32 5 33 4 34 2 35 4 37 2 4 17 5 17 6 17 13 10 24 1 36 17 38 20 40 9 41 9 42 9 43 2 44 19 45 9 46 7 47 10 48 19 49 11 51 11 52 17 53 16 54 16 55 11 56 15 58 11 59 13 60 13 61 20 62 5 64 10 65 6 66 14 67 1 68 19 69 5 70 4 71 4 72 9 50 14 57 3 63 14
40 0 2 1 14 2 10 3 4 4 3 5 20 6 14 7 10 8 10 9 8 10 16 11 3 12 10 13 8 14 2 15 11 16 3 17 19 19 12 20 9 21 16 22 18 23 15 24 13 26 14 28 19 29 3 30 16 31 17 32 3 33 1 34 3 37 15 38 13 39 9 18 4 25 16 27 7 35 20 36 7 41 9 42 20 43 18 44 9 45 15 46 13 48 13 49 8 50 15 51 17 54 18 55 12 56 18 57 9 58 15 59 19 61 4 62 14 63 14 64 5 65 14 67 16 68 12 69 19 71 17 72 17 47 18 66 12 70 15
41 0 14 1 17 2 6 3 19 4 6 6 8 7 12 8 1 9 5 11 17 12 13 13 10 14 9 15 2 16 13 17 6 18 6 19 11 20 20 21 18 22 7 24 20 25 15 26 9 27 10 28 3 29 6 30 3 31 13 32 2 33 1 34 4 35 9 36 12 37 13 38 16 39 9 40 9 5 11 10 12 23 17 42 5 43 14 44 6 45 10 46 9 47 6 48 11 49 11 50 12 51 3 52 17 53 17 54 9 55 2 56 4 57 3 58 13 61 16 62 10 63 7 64 16 65 17 66 15 67 18 68 1 69 14 70 1 71 13 72 9 59 5 60 11
42 0 6 1 1 2 5 3 10 5 10 6 4 7 1 8 6 9 15 10 4 11 7 12 10 13 10 14 16 15 10 16 3 20 13 21 7 22 1 23 6 24 7 25 6 26 11 27 18 28 3 29 15 30 1 31 10 32 2 33 17 34 13 35 1 36 14 37 14 38 3 39 9 40 20 41 5 4 9 17 20 18 10 19 18 43 18 44 4 46 10 47 16 48 3 49 4 50 1 51 20 52 4 53 9 54 16 55 14 56 13 57 6 58 19 59 2 60 16 61 9 62 1 63 14 65 6 66 15 67 13 68 10 69 7 70 11 71 3 72 16 45 8 64 13
43 0 10 2 11 4 7 5 7 6 10 7 10 8 13 9 4 10 3 11 1 12 16 14 15 15 17 16 10 17 12 18 6 19 2 20 2 21 16 22 11 23 13 24 5 25 2 26 6 27 19 28 1 29 15 30 3 31 15 32 2 33 5 34 3 35 20 36 20 37 16 38 1 39 2 40 18 41 14 42 18 1 2 3 13 13 5 44 1 46 8 47 10 48 10 49 19 50 8 52 20 53 15 54 6 55 15 56 20 57 10 58 11 59 7 60 17 61 5 62 2 63 20 64 14 66 13 67 8 68 7 69 12 70 7 72 14 45 14 51 13 65 7 71 1
44 0 9 1 20 3 6 4 3 5 6 7 9 8 8 10 13 11 3 13 4 14 3 15 19 16 9 17 17 18 9 19 20 20 8 22 4 23 1 25 8 26 19 27 17 28 2 29 6 31 3 32 12 33 20 34 6 35 10 37 7 38 3 39 19 40 9 41 6 42 4 43 1 2 1 6 12 9 1 12 18 21 3 24 2 36 20 45 1 46 18 48 16 49 5 50 19 51 14 52 18 53 1 54 4 55 17 57 14 58 16 59 13 60 13 61 6 62 14 63 2 64 11 65 7 67 8 68 10 69 12 70 10 71 18 72 5 47 11 56 9 66 11
45 0 18 1 14 2 2 3 2 4 12 5 20 6 18 7 8 8 16 9 6 10 11 11 6 12 4 13 12 14 20 15 12 16 11 17 5 18 4 19 4 20 4 21 11 22 7 23 9 24 9 25 8 26 3 27 17 28 7 29 6 30 9 31 11 32 19 33 14 34 14 35 6 36 16 37 15 38 14 39 9 40 15 41 10 44 1 42 8 43 14 46 11 47 10 48 18 49 17 50 14 51 19 52 4 53 4 54 9 55 17 56 14 57 3 58 15 59 20 60 8 61 20 62 13 63 11 64 4 65 1 66 18 67 8 68 4 69 12 70 18 71 9 72 3
46 0 7 1 14 4 17 6 18 7 12 8 16 9 14 10 13 11 12 12 3 13 9 14 3 15 4 16 19 17 16 18 5 20 4 21 18 22 4 23 12 24 5 26 4 27 3 28 7 29 18 30 8 31 13 32 10 33 4 34 7 35 18 36 2 37 15 38 8 39 7 40 13 41 9 42 10 43 8 44 18 45 11 2 4 3 6 19 13 25 6 47 1 48 14 49 18 50 16 52 9 53 9 54 19 55 16 56 13 57 7 58 8 59 5 60 7 61 15 62 18 63 3 64 6 65 10 66 8 67 3 69 10 70 17 71 5 72 11 51 16 68 9
47 0 16 1 1 2 12 3 15 4 1 5 12 6 19 7 13 8 7 9 11 10 15 12 10 13 9 14 14 15 5 16 2 17 8 18 20 19 6 20 18 21 5 22 15 24 18 25 18 26 12 27 14 28 3 29 9 30 6 31 17 32 6 33 3 34 13 35 19 37 3 38 1 39 10 41 6 42 16 43 10 45 10 46 1 36 3 40 18 44 11 48 17 49 6 50 9 51 10 52 13 53 16 54 2 55 5 57 9 58 8 59 20 60 1 61 13 62 18 63 18 64 1 66 15 67 8 69 14 70 17 71 18 72 10 56 7 65 17 68 19
48 0 17 1 18 2 13 6 1 7 11 8 16 9 6 10 2 11 10 12 19 14 8 15 20 16 3 17 7 18 15 19 15 20 5 21 2 22 19 23 17 24 18 25 20 26 14 27 2 28 2 29 4 30 14 32 6 33 9 34 14 35 1 36 1 37 20 38 16 39 19 40 13 41 11 42 3 43 10 44 16 45 18 46 14 47 17 3 20 4 8 5 14 13 14 31 11 49 16 50 6 51 13 52 6 53 19 54 10 55 6 56 19 57 7 58 5 60 15 61 4 62 15 63 4 64 7 65 10 68 16 69 17 70 10 71 17 72 2 59 1 66 6 67 13
49 0 8 2 16 3 16 4 20 5 10 6 5 7 4 8 13 9 8 10 20 11 20 12 15 13 17 14 12 15 13 16 5 17 4 18 5 19 16 20 19 21 1 22 15 23 18 24 18 25 11 27 2 29 1 30 19 31 13 32 6 33 6 34 2 35 11 36 3 37 11 38 10 39 11 40 8 41 11 42 4 43 19 44 5 45 17 46 18 47 6 48 16 1 3 26 4 28 11 50 3 51 1 52 15 55 13 56 7 57 7 58 7 59 9 60 9 61 9 62 16 63 6 64 12 65 2 66 10 67 10 68 5 69 4 70 3 71 13 72 18 53 8 54 19
50 0 1 1 8 2 3 3 4 4 7 5 13 6 12 7 14 8 16 9 7 10 15 11 9 12 14 13 11 14 10 16 14 17 17 18 19 19 2 20 4 21 20 22 5 23 10 24 15 25 3 26 8 27 14 28 12 29 17 31 7 33 6 35 3 36 17 37 6 38 15 40 15 41 12 42 1 43 8 44 19 45 14 46 16 47 9 48 6 49 3 15 3 30 20 32 1 34 19 39 14 52 11 53 2 54 20 55 7 56 8 57 5 58 7 59 17 60 7 61 5 62 20 63 1 64 11 65 7 66 11 67 7 68 3 69 2 70 5 71 18 72 20 51 2
51 0 9 1 4 2 15 3 9 4 19 5 14 6 13 7 5 8 2 9 17 11 2 12 5 13 8 15 2 16 19 17 7 18 11 19 18 20 11 21 3 22 12 23 9 24 16 25 16 26 6 27 7 28 15 29 17 30 16 31 10 32 6 33 4 34 2 35 4 36 10 37 9 38 8 39 11 40 17 41 3 42 20 44 14 45 19 47 10 48 13 49 1 10 16 14 20 43 13 46 16 50 2 52 10 53 17 54 1 55 19 56 4 57 17 58 14 59 1 60 11 61 19 62 7 63 9 64 12 65 11 66 1 67 16 68 1 69 14 70 20 71 20 72 18
52 0 13 1 17 2 15 3 18 5 10 6 18 7 2 8 15 9 13 10 16 11 18 12 8 13 10 14 1 15 15 16 1 17 17 18 13 19 8 20 1 21 5 22 4 23 3 24 18 25 3 26 5 27 4 28 19 29 2 30 17 31 3 32 3 33 4 34 9 36 8 37 3 39 17 41 17 42 4 43 20 44 18 45 4 46 9 47 13 48 6 49 15 50 11 51 10 4 18 35 3 38 2 53 13 54 7 55 9 56 16 57 8 58 4 59 11 60 3 61 15 62 9 63 13 64 17 65 10 66 2 67 19 69 7 70 7 71 11 72 1 68 2
53 0 9 1 2 2 8 3 19 4 17 5 3 6 15 7 16 9 20 10 1 11 20 12 8 13 20 15 4 16 2 17 11 19 8 20 20 22 3 23 18 24 12 25 3 26 13 27 15 28 13 29 16 31 15 32 8 33 14 34 15 35 16 37 8 38 9 39 16 41 17 42 9 43 15 44 1 45 4 46 9 47 16 48 19 50 2 51 17 52 13 8 16 18 7 21 1 36 6 49 8 54 3 55 8 56 12 58 1 59 4 60 2 61 10 62 10 63 9 64 5 65 9 66 10 67 7 69 6 70 9 71 13 72 20 57 19 68 12
54 0 8 1 10 2 15 3 2 4 19 6 7 7 1 8 20 9 6 11 8 12 2 14 12 15 18 17 3 18 13 19 9 20 14 21 19 23 16 25 6 26 8 29 16 30 7 31 10 32 12 33 4 34 1 35 5 36 3 37 18 38 19 39 16 40 18 41 9 42 16 43 6 44 4 45 9 46 19 47 2 48 10 50 20 51 1 52 7 53 3 5 14 10 16 13 19 16 3 22 2 24 6 27 3 28 19 49 19 55 18 56 18 57 3 58 7 59 5 60 17 61 6 63 12 64 2 65 4 66 8 67 1 68 15 69 20 70 8 71 15 72 20
55 0 5 1 19 2 1 3 20 4 9 5 9 6 20 7 10 8 18 9 13 10 14 11 1 12 15 13 2 14 1 15 2 16 6 17 2 18 6 19 19 20 7 22 12 23 18 24 6 25 13 27 13 28 11 29 20 31 8 32 17 33 13 35 2 36 7 37 4 38 3 39 11 40 12 41 2 42 14 43 15 44 17 45 17 46 16 47 5 48 6 49 13 50 7 51 19 52 9 53 8 54 18 21 10 26 19 30 16 34 3 56 14 57 4 58 12 59 18 60 16 61 10 62 14 63 2 64 15 65 11 66 8 67 6 68 7 69 3 70 2 71 20 72 16
56 0 7 1 3 2 17 3 14 4 11 5 19 6 2 8 15 9 15 10 18 11 12 12 5 13 5 14 9 15 3 16 1 17 10 18 6 20 5 21 5 22 1 24 4 25 13 26 3 27 1 28 12 29 16 30 18 31 7 32 15 33 8 34 16 35 14 36 14 37 7 38 2 39 15 40 18 41 4 42 13 43 20 45 14 46 13 48 19 49 7 50 8 51 4 52 16 53 12 54 18 55 14 7 7 19 8 44 9 47 7 57 7 58 16 59 10 60 2 61 18 62 5 63 4 65 17 66 7 67 11 69 15 71 7 72 8 64 6 68 20 70 7
57 1 3 2 18 3 16 4 4 5 2 6 17 7 3 8 19 9 20 10 3 12 10 13 7 15 4 16 5 18 10 19 6 20 2 21 15 22 6 23 11 24 15 25 1 27 10 28 6 29 6 30 18 31 20 32 7 33 7 34 12 36 8 37 18 38 8 40 9 41 3 42 6 43 10 44 14 45 3 46 7 47 9 48 7 49 7 50 5 51 17 52 8 54 3 55 4 56 7 0 19 11 1 14 15 17 9 26 16 35 9 39 3 53 19 58 15 59 6 60 8 62 18 63 9 64 18 65 4 66 12 67 3 68 2 69 9 70 3 71 18 72 17 61 7
58 0 2 1 18 2 11 3 13 4 1 5 9 6 18 7 17 8 11 9 4 11 13 12 15 13 7 15 15 16 11 17 3 18 1 19 10 21 14 22 10 23 5 24 3 25 17 27 7 28 15 29 3 30 13 31 7 32 6 33 15 34 12 35 15 36 15 37 2 38 3 39 11 40 15 41 13 42 19 43 11 44 16 45 15 46 8 47 8 48 5 49 7 50 7 51 14 52 4 53 1 54 7 55 12 56 16 57 15 14 19 20 13 26 17 59 2 60 15 61 20 62 7 63 11 64 18 65 13 66 15 68 8 69 9 70 6 71 9 72 4 67 15
59 0 14 1 19 2 7 3 5 4 3 5 3 6 18 7 11 8 3 9 9 10 10 11 9 12 4 15 3 16 5 17 20 18 6 19 12 20 3 22 12 23 8 25 20 26 20 27 15 28 15 29 4 30 7 32 18 33 12 34 15 35 5 36 3 37 3 38 6 39 13 40 19 42 2 43 7 44 13 45 20 46 5 47 20 49 9 50 17 51 1 52 11 53 4 54 5 55 18 56 10 57 6 58 2 13 9 14 17 21 5 41 5 48 1 60 5 61 3 63 5 64 20 65 7 67 1 68 13 69 4 72 10 62 18 66 20 70 15 71 15
60 1 3 2 1 4 16 5 19 6 19 7 20 8 5 9 9 11 5 12 17 13 18 14 12 15 12 17 18 18 6 19 18 22 18 23 8 24 5 25 3 26 1 27 4 28 1 29 14 30 6 31 11 32 18 33 19 35 9 36 18 38 3 39 13 42 16 43 17 44 13 45 8 46 7 47 1 48 15 49 9 50 7 51 11 52 3 53 2 54 17 55 16 56 2 57 8 58 15 59 5 0 18 3 16 16 18 20 7 21 17 34 20 37 2 41 11 61 19 62 4 63 13 64 3 65 4 66 13 67 2 68 15 69 8 70 16 71 2 72 7
61 0 17 1 19 2 19 3 1 4 20 5 13 6 13 7 2 8 5 9 10 10 3 11 8 12 2 13 7 15 4 16 2 17 3 18 16 20 12 21 4 22 18 23 12 25 1 26 19 27 4 28 16 30 2 31 4 33 4 34 2 35 13 36 19 37 6 38 8 39 20 40 4 41 16 42 9 43 5 44 6 45 20 46 15 47 13 48 4 49 9 50 5 51 19 52 15 53 10 54 6 55 10 56 18 58 20 59 3 60 19 14 16 19 6 24 10 29 2 32 18 57 7 64 10 65 17 66 13 67 12 68 13 69 4 70 16 71 7 72 17 62 7 63 3
62 0 14 1 18 2 14 3 1 4 17 5 14 6 8 7 12 8 9 9 11 10 17 11 5 12 12 13 20 14 1 15 12 16 10 17 1 19 17 20 15 21 7 22 1 23 3 24 20 25 20 26 6 27 8 28 13 29 10 30 8 32 6 33 13 34 3 35 18 36 5 37 16 38 15 39 5 40 14 41 10 42 1 43 2 44 14 45 13 46 18 47 18 48 15 49 16 50 20 51 7 52 9 53 10 55 14 56 5 57 18 58 7 60 4 18 10 31 19 59 18 61 7 63 15 64 13 65 5 67 9 68 11 69 4 70 10 71 19 66 10 72 8
63 0 3 1 8 3 9 4 18 5 5 6 18 7 8 8 6 9 13 10 2 11 4 12 9 13 17 14 17 15 11 16 6 17 17 19 5 20 10 21 13 22 1 23 6 24 1 25 10 26 1 28 1 29 6 30 5 31 7 32 5 33 16 34 9 35 8 36 15 38 9 40 14 41 7 42 14 43 20 44 2 45 11 46 3 47 18 48 4 49 6 50 1 51 9 52 13 53 9 54 12 55 2 56 4 57 9 58 11 59 5 60 13 62 15 2 15 18 12 27 4 37 1 39 14 61 3 64 1 65 6 66 7 67 1 69 12 70 19 72 20 68 11 71 20
64 1 1 2 20 4 14 5 6 6 15 7 13 8 5 9 7 10 4 11 4 12 10 13 2 14 9 15 12 16 19 17 9 18 19 19 9 20 13 21 13 22 16 23 15 24 2 25 9 27 5 28 4 29 1 30 11 31 18 32 1 35 1 36 15 38 3 39 10 40 5 41 16 43 14 44 11 45 4 46 6 47 1 48 7 49 12 50 11 51 12 52 17 53 5 54 2 55 15 57 18 58 18 59 20 60 3 61 10 62 13 63 1 0 5 3 11 26 18 34 7 37 1 42 13 56 6 65 17 66 19 68 11 69 16 70 5 71 3 72 17 67 14
65 0 19 1 10 2 17 3 19 4 16 5 3 6 1 7 18 8 13 9 4 10 6 11 17 12 13 13 9 14 18 15 10 16 15 17 11 18 12 19 15 21 1 22 18 23 13 25 11 26 17 27 16 28 6 29 13 30 6 31 18 32 1 33 11 34 2 35 6 36 16 37 1 38 3 39 6 40 14 41 17 42 6 44 7 45 1 46 10 48 10 49 2 50 7 51 11 52 10 53 9 54 4 55 11 56 17 57 4 58 13 59 7 60 4 61 17 62 5 63 6 64 17 20 12 24 1 43 7 47 17 66 18 67 8 68 18 69 8 70 8 71 13 72 6
66 1 7 3 1 4 13 5 1 6 15 8 9 9 9 10 20 11 15 12 8 13 15 15 18 16 13 18 17 19 1 20 16 21 9 22 11 23 17 24 16 25 3 26 8 27 18 28 7 29 4 30 10 31 1 32 19 33 15 34 11 37 2 38 2 39 14 41 15 42 15 43 13 45 18 46 8 47 15 49 10 50 11 51 1 52 2 53 10 54 8 55 8 56 7 57 12 58 15 60 13 61 13 63 7 64 19 65 18 0 14 7 5 14 13 17 19 35 5 36 18 40 12 44 11 48 6 59 20 62 10 68 8 69 16 70 5 71 5 72 20 67 3
67 0 1 1 12 2 7 3 14 4 12 5 18 6 9 7 20 8 4 9 18 10 2 11 1 12 15 13 16 14 16 15 2 16 16 17 7 18 8 19 8 20 2 21 17 22 4 23 11 25 20 26 14 27 18 28 19 29 4 30 2 31 6 32 2 33 19 34 18 35 6 36 7 37 2 38 8 39 1 40 16 41 18 42 13 43 8 44 8 45 8 46 3 47 8 49 10 50 7 51 16 52 19 53 7 54 1 55 6 56 11 57 3 59 1 60 2 61 12 62 9 63 1 65 8 24 5 48 13 58 15 64 14 66 3 68 16 69 3 70 11 71 14 72 1
68 0 3 1 4 2 13 3 14 4 1 5 2 6 16 7 20 8 6 9 9 10 11 12 18 13 2 14 7 15 16 16 6 17 8 19 11 20 17 21 15 22 6 23 16 24 14 25 12 26 1 28 3 29 11 30 3 31 16 32 5 33 12 34 18 35 6 36 12 37 10 38 1 39 19 40 12 41 1 42 10 43 7 44 10 45 4 48 16 49 5 50 3 51 1 54 15 55 7 57 2 58 8 59 13 60 15 61 13 62 11 64 11 65 18 66 8 67 16 11 16 18 2 27 12 46 9 47 19 52 2 53 12 56 20 63 11 69 8 70 17 71 18 72 4
69 0 6 1 18 2 20 3 1 4 3 5 18 6 11 7 8 8 11 9 6 10 20 11 11 12 3 13 11 14 18 15 1 16 19 17 12 18 10 19 8 21 7 22 18 24 14 25 1 26 7 27 7 28 18 29 15 32 13 33 19 34 9 35 1 36 17 37 20 38 5 39 5 40 19 41 14 42 7 43 12 44 12 45 12 46 10 47 14 48 17 49 4 50 2 51 14 52 7 53 6 54 20 55 3 56 15 57 9 58 9 59 4 60 8 61 4 62 4 63 12 64 16 65 8 66 16 67 3 68 8 20 11 30 4 31 11 70 3 71 6 72 15
70 0 14 1 20 2 16 3 7 4 7 5 20 6 8 7 9 8 13 9 11 10 18 11 4 12 4 13 8 14 3 15 8 16 9 17 16 18 5 19 12 21 13 22 11 23 20 24 18 26 12 27 17 29 10 30 8 31 19 32 11 33 3 34 6 35 15 37 19 38 2 39 4 41 1 42 11 43 7 44 10 45 18 46 17 47 17 48 10 49 3 50 5 51 20 52 7 53 9 54 8 55 2 57 3 58 6 60 16 61 16 62 10 63 19 64 5 65 8 66 5 67 11 68 17 69 3 25 17 28 8 36 11 40 15 56 7 59 15 71 13 72 4
71 0 18 1 3 2 17 3 15 4 20 5 12 6 9 7 18 8 6 9 10 10 15 11 4 12 9 13 3 14 19 15 17 16 15 17 18 18 6 19 15 21 16 22 10 23 16 24 10 25 4 26 4 27 8 28 5 29 15 30 12 31 19 32 8 33 12 35 3 36 6 37 9 38 8 39 4 40 17 41 13 42 3 44 18 45 9 46 5 47 18 48 17 49 13 50 18 51 20 52 11 53 13 54 15 55 20 56 7 57 18 58 9 60 2 61 7 62 19 64 3 65 13 66 5 67 14 68 18 69 6 70 13 20 18 34 8 43 1 59 15 63 20 72 12
72 0 20 2 19 3 6 4 4 5 2 6 3 7 16 8 7 9 8 10 15 11 20 12 6 13 20 14 1 16 10 18 5 19 17 20 15 21 10 22 9 23 5 24 2 25 9 26 5 27 12 28 2 29 10 30 14 31 11 32 15 33 5 34 18 35 2 36 12 37 14 38 10 39 9 40 17 41 9 42 16 43 14 44 5 45 3 46 11 47 10 48 2 49 18 50 20 51 18 52 1 53 20 54 20 55 16 56 8 57 17 58 4 59 10 60 7 61 17 63 20 64 17 66 20 67 1 68 4 69 15 70 4 71 12 1 4 15 20 17 20 62 8 65 6
