81
0 1 2 2 1 3 19 4 14 5 18 6 14 7 6 8 14 10 17 11 11 12 19 13 10 15 16 16 1 17 8 18 2 19 4 20 7 21 10 22 17 23 16 24 5 26 20 27 14 28 8 29 4 31 13 32 9 33 14 34 13 35 5 36 6 37 14 38 11 40 20 41 11 42 8 43 7 44 16 45 17 46 7 47 14 49 1 50 20 51 17 52 20 53 13 54 4 55 18 56 11 58 19 59 17 60 2 61 7 62 14 63 6 64 15 65 7 67 14 68 10 69 19 70 2 71 9 74 8 75 5 77 13 78 5 80 13 9 9 30 9 48 5 57 6 66 6 72 16 73 17 76 14 79 7
1 0 2 2 18 3 7 4 3 5 10 6 13 7 5 8 15 10 11 11 6 13 17 14 12 15 11 16 2 17 9 18 5 19 7 20 14 21 17 22 18 23 3 24 8 25 3 26 4 27 16 28 11 29 2 30 20 31 12 32 12 33 16 34 2 35 15 36 18 37 10 39 12 40 13 41 11 42 12 43 8 44 13 45 9 47 14 48 18 49 2 50 8 51 20 52 11 53 14 54 8 55 16 56 2 57 7 58 10 59 2 60 4 61 8 62 8 63 15 64 12 65 4 66 12 68 15 69 17 70 17 71 16 73 14 74 17 75 18 76 5 77 18 79 11 80 4 9 5 12 6 38 1 46 9 67 7 72 4 78 2
2 0 1 1 18 3 18 4 9 5 17 6 15 7 15 8 2 9 6 10 5 11 9 12 20 13 10 14 8 15 15 16 13 17 9 18 5 19 14 22 18 24 1 25 15 26 15 27 1 28 18 29 17 30 11 31 16 33 8 34 13 35 3 36 9 37 10 38 15 39 7 40 7 41 7 42 2 43 19 44 15 45 15 46 10 47 2 48 16 49 16 50 12 51 19 52 8 53 15 54 5 55 11 56 1 58 6 59 7 60 14 61 17 62 17 64 19 65 10 66 8 67 20 69 5 70 13 71 7 72 1 73 16 74 11 75 8 76 15 77 2 78 1 79 12 80 15 20 16 21 19 23 16 32 17 57 4 63 14 68 2
3 0 19 1 7 2 18 4 2 5 1 6 17 8 6 9 12 10 6 11 20 12 6 13 7 14 2 15 19 16 1 17 4 18 11 19 8 20 12 21 16 22 5 23 5 24 14 26 9 27 20 28 1 30 19 31 15 32 1 33 9 34 18 35 4 36 3 37 9 38 13 39 10 41 5 42 1 43 13 44 16 45 1 47 1 48 13 49 5 50 11 51 7 52 1 53 3 54 14 55 10 56 14 57 3 59 17 60 19 61 15 62 4 63 2 64 13 65 3 66 4 68 20 69 15 70 19 71 2 72 20 73 4 74 15 75 13 76 16 77 4 78 3 79 20 7 11 25 18 29 20 40 4 46 19 67 3 80 11
4 0 14 1 3 2 9 3 2 5 15 6 3 7 10 8 3 9 19 10 12 11 20 12 20 13 12 14 18 15 5 16 5 17 4 18 17 19 2 20 8 21 4 22 10 23 17 25 15 26 2 27 3 28 1 29 14 30 13 31 9 32 3 33 14 34 7 35 19 36 17 37 17 38 10 39 3 40 12 41 11 42 14 43 18 44 7 45 18 47 17 48 14 49 16 50 4 51 17 52 16 53 16 54 13 55 10 56 2 57 9 58 11 59 7 60 4 61 7 62 16 63 17 64 5 65 16 66 18 69 18 70 5 71 10 72 4 73 19 74 17 77 6 79 1 80 1 24 10 46 15 67 12 68 13 76 2 78 9
5 0 18 1 10 2 17 3 1 4 15 6 13 7 7 10 11 11 7 12 16 14 6 15 10 16 14 17 11 18 8 20 16 21 9 22 14 23 8 24 16 25 17 26 18 27 5 28 19 29 2 30 1 31 19 32 2 33 10 34 4 35 14 36 2 37 4 38 7 39 4 40 3 41 7 42 9 44 3 45 7 46 1 47 2 48 14 49 17 50 6 51 12 52 15 53 1 54 15 55 7 56 13 57 8 59 4 60 13 61 18 62 14 63 14 64 20 65 1 66 5 67 16 68 1 69 17 70 8 71 18 72 8 73 7 74 18 75 19 76 13 77 19 78 1 79 19 80 3 8 2 9 1 13 5 19 3 43 17 58 2
6 0 14 1 13 2 15 3 17 4 3 5 13 7 5 8 5 9 9 10 20 11 7 12 6 13 8 14 18 15 20 17 15 18 8 19 18 20 11 21 16 22 18 23 6 24 5 25 1 26 19 28 10 30 9 31 6 32 1 33 8 34 20 36 12 37 15 38 5 39 8 40 4 41 1 42 6 43 16 45 4 46 17 47 8 48 17 49 12 50 3 51 1 52 5 53 13 55 8 56 1 57 15 58 15 59 11 60 6 61 9 62 19 63 2 64 12 65 20 67 18 68 19 69 5 70 16 71 8 72 12 74 4 75 13 76 14 77 6 78 2 79 10 80 6 16 11 27 6 29 9 35 14 44 19 54 6 66 13 73 18
7 0 6 1 5 2 15 4 10 5 7 6 5 3 11 8 18 9 13 10 9 11 9 12 10 13 3 14 17 15 6 16 20 17 4 18 2 19 10 20 15 21 12 23 3 24 15 25 1 26 3 27 17 29 2 32 4 33 10 34 10 35 10 36 16 37 16 38 2 39 17 40 10 41 17 42 19 43 2 44 19 45 20 46 8 47 13 48 2 49 10 50 13 51 20 53 15 54 14 55 4 56 13 57 11 58 19 59 5 60 4 61 7 62 4 63 14 64 1 65 9 66 12 67 10 68 9 70 14 72 1 73 5 74 18 75 1 76 14 77 17 78 4 79 3 80 15 22 19 28 17 30 1 31 17 52 15 69 3 71 7
8 0 14 1 15 2 2 3 6 4 3 6 5 7 18 5 2 9 6 10 4 11 18 12 2 13 20 14 14 16 18 18 18 19 12 20 8 21 11 22 7 23 14 24 10 25 8 26 19 27 7 28 7 29 18 30 4 31 19 32 11 33 2 34 1 35 6 36 11 38 3 39 11 40 14 41 12 42 3 44 11 45 5 46 3 47 15 48 19 49 20 50 18 51 11 52 5 54 5 55 10 56 18 57 15 58 17 60 20 61 13 62 20 63 5 64 11 65 4 67 20 68 15 69 17 70 6 71 2 72 16 73 17 74 19 75 15 78 8 79 12 80 3 15 7 17 13 37 14 43 12 53 11 59 18 66 11 77 9
9 2 6 3 12 4 19 6 9 7 13 8 6 0 9 1 5 5 1 10 11 11 3 12 14 13 12 14 3 15 2 16 19 17 15 18 11 21 12 22 5 23 1 24 7 25 11 26 4 27 4 29 19 30 11 31 11 32 6 33 5 34 12 35 6 36 1 37 1 40 19 41 15 42 16 43 11 44 7 45 16 46 4 47 10 48 10 50 4 51 7 52 6 54 20 55 16 56 13 58 3 59 13 60 13 61 6 62 4 63 12 64 19 65 17 66 14 67 14 68 15 69 19 70 17 71 7 72 2 73 12 74 18 76 9 77 17 78 8 79 11 80 19 19 3 20 1 28 14 38 17 49 14 53 16 57 5 75 18
10 0 17 1 11 2 5 3 6 4 12 5 11 6 20 7 9 8 4 9 11 12 3 13 1 14 8 15 17 16 14 17 15 18 11 19 2 20 4 21 16 22 14 23 13 25 4 26 15 27 7 28 2 29 17 30 18 31 13 32 7 33 20 34 10 35 6 36 18 37 14 38 18 39 3 40 7 41 6 42 12 44 1 45 7 46 11 47 12 48 19 49 2 51 4 52 3 53 15 54 11 55 1 56 10 57 19 58 18 59 13 62 8 63 10 64 19 65 11 66 11 67 11 68 8 70 16 71 20 72 11 74 12 76 12 77 7 78 3 79 17 80 14 24 2 43 11 50 5 60 13 69 14 73 9 75 10
11 0 11 1 6 2 9 3 20 4 20 5 7 6 7 7 9 8 18 9 3 12 11 13 16 14 13 15 5 16 5 17 17 18 17 19 12 20 6 21 15 22 13 23 7 24 15 25 15 26 12 27 15 28 8 30 16 31 10 32 2 33 4 34 18 35 4 36 17 37 17 38 16 39 14 40 2 41 3 42 20 43 14 44 8 45 14 46 16 47 14 48 15 51 5 52 7 53 13 54 19 55 7 56 5 57 2 58 13 59 3 60 3 61 7 62 9 63 17 64 15 66 12 67 8 68 13 69 15 70 4 71 3 72 10 73 16 74 12 75 20 76 14 77 9 78 6 79 4 80 3 29 8 49 7 50 3 65 14
12 0 19 2 20 3 6 4 20 5 16 6 6 7 10 8 2 9 14 10 3 11 11 1 6 13 10 14 2 15 17 16 3 17 13 18 2 19 15 20 16 21 1 22 12 23 6 24 13 25 3 26 9 27 14 28 16 29 15 30 10 31 2 32 4 33 14 34 1 35 15 36 11 38 14 39 15 40 7 41 6 42 8 43 1 44 1 45 7 46 11 47 15 48 6 49 20 50 3 51 18 53 12 54 15 55 11 56 17 57 9 58 15 59 8 60 3 61 18 62 12 63 6 64 15 65 17 66 16 67 20 68 17 69 1 70 2 71 6 72 1 73 17 74 17 75 10 76 1 77 4 78 20 79 4 80 3 37 11 52 16
13 0 10 1 17 2 10 3 7 4 12 6 8 7 3 8 20 9 12 10 1 11 16 12 10 5 5 14 12 16 20 17 8 18 8 19 7 20 18 21 8 22 18 23 17 24 10 25 5 26 19 27 1 28 6 29 19 30 14 32 14 33 10 34 9 35 2 36 7 37 4 38 17 40 13 41 1 42 5 43 13 44 10 45 10 46 4 47 17 48 18 49 7 50 13 51 3 52 4 54 15 55 12 58 4 59 8 60 20 61 16 63 20 65 10 66 2 67 17 68 8 69 16 70 15 71 10 72 2 73 8 74 1 75 3 76 17 77 10 78 15 79 11 80 6 15 2 31 2 39 6 53 4 56 20 57 11 62 8 64 19
14 1 12 2 8 3 2 4 18 5 6 6 18 7 17 8 14 9 3 10 8 11 13 12 2 13 12 15 11 16 12 17 11 18 19 20 15 21 4 22 3 23 6 24 4 25 18 26 8 27 3 28 18 29 4 31 13 32 3 33 4 34 16 37 1 38 3 39 13 40 7 42 15 44 11 45 10 46 11 47 18 48 5 50 8 51 6 52 14 53 3 54 17 55 8 56 11 57 6 58 7 59 3 60 9 61 16 63 16 64 11 65 5 66 17 68 12 69 8 71 2 72 13 74 14 75 17 76 10 77 5 78 5 79 12 80 12 19 13 30 13 35 11 36 20 41 20 43 16 49 5 62 17 67 19 70 7 73 13
15 0 16 1 11 2 15 3 19 4 5 5 10 6 20 7 6 9 2 10 17 11 5 12 17 14 11 8 7 13 2 16 17 17 11 18 2 20 20 21 5 22 2 23 9 24 11 25 9 26 13 27 14 30 15 31 4 32 16 33 4 35 14 36 16 37 18 38 3 39 17 40 4 41 9 42 1 43 17 45 10 46 12 47 8 48 13 49 9 50 4 51 14 52 7 53 12 54 7 55 16 56 2 57 10 58 20 59 6 60 3 61 9 62 11 63 13 64 10 65 13 66 20 67 15 68 6 69 5 70 10 71 1 72 6 73 15 74 4 75 14 76 5 77 18 78 15 79 12 19 7 28 15 29 5 34 10 80 8
16 0 1 1 2 2 13 3 1 4 5 5 14 7 20 8 18 9 19 10 14 11 5 12 3 13 20 14 12 15 17 6 11 17 10 18 19 19 5 20 10 21 5 22 17 23 8 24 3 25 19 26 6 27 17 28 8 29 9 30 11 33 19 34 3 35 10 36 11 37 11 38 13 39 7 40 13 41 16 42 2 44 3 45 12 47 6 48 2 49 4 50 19 51 10 52 14 53 12 54 16 55 13 56 16 57 11 58 6 60 16 61 11 62 16 63 8 64 6 65 8 66 5 67 15 68 2 69 18 70 3 71 8 72 2 73 4 74 8 75 15 76 15 77 2 78 5 79 4 31 12 32 7 43 12 46 2 59 16 80 14
17 0 8 1 9 2 9 3 4 4 4 5 11 6 15 7 4 9 15 10 15 11 17 12 13 13 8 14 11 15 11 16 10 8 13 20 13 21 10 22 12 24 5 25 15 26 7 27 17 28 10 29 15 30 7 31 3 32 5 33 3 34 18 35 5 36 14 37 17 38 12 39 4 41 9 42 17 43 3 44 19 45 7 46 4 47 1 48 8 49 5 50 18 51 14 52 6 53 5 54 12 55 17 56 12 57 3 58 13 59 8 60 7 62 20 63 5 64 12 65 16 66 18 67 15 68 20 69 10 70 10 71 10 72 12 73 14 74 15 75 13 76 5 77 3 78 4 80 5 18 13 19 13 23 7 40 20 61 4 79 18
18 0 2 1 5 2 5 3 11 4 17 5 8 6 8 7 2 8 18 9 11 10 11 11 17 12 2 13 8 14 19 15 2 16 19 17 13 19 11 20 8 21 19 22 9 23 10 24 20 25 2 26 17 27 8 28 1 29 5 31 15 32 18 33 19 34 2 36 1 37 20 39 15 40 17 41 6 42 5 43 19 44 7 45 13 46 2 47 11 48 10 49 3 51 3 54 5 55 16 56 15 57 8 58 1 59 3 61 6 62 10 63 10 64 10 65 14 66 7 67 2 68 8 69 3 70 11 71 12 72 16 73 7 74 6 75 20 76 2 77 4 78 20 80 9 30 17 35 3 38 3 50 19 52 19 53 11 60 17 79 2
19 0 4 1 7 2 14 3 8 4 2 6 18 7 10 8 12 10 2 11 12 12 15 13 7 16 5 18 11 5 3 9 3 14 13 15 7 17 13 20 18 21 1 22 8 23 6 24 19 25 11 27 11 28 16 30 20 32 7 33 1 34 2 35 3 36 10 37 19 38 15 39 13 40 19 41 12 42 13 43 11 44 9 45 11 46 20 47 4 48 2 49 4 50 7 51 14 52 20 53 20 54 11 55 20 56 2 57 13 58 18 59 17 63 16 64 19 65 15 66 11 68 15 69 10 70 7 71 7 72 1 74 10 75 9 76 16 77 8 79 13 26 17 29 16 31 1 60 1 61 4 62 6 73 20 78 3 80 18
20 0 7 1 14 3 12 4 8 5 16 6 11 7 15 8 8 10 4 11 6 12 16 13 18 14 15 15 20 16 10 17 13 18 8 19 18 2 16 9 1 21 17 22 12 23 4 24 7 25 2 26 16 27 4 28 13 29 1 30 8 31 20 32 5 33 9 34 18 36 4 37 11 38 7 39 15 40 3 42 5 43 20 44 5 45 15 46 9 47 17 48 13 49 18 51 16 52 12 53 7 54 10 56 18 57 9 58 4 59 19 60 10 61 6 63 4 64 3 65 13 66 5 67 9 68 5 69 6 70 20 71 10 72 16 73 16 74 2 75 9 78 5 79 14 80 4 35 17 41 6 50 1 55 2 62 3 76 18 77 1
21 0 10 1 17 3 16 4 4 5 9 6 16 7 12 8 11 9 12 10 16 11 15 12 1 13 8 14 4 15 5 16 5 17 10 18 19 19 1 20 17 2 19 22 17 23 15 24 1 25 16 26 1 27 17 28 15 29 1 31 6 32 6 34 7 35 8 36 17 37 2 38 11 39 7 40 10 41 9 42 1 45 12 46 3 48 18 49 18 50 15 51 7 52 9 53 14 54 2 55 17 56 5 57 17 58 11 59 11 60 10 61 5 62 17 63 2 64 18 65 8 66 10 67 1 68 16 69 1 71 8 72 11 73 17 74 14 75 13 76 9 77 9 78 9 79 7 80 1 33 13 43 20 44 20 47 19 70 17
22 0 17 1 18 2 18 3 5 4 10 5 14 6 18 8 7 9 5 10 14 11 13 12 12 13 18 14 3 15 2 16 17 17 12 18 9 19 8 20 12 21 17 7 19 23 20 24 11 25 14 27 4 28 15 29 2 30 16 32 6 33 6 34 13 35 1 36 15 37 8 38 5 39 14 40 6 41 19 42 13 43 11 45 12 46 13 47 11 48 6 49 18 50 7 51 14 52 7 53 1 54 20 55 3 56 15 57 8 58 20 59 9 60 15 61 14 63 8 64 8 65 1 66 20 67 12 69 13 70 20 71 13 72 12 73 4 74 6 75 2 76 14 77 6 78 14 80 8 26 5 31 19 44 20 68 16
23 0 16 1 3 3 5 4 17 5 8 6 6 7 3 8 14 9 1 10 13 11 7 12 6 13 17 14 6 15 9 16 8 18 10 19 6 20 4 21 15 22 20 2 16 17 7 24 8 26 20 27 9 28 2 29 7 31 7 33 3 34 8 35 11 37 14 38 12 39 15 40 5 41 16 42 20 44 9 45 18 46 5 47 13 48 4 49 12 50 4 51 2 52 4 53 16 55 13 56 2 58 17 59 14 60 20 61 13 62 4 63 15 64 17 65 13 66 9 67 13 68 16 69 15 70 4 71 16 72 9 73 7 74 3 75 7 76 9 77 12 78 11 79 9 80 15 30 3 32 2 54 2 57 4
24 0 5 1 8 2 1 3 14 5 16 6 5 7 15 8 10 9 7 11 15 12 13 13 10 14 4 15 11 16 3 17 5 18 20 19 19 20 7 21 1 22 11 23 8 4 10 10 2 25 6 26 16 27 9 28 6 29 10 30 4 31 4 32 17 33 10 35 3 36 7 37 12 38 1 39 12 40 8 41 6 42 9 43 3 44 6 45 8 46 19 47 6 48 11 49 20 50 17 51 6 52 11 53 11 54 9 55 11 57 18 58 11 60 1 61 14 62 18 63 4 64 14 65 13 66 9 67 5 68 9 69 4 70 11 71 1 72 2 74 7 75 1 77 18 78 6 79 14 80 11 56 12 59 3 73 6 76 5
25 1 3 2 15 4 15 5 17 6 1 7 1 8 8 9 11 10 4 11 15 12 3 13 5 14 18 15 9 16 19 17 15 18 2 19 11 20 2 21 16 22 14 24 6 3 18 26 2 27 18 28 8 29 13 30 5 31 10 32 11 33 2 34 14 35 13 36 9 37 10 38 2 40 7 41 8 42 5 43 9 44 14 45 20 46 15 47 14 48 11 49 3 50 18 52 11 53 12 54 10 55 13 56 14 57 2 58 2 59 7 60 15 61 17 62 5 63 10 64 6 65 12 66 6 67 12 68 19 69 19 70 12 71 2 72 13 73 6 74 19 75 13 76 6 77 14 78 9 79 2 80 18 39 2 51 13
26 0 20 1 4 2 15 3 9 4 2 5 18 6 19 7 3 8 19 9 4 10 15 11 12 12 9 13 19 14 8 15 13 16 6 17 7 18 17 20 16 21 1 23 20 24 16 25 2 19 17 22 5 27 7 28 1 30 11 31 11 32 14 33 10 34 3 35 14 37 15 38 3 39 12 40 8 41 15 42 10 45 20 46 4 47 6 49 20 50 1 53 2 54 16 55 18 56 4 57 6 58 14 59 20 60 17 61 8 62 9 63 2 64 5 65 8 66 6 67 13 68 7 69 4 70 3 71 7 72 17 74 16 75 1 76 16 77 18 78 5 79 17 29 5 36 6 43 5 44 1 48 8 51 16 52 5 73 10 80 5
27 0 14 1 16 2 1 3 20 4 3 5 5 7 17 8 7 9 4 10 7 11 15 12 14 13 1 14 3 15 14 16 17 17 17 18 8 19 11 20 4 21 17 22 4 23 9 24 9 25 18 26 7 6 6 28 14 29 11 30 4 31 8 32 17 33 17 34 9 35 15 36 16 37 10 39 7 41 17 42 14 43 20 44 19 45 17 47 7 48 16 49 3 50 5 51 12 52 6 53 8 54 5 55 7 56 5 57 3 58 10 59 4 60 16 61 12 62 8 63 5 65 15 66 18 67 6 68 5 69 11 70 6 71 13 72 12 74 16 76 4 77 19 78 13 79 12 80 14 40 10 46 14 64 18 73 11 75 18
28 0 8 1 11 2 18 3 1 4 1 5 19 6 10 8 7 10 2 11 8 12 16 13 6 14 18 16 8 17 10 18 1 19 16 20 13 21 15 22 15 23 2 24 6 25 8 26 1 27 14 7 17 9 14 15 15 29 20 30 18 31 2 32 7 33 20 34 17 35 14 36 14 37 7 38 3 39 13 40 20 41 7 43 8 44 12 45 10 46 3 47 3 48 11 49 14 50 8 51 14 53 18 54 18 55 13 56 19 57 15 58 1 59 4 60 17 62 9 63 18 64 17 65 19 66 18 67 4 68 7 69 5 70 6 71 20 72 4 73 13 75 20 76 18 77 11 78 2 79 12 80 2 42 15 61 8 74 7
29 0 4 1 2 2 17 4 14 5 2 7 2 8 18 9 19 10 17 12 15 13 19 14 4 16 9 17 15 18 5 20 1 21 1 22 2 23 7 24 10 25 13 27 11 28 20 3 20 6 9 11 8 15 5 19 16 26 5 30 20 31 16 32 4 33 14 34 18 35 3 36 2 37 2 38 4 39 17 40 17 41 2 42 18 43 5 44 15 45 19 46 20 47 9 48 15 49 20 50 11 51 7 52 14 54 4 55 15 56 7 57 11 58 4 59 4 60 8 61 20 63 9 64 4 66 4 67 7 68 9 69 5 70 18 71 16 72 19 73 7 74 10 75 15 76 19 77 19 78 4 79 16 80 10 62 5 65 11
30 1 20 2 11 3 19 4 13 5 1 6 9 8 4 9 11 10 18 11 16 12 10 13 14 15 15 16 11 17 7 19 20 20 8 22 16 24 4 25 5 26 11 27 4 28 18 29 20 0 9 7 1 14 13 18 17 23 3 31 10 32 2 35 14 37 18 38 16 39 18 40 2 41 13 43 4 44 9 45 16 46 19 47 8 48 14 49 15 50 4 52 16 53 14 54 12 55 20 56 5 57 16 58 8 59 7 60 9 61 19 62 6 63 6 64 16 65 1 66 20 67 5 68 5 69 17 70 15 71 3 72 11 73 5 74 3 75 18 76 20 78 13 79 5 80 14 33 11 36 7 51 17 77 18
31 0 13 1 12 2 16 3 15 4 9 5 19 6 6 8 19 9 11 10 13 11 10 12 2 14 13 15 4 17 3 18 15 20 20 21 6 23 7 24 4 25 10 26 11 27 8 28 2 29 16 30 10 7 17 13 2 16 12 19 1 22 19 32 11 33 16 34 18 35 1 36 12 37 8 38 13 39 14 40 15 41 6 42 19 43 18 44 5 45 4 46 1 47 14 48 9 49 19 50 9 51 7 52 15 54 11 55 1 56 17 57 8 58 10 59 17 60 11 61 6 62 2 63 4 64 6 65 4 66 7 67 10 68 16 69 13 70 10 71 13 73 18 74 10 75 10 76 9 77 7 79 13 80 20 72 15 78 7
32 0 9 1 12 3 1 4 3 5 2 6 1 7 4 8 11 9 6 10 7 11 2 12 4 13 14 14 3 15 16 17 5 18 18 19 7 20 5 21 6 22 6 24 17 25 11 26 14 27 17 28 7 29 4 30 2 31 11 2 17 16 7 23 2 33 7 35 2 36 11 37 13 38 1 39 13 40 18 41 9 42 12 43 20 44 7 45 20 46 12 47 2 49 8 51 5 52 20 53 19 54 10 55 6 58 6 59 5 60 4 61 11 62 2 63 13 65 9 66 6 67 8 68 18 69 15 70 1 71 1 72 16 73 16 74 10 76 19 77 10 79 15 80 18 34 11 48 6 50 17 56 4 57 9 64 9 75 15 78 14
33 0 14 1 16 2 8 3 9 4 14 5 10 6 8 7 10 8 2 9 5 10 20 11 4 12 14 13 10 14 4 15 4 16 19 17 3 18 19 19 1 20 9 22 6 23 3 24 10 25 2 26 10 27 17 28 20 29 14 31 16 32 7 21 13 30 11 34 2 35 2 36 15 37 3 38 5 39 12 40 5 41 18 43 7 44 20 45 11 46 4 48 18 49 14 50 14 51 19 52 6 53 1 54 5 55 10 56 15 57 11 58 7 59 9 61 10 62 11 64 13 65 3 66 3 67 20 68 8 70 12 72 19 73 1 74 18 75 19 76 10 77 13 79 20 80 15 42 8 47 7 63 6 69 14 71 7 78 5
34 0 13 1 2 2 13 3 18 4 7 5 4 6 20 7 10 8 1 9 12 10 10 11 18 12 1 13 9 14 16 16 3 17 18 18 2 19 2 20 18 21 7 22 13 23 8 25 14 26 3 27 9 28 17 29 18 31 18 33 2 15 10 32 11 35 11 36 1 37 15 38 2 39 13 40 2 41 9 42 17 43 19 44 5 46 19 47 18 49 14 50 20 51 11 52 9 53 11 54 15 55 7 56 16 57 11 58 3 59 9 60 8 61 11 62 12 63 17 64 13 65 6 66 18 67 17 68 13 69 12 70 1 71 8 73 11 74 13 76 12 78 7 79 2 80 16 45 7 48 15 72 5 75 4 77 4
35 0 5 1 15 2 3 3 4 4 19 5 14 7 10 8 6 9 6 10 6 11 4 12 15 13 2 15 14 16 10 17 5 19 3 21 8 22 1 23 11 24 3 25 13 26 14 27 15 28 14 29 3 30 14 31 1 32 2 33 2 34 11 6 14 14 11 18 3 20 17 37 14 38 18 40 18 41 18 42 18 44 18 45 5 46 10 47 2 48 2 49 4 51 2 53 19 54 3 55 6 56 16 57 19 58 19 59 5 60 2 61 12 62 16 64 9 65 14 66 11 67 15 70 16 71 6 72 1 74 16 76 13 77 8 78 12 79 14 80 17 36 19 43 5 50 20 52 20 68 8 69 3 73 2 75 5
36 0 6 1 18 2 9 3 3 4 17 5 2 6 12 7 16 8 11 9 1 10 18 11 17 12 11 13 7 15 16 16 11 17 14 18 1 19 10 20 4 21 17 22 15 24 7 25 9 27 16 28 14 29 2 31 12 32 11 33 15 34 1 14 20 26 6 30 7 35 19 37 12 38 14 39 10 40 9 41 10 42 15 43 4 44 6 45 19 46 17 47 12 48 6 49 11 50 11 51 7 53 9 54 19 55 19 56 9 57 9 58 4 59 2 61 14 62 1 63 19 65 19 66 6 67 4 68 12 69 11 70 20 71 6 72 7 73 17 74 11 75 1 76 10 77 10 78 16 79 11 80 12 52 13 60 9 64 16
37 0 14 1 10 2 10 3 9 4 17 5 4 6 15 7 16 9 1 10 14 11 17 13 4 14 1 15 18 16 11 17 17 18 20 19 19 20 11 21 2 22 8 23 14 24 12 25 10 26 15 27 10 28 7 29 2 30 18 31 8 32 13 33 3 34 15 35 14 36 12 8 14 12 11 38 3 39 7 40 10 41 3 42 19 43 9 45 8 46 16 47 16 48 18 49 6 50 12 51 19 52 4 53 7 54 16 55 3 56 2 57 11 58 7 59 10 60 17 61 8 62 12 63 2 64 19 65 15 66 20 67 16 68 7 69 20 70 5 71 6 72 19 73 16 74 14 75 20 76 2 77 7 78 20 79 1 80 20
38 0 11 2 15 3 13 4 10 5 7 6 5 7 2 8 3 10 18 11 16 12 14 13 17 14 3 15 3 16 13 17 12 19 15 20 7 21 11 22 5 23 12 24 1 25 2 26 3 28 3 29 4 30 16 31 13 32 1 33 5 34 2 35 18 36 14 37 3 1 1 9 17 18 3 39 1 40 3 41 3 42 9 43 19 44 15 45 13 46 5 47 16 48 7 49 4 50 3 51 8 52 7 53 19 55 10 56 5 57 3 58 15 60 20 61 10 62 12 63 15 64 14 65 8 67 5 68 7 69 15 70 14 71 2 72 12 73 20 74 2 75 12 76 10 77 19 78 15 79 16 80 9 54 17 59 18 66 10
39 1 12 2 7 3 10 4 3 5 4 6 8 7 17 8 11 10 3 11 14 12 15 14 13 15 17 16 7 17 4 18 15 19 13 20 15 21 7 22 14 23 15 24 12 26 12 27 7 28 13 29 17 30 18 31 14 32 13 33 12 34 13 36 10 37 7 38 1 13 6 25 2 40 12 41 16 42 16 43 7 44 13 45 16 46 1 47 17 48 15 49 17 50 2 51 16 52 3 53 2 54 14 55 10 56 17 57 15 58 8 59 8 60 13 61 4 62 5 63 11 64 3 65 19 66 15 67 5 68 18 69 18 70 1 71 6 72 13 73 5 74 14 75 3 76 7 77 20 79 11 80 15
40 0 20 1 13 2 7 4 12 5 3 6 4 7 10 8 14 9 19 10 7 11 2 12 7 13 13 14 7 15 4 16 13 18 17 19 19 20 3 21 10 22 6 23 5 24 8 25 7 26 8 28 20 29 17 30 2 31 15 32 18 33 5 34 2 35 18 36 9 37 10 38 3 39 12 3 4 17 20 27 10 42 11 43 19 44 17 45 14 46 4 47 2 48 10 49 1 50 6 51 19 52 4 53 5 54 15 55 16 56 18 57 2 58 18 59 18 60 19 61 8 62 14 63 1 64 9 65 12 66 15 67 19 68 8 69 8 70 12 72 13 73 1 74 15 76 13 78 6 79 6 80 13 41 11 71 5 75 11 77 20
41 0 11 1 11 2 7 3 5 4 11 5 7 6 1 7 17 8 12 9 15 10 6 11 3 12 6 13 1 15 9 16 16 17 9 18 6 19 12 21 9 22 19 23 16 24 6 25 8 26 15 27 17 28 7 29 2 30 13 31 6 32 9 33 18 34 9 35 18 36 10 37 3 38 3 39 16 14 20 20 6 40 11 42 16 43 10 44 19 45 2 46 8 47 13 48 3 49 16 50 9 51 18 52 6 53 18 54 18 55 1 56 15 60 3 61 19 62 16 63 12 64 2 66 1 68 20 69 14 70 16 72 11 73 11 74 18 75 2 76 8 77 20 78 4 79 14 80 10 57 5 58 15 59 1 65 4 67 2 71 8
42 0 8 1 12 2 2 3 1 4 14 5 9 6 6 7 19 8 3 9 16 10 12 11 20 12 8 13 5 14 15 15 1 16 2 17 17 18 5 19 13 20 5 21 1 22 13 23 20 24 9 25 5 26 10 27 14 29 18 31 19 32 12 34 17 35 18 36 15 37 19 38 9 39 16 40 11 41 16 28 15 33 8 43 14 44 4 45 14 46 5 47 8 48 7 49 17 50 11 51 13 52 15 53 8 54 4 55 2 56 19 57 12 58 17 59 4 60 18 61 16 62 14 63 1 64 2 65 5 66 20 67 19 68 5 69 12 70 8 71 9 72 8 73 11 74 12 75 1 76 11 77 10 78 11 79 19 80 1
43 0 7 1 8 2 19 3 13 4 18 6 16 7 2 9 11 11 14 12 1 13 13 15 17 17 3 18 19 19 11 20 20 22 11 24 3 25 9 27 20 28 8 29 5 30 4 31 18 32 20 33 7 34 19 36 4 37 9 38 19 39 7 40 19 41 10 42 14 5 17 8 12 10 11 14 16 16 12 21 20 26 5 35 5 45 2 46 4 47 16 48 5 49 16 50 6 51 2 52 12 53 20 54 7 55 17 56 2 58 10 59 12 60 16 61 19 62 6 63 11 67 5 68 14 69 18 70 19 71 4 72 17 73 17 74 17 75 16 76 16 77 16 78 14 79 4 44 8 57 12 64 13 65 14 66 2 80 18
44 0 16 1 13 2 15 3 16 4 7 5 3 7 19 8 11 9 7 10 1 11 8 12 1 13 10 14 11 16 3 17 19 18 7 19 9 20 5 23 9 24 6 25 14 27 19 28 12 29 15 30 9 31 5 32 7 33 20 34 5 35 18 36 6 38 15 39 13 40 17 41 19 42 4 6 19 21 20 22 20 26 1 43 8 45 1 46 6 47 20 48 17 49 2 51 12 52 7 53 2 54 8 55 20 56 7 57 5 58 18 59 9 60 19 61 3 63 9 64 3 65 2 66 17 67 4 68 2 70 11 71 15 72 7 74 17 75 2 76 5 77 6 78 15 79 12 80 5 50 10 62 20 69 10 73 4
45 0 17 1 9 2 15 3 1 4 18 5 7 6 4 7 20 8 5 9 16 10 7 11 14 12 7 13 10 14 10 15 10 16 12 17 7 18 13 19 11 20 15 21 12 22 12 23 18 24 8 25 20 26 20 27 17 28 10 29 19 30 16 31 4 32 20 33 11 35 5 36 19 37 8 38 13 39 16 40 14 41 2 42 14 43 2 44 1 34 7 46 10 47 3 48 16 49 6 50 9 51 18 52 7 53 11 54 13 55 13 56 6 57 1 58 13 59 15 60 15 61 11 62 15 63 19 65 2 66 12 67 17 68 16 69 12 70 1 71 15 72 1 75 15 76 7 77 16 78 17 79 20 80 16 64 10 73 13 74 5
46 0 7 2 10 5 1 6 17 7 8 8 3 9 4 10 11 11 16 12 11 13 4 14 11 15 12 17 4 18 2 19 20 20 9 21 3 22 13 23 5 24 19 25 15 26 4 28 3 29 20 30 19 31 1 32 12 33 4 34 19 35 10 36 17 37 16 38 5 39 1 40 4 41 8 42 5 43 4 44 6 45 10 1 9 3 19 4 15 16 2 27 14 48 2 49 14 50 1 51 12 52 8 53 5 54 11 55 20 56 15 57 15 58 13 59 10 60 3 61 16 62 8 63 18 64 4 65 16 66 15 67 13 68 18 69 18 70 2 71 2 72 9 73 5 74 18 75 4 76 13 77 20 78 14 79 8 80 10 47 2
47 0 14 1 14 2 2 3 1 4 17 5 2 6 8 7 13 8 15 9 10 10 12 11 14 12 15 13 17 14 18 15 8 16 6 17 1 18 11 19 4 20 17 22 11 23 13 24 6 25 14 26 6 27 7 28 3 29 9 30 8 31 14 32 2 34 18 35 2 36 12 37 16 38 16 39 17 40 2 41 13 42 8 43 16 44 20 45 3 21 19 33 7 46 2 48 14 49 6 50 19 51 8 53 7 54 3 55 9 56 14 57 14 58 17 59 17 60 18 62 7 63 2 64 2 66 3 67 1 68 2 69 14 70 4 71 20 72 1 73 19 74 19 75 16 76 4 78 5 79 10 80 6 52 20 61 1 65 20 77 10
48 1 18 2 16 3 13 4 14 5 14 6 17 7 2 8 19 9 10 10 19 11 15 12 6 13 18 14 5 15 13 16 2 17 8 18 10 19 2 20 13 21 18 22 6 23 4 24 11 25 11 27 16 28 11 29 15 30 14 31 9 33 18 35 2 36 6 37 18 38 7 39 15 40 10 41 3 42 7 43 5 44 17 45 16 46 2 47 14 0 5 26 8 32 6 34 15 49 15 50 16 51 15 52 15 53 20 54 6 55 17 56 19 57 19 58 13 59 18 60 14 61 5 62 14 63 9 65 16 66 11 67 17 68 17 69 16 70 9 71 11 72 19 74 2 75 18 76 20 77 13 78 18 79 19 80 10 64 1 73 15
49 0 1 1 2 2 16 3 5 4 16 5 17 6 12 7 10 8 20 10 2 12 20 13 7 15 9 16 4 17 5 18 3 19 4 20 18 21 18 22 18 23 12 24 20 25 3 26 20 27 3 28 14 29 20 30 15 31 19 32 8 33 14 34 14 35 4 36 11 37 6 38 4 39 17 40 1 41 16 42 17 43 16 44 2 45 6 46 14 47 6 48 15 9 14 11 7 14 5 50 2 51 9 52 5 53 18 54 1 55 9 56 16 57 4 58 9 59 11 60 8 61 13 62 5 63 5 64 1 65 7 66 5 67 18 68 6 69 16 70 16 72 9 73 4 75 4 76 7 77 19 78 14 79 4 80 3 71 2 74 4
50 0 20 1 8 2 12 3 11 4 4 5 6 6 3 7 13 8 18 9 4 12 3 13 13 14 8 15 4 16 19 17 18 19 7 21 15 22 7 23 4 24 17 25 18 26 1 27 5 28 8 29 11 30 4 31 9 33 14 34 20 36 11 37 12 38 3 39 2 40 6 41 9 42 11 43 6 45 9 46 1 47 19 48 16 49 2 10 5 11 3 18 19 20 1 32 17 35 20 44 10 51 18 52 16 54 5 55 18 56 9 57 8 58 13 59 1 60 3 61 4 63 13 64 8 65 20 67 5 69 15 71 16 72 10 73 20 74 4 75 3 76 5 77 13 78 4 79 12 53 15 66 19 68 11 70 19 80 18
51 0 17 1 20 2 19 3 7 4 17 5 12 6 1 7 20 8 11 9 7 10 4 11 5 12 18 13 3 14 6 15 14 16 10 17 14 18 3 19 14 20 16 21 7 22 14 23 2 24 6 27 12 28 14 29 7 31 7 32 5 33 19 34 11 35 2 36 7 37 19 38 8 39 16 40 19 41 18 42 13 43 2 44 12 45 18 46 12 47 8 48 15 49 9 50 18 25 13 26 16 30 17 52 13 53 7 55 13 56 4 57 3 58 1 59 14 60 20 62 9 63 13 64 18 65 7 66 11 67 11 68 18 69 20 70 4 71 9 72 15 73 11 74 1 75 19 76 7 77 17 78 16 79 15 61 6 80 11
52 0 20 1 11 2 8 3 1 4 16 5 15 6 5 8 5 9 6 10 3 11 7 13 4 14 14 15 7 16 14 17 6 19 20 20 12 21 9 22 7 23 4 24 11 25 11 27 6 29 14 30 16 31 15 32 20 33 6 34 9 37 4 38 7 39 3 40 4 41 6 42 15 43 12 44 7 45 7 46 8 48 15 49 5 50 16 51 13 7 15 12 16 18 19 26 5 35 20 36 13 47 20 53 8 54 1 55 1 56 11 57 15 58 7 59 10 60 2 61 2 62 16 63 19 64 2 65 19 66 7 67 3 68 18 69 3 74 3 75 2 76 20 77 7 79 15 80 8 70 3 71 20 72 9
53 0 13 1 14 2 15 3 3 4 16 5 1 6 13 7 15 10 15 11 13 12 12 14 3 15 12 16 12 17 5 19 20 20 7 21 14 22 1 23 16 24 11 25 12 26 2 27 8 28 18 30 14 32 19 33 1 34 11 35 19 36 9 37 7 38 19 39 2 40 5 41 18 42 8 43 20 44 2 45 11 46 5 47 7 48 20 49 18 51 7 52 8 8 11 9 16 13 4 18 11 50 15 54 19 56 1 57 9 58 19 59 13 60 5 61 10 62 17 63 1 64 19 65 14 66 16 67 12 68 20 69 19 70 2 71 15 72 3 73 15 74 18 75 8 76 16 77 19 78 18 79 19 80 19
54 0 4 1 8 2 5 3 14 4 13 5 15 7 14 8 5 9 20 10 11 11 19 12 15 13 15 14 17 15 7 16 16 17 12 18 5 19 11 20 10 21 2 22 20 24 9 25 10 26 16 27 5 28 18 29 4 30 12 31 11 32 10 33 5 34 15 35 3 36 19 37 16 39 14 40 15 41 18 42 4 43 7 44 8 45 13 46 11 47 3 48 6 49 1 50 5 52 1 53 19 6 6 23 2 38 17 55 8 56 16 57 1 59 20 60 11 61 11 62 20 63 3 64 20 65 9 66 11 67 1 68 12 69 7 71 2 72 19 73 16 74 8 75 2 76 5 77 9 78 17 79 8 80 4 70 14
55 0 18 1 16 2 11 3 10 4 10 5 7 6 8 7 4 8 10 9 16 10 1 11 7 12 11 13 12 14 8 15 16 16 13 17 17 18 16 19 20 21 17 22 3 23 13 24 11 25 13 26 18 27 7 28 13 29 15 30 20 31 1 32 6 33 10 34 7 35 6 36 19 37 3 38 10 39 10 40 16 41 1 42 2 43 17 44 20 45 13 46 20 47 9 48 17 49 9 50 18 51 13 52 1 54 8 20 2 56 18 57 11 58 2 59 13 60 5 61 19 62 13 63 17 64 3 65 14 66 15 67 17 68 14 69 18 70 3 71 14 72 5 73 17 74 3 75 15 76 14 77 17 78 17 79 13 80 20
56 0 11 1 2 2 1 3 14 4 2 5 13 6 1 7 13 8 18 9 13 10 10 11 5 12 17 14 11 15 2 16 16 17 12 18 15 19 2 20 18 21 5 22 15 23 2 25 14 26 4 27 5 28 19 29 7 30 5 31 17 33 15 34 16 35 16 36 9 37 2 38 5 39 17 40 18 41 15 42 19 43 2 44 7 45 6 46 15 47 14 48 19 49 16 50 9 51 4 52 11 53 1 54 16 55 18 13 20 24 12 32 4 57 13 58 5 59 18 60 19 61 14 62 3 63 3 64 14 65 18 66 14 67 8 68 17 69 5 70 18 71 3 73 9 74 3 75 9 76 15 77 1 80 15 72 12 78 13 79 13
57 1 7 3 3 4 9 5 8 6 15 7 11 8 15 10 19 11 2 12 9 14 6 15 10 16 11 17 3 18 8 19 13 20 9 21 17 22 8 24 18 25 2 26 6 27 3 28 15 29 11 30 16 31 8 33 11 34 11 35 19 36 9 37 11 38 3 39 15 40 2 42 12 44 5 45 1 46 15 47 14 48 19 49 4 50 8 51 3 52 15 53 9 54 1 55 11 56 13 0 6 2 4 9 5 13 11 23 4 32 9 41 5 43 12 58 1 59 5 60 5 62 17 63 4 64 8 65 3 66 10 69 7 70 19 71 15 72 14 73 20 74 17 75 6 76 2 77 4 78 5 79 6 61 20 67 7 68 2
58 0 19 1 10 2 6 4 11 6 15 7 19 8 17 9 3 10 18 11 13 12 15 13 4 14 7 15 20 16 6 17 13 18 1 19 18 20 4 21 11 22 20 23 17 24 11 25 2 26 14 27 10 28 1 29 4 30 8 31 10 32 6 33 7 34 3 35 19 36 4 37 7 38 15 39 8 40 18 42 17 43 10 44 18 45 13 46 13 47 17 48 13 49 9 50 13 51 1 52 7 53 19 55 2 56 5 57 1 5 2 41 15 60 8 61 19 62 1 63 17 64 14 65 10 67 12 68 20 69 5 70 19 71 8 72 18 74 5 75 4 76 6 77 1 78 4 79 19 80 4 59 10 66 15 73 3
59 0 17 1 2 2 7 3 17 4 7 5 4 6 11 7 5 9 13 10 13 11 3 12 8 13 8 14 3 15 6 17 8 18 3 19 17 20 19 21 11 22 9 23 14 25 7 26 20 27 4 28 4 29 4 30 7 31 17 32 5 33 9 34 9 35 5 36 2 37 10 39 8 40 18 42 4 43 12 44 9 45 15 46 10 47 17 48 18 49 11 50 1 51 14 52 10 53 13 54 20 55 13 56 18 57 5 8 18 16 16 24 3 38 18 41 1 58 10 61 16 62 11 63 13 64 19 65 13 67 9 68 11 69 18 70 17 71 9 72 13 73 9 74 5 75 1 76 7 77 2 79 15 80 18 60 9 66 15 78 7
60 0 2 1 4 2 14 3 19 4 4 5 13 6 6 7 4 8 20 9 13 11 3 12 3 13 20 14 9 15 3 16 16 17 7 20 10 21 10 22 15 23 20 24 1 25 15 26 17 27 16 28 17 29 8 30 9 31 11 32 4 34 8 35 2 37 17 38 20 39 13 40 19 41 3 42 18 43 16 44 19 45 15 46 3 47 18 48 14 49 8 50 3 51 20 52 2 53 5 54 11 55 5 56 19 57 5 58 8 10 13 18 17 19 1 36 9 59 9 61 19 62 5 63 3 64 19 65 11 66 1 67 16 68 5 69 1 70 12 71 18 72 11 73 9 74 2 75 14 76 20 77 2 79 18 80 10 78 18
61 0 7 1 8 2 17 3 15 4 7 5 18 6 9 7 7 8 13 9 6 11 7 12 18 13 16 14 16 15 9 16 11 18 6 20 6 21 5 22 14 23 13 24 14 25 17 26 8 27 12 29 20 30 19 31 6 32 11 33 10 34 11 35 12 36 14 37 8 38 10 39 4 40 8 41 19 42 16 43 19 44 3 45 11 46 16 48 5 49 13 50 4 52 2 53 10 54 11 55 19 56 14 58 19 59 16 60 19 17 4 19 4 28 8 47 1 51 6 57 20 62 2 64 6 65 18 66 20 67 9 69 19 70 20 71 9 72 6 73 13 74 11 75 2 76 3 77 11 78 5 79 1 80 10 63 1 68 11
62 0 14 1 8 2 17 3 4 4 16 5 14 6 19 7 4 8 20 9 4 10 8 11 9 12 12 15 11 16 16 17 20 18 10 21 17 23 4 24 18 25 5 26 9 27 8 28 9 30 6 31 2 32 2 33 11 34 12 35 16 36 1 37 12 38 12 39 5 40 14 41 16 42 14 43 6 45 15 46 8 47 7 48 14 49 5 51 9 52 16 53 17 54 20 55 13 56 3 57 17 58 1 59 11 60 5 61 2 13 8 14 17 19 6 20 3 29 5 44 20 63 1 64 15 65 10 66 19 67 3 68 19 69 18 70 16 71 1 72 8 73 19 74 12 77 10 78 9 79 8 80 4 75 9
63 0 6 1 15 3 2 4 17 5 14 6 2 7 14 8 5 9 12 10 10 11 17 12 6 13 20 14 16 15 13 16 8 17 5 18 10 19 16 20 4 21 2 22 8 23 15 24 4 25 10 26 2 27 5 28 18 29 9 30 6 31 4 32 13 34 17 36 19 37 2 38 15 39 11 40 1 41 12 42 1 43 11 44 9 45 19 46 18 47 2 48 9 49 5 50 13 51 13 52 19 53 1 54 3 55 17 56 3 57 4 58 17 59 13 60 3 62 1 2 14 33 6 61 1 64 6 65 3 66 8 67 18 68 2 69 5 70 12 71 1 72 6 73 4 74 1 75 2 76 17 77 2 78 9 79 13 80 12
64 0 15 1 12 2 19 3 13 4 5 5 20 6 12 7 1 8 11 9 19 10 19 11 15 12 15 14 11 15 10 16 6 17 12 18 10 19 19 20 3 21 18 22 8 23 17 24 14 25 6 26 5 28 17 29 4 30 16 31 6 33 13 34 13 35 9 37 19 38 14 39 3 40 9 41 2 42 2 44 3 46 4 47 2 49 1 50 8 51 18 52 2 53 19 54 20 55 3 56 14 57 8 58 14 59 19 60 19 61 6 62 15 63 6 13 19 27 18 32 9 36 16 43 13 45 10 48 1 66 14 67 18 68 16 71 13 72 19 73 10 74 6 75 20 76 8 77 11 78 3 79 19 80 19 65 3 69 11 70 9
65 0 7 1 4 2 10 3 3 4 16 5 1 6 20 7 9 8 4 9 17 10 11 12 17 13 10 14 5 15 13 16 8 17 16 18 14 19 15 20 13 21 8 22 1 23 13 24 13 25 12 26 8 27 15 28 19 30 1 31 4 32 9 33 3 34 6 35 14 36 19 37 15 38 8 39 19 40 12 42 5 44 2 45 2 46 16 48 16 49 7 50 20 51 7 52 19 53 14 54 9 55 14 56 18 57 3 58 10 59 13 60 11 61 18 62 10 63 3 11 14 29 11 41 4 43 14 47 20 64 3 66 7 67 4 68 12 69 15 70 13 71 17 72 14 74 8 75 16 77 6 78 5 79 1 80 10 73 2
66 1 12 2 8 3 4 4 18 5 5 7 12 9 14 10 11 11 12 12 16 13 2 14 17 15 20 16 5 17 18 18 7 19 11 20 5 21 10 22 20 23 9 24 9 25 6 26 6 27 18 28 18 29 4 30 20 31 7 32 6 33 3 34 18 35 11 36 6 37 20 39 15 40 15 41 1 42 20 44 17 45 12 46 15 47 3 48 11 49 5 51 11 52 7 53 16 54 11 55 15 56 14 57 10 60 1 61 20 62 19 63 8 64 14 65 7 0 6 6 13 8 11 38 10 43 2 50 19 58 15 59 15 67 15 68 18 69 7 70 16 71 10 72 7 73 17 74 15 75 20 76 11 77 18 79 10 80 20 78 2
67 0 14 2 20 5 16 6 18 7 10 8 20 9 14 10 11 11 8 12 20 13 17 15 15 16 15 17 15 18 2 20 9 21 1 22 12 23 13 24 5 25 12 26 13 27 6 28 4 29 7 30 5 31 10 32 8 33 20 34 17 35 15 36 4 37 16 38 5 39 5 40 19 42 19 43 5 44 4 45 17 46 13 47 1 48 17 49 18 50 5 51 11 52 3 53 12 54 1 55 17 56 8 58 12 59 9 60 16 61 9 62 3 63 18 64 18 65 4 66 15 1 7 3 3 4 12 14 19 41 2 57 7 68 5 69 8 70 15 71 18 72 2 73 11 74 14 75 3 76 10 77 17 78 15 79 10 80 11
68 0 10 1 15 3 20 5 1 6 19 7 9 8 15 9 15 10 8 11 13 12 17 13 8 14 12 15 6 16 2 17 20 18 8 19 15 20 5 21 16 23 16 24 9 25 19 26 7 27 5 28 7 29 9 30 5 31 16 32 18 33 8 34 13 36 12 37 7 38 7 39 18 40 8 41 20 42 5 43 14 44 2 45 16 46 18 47 2 48 17 49 6 51 18 52 18 53 20 54 12 55 14 56 17 58 20 59 11 60 5 62 19 63 2 64 16 65 12 66 18 67 5 2 2 4 13 22 16 35 8 50 11 57 2 61 11 69 4 70 15 71 19 72 8 73 16 74 8 75 16 76 8 77 16 78 4 79 7 80 19
69 0 19 1 17 2 5 3 15 4 18 5 17 6 5 8 17 9 19 11 15 12 1 13 16 14 8 15 5 16 18 17 10 18 3 19 10 20 6 21 1 22 13 23 15 24 4 25 19 26 4 27 11 28 5 29 5 30 17 31 13 32 15 34 12 36 11 37 20 38 15 39 18 40 8 41 14 42 12 43 18 45 12 46 18 47 14 48 16 49 16 50 15 51 20 52 3 53 19 54 7 55 18 56 5 57 7 58 5 59 18 60 1 61 19 62 18 63 5 65 15 66 7 67 8 68 4 7 3 10 14 33 14 35 3 44 10 64 11 70 12 71 3 73 12 74 2 75 20 76 8 77 17 78 4 79 18 80 9 72 13
70 0 2 1 17 2 13 3 19 4 5 5 8 6 16 7 14 8 6 9 17 10 16 11 4 12 2 13 15 15 10 16 3 17 10 18 11 19 7 20 20 22 20 23 4 24 11 25 12 26 3 27 6 28 6 29 18 30 15 31 10 32 1 33 12 34 1 35 16 36 20 37 5 38 14 39 1 40 12 41 16 42 8 43 19 44 11 45 1 46 2 47 4 48 9 49 16 51 4 53 2 55 3 56 18 57 19 58 19 59 17 60 12 61 20 62 16 63 12 65 13 66 16 67 15 68 15 69 12 14 7 21 17 50 19 52 3 54 14 64 9 71 4 73 17 74 11 75 16 76 16 77 10 78 20 79 4 80 5
71 0 9 1 16 2 7 3 2 4 10 5 18 6 8 8 2 9 7 10 20 11 3 12 6 13 10 14 2 15 1 16 8 17 10 18 12 19 7 20 10 21 8 22 13 23 16 24 1 25 2 26 7 27 13 28 20 29 16 30 3 31 13 32 1 34 8 35 6 36 6 37 6 38 2 39 6 42 9 43 4 44 15 45 15 46 2 47 20 48 11 50 16 51 9 53 15 54 2 55 14 56 3 57 15 58 8 59 9 60 18 61 9 62 1 63 1 64 13 65 17 66 10 67 18 68 19 69 3 70 4 7 7 33 7 40 5 41 8 49 2 52 20 72 11 73 1 74 19 75 10 76 3 77 14 78 12 79 3 80 15
72 2 1 3 20 4 4 5 8 6 12 7 1 8 16 9 2 10 11 11 10 12 1 13 2 14 13 15 6 16 2 17 12 18 16 19 1 20 16 21 11 22 12 23 9 24 2 25 13 26 17 27 12 28 4 29 19 30 11 32 16 33 19 35 1 36 7 37 19 38 12 39 13 40 13 41 11 42 8 43 17 44 7 45 1 46 9 47 1 48 19 49 9 50 10 51 15 53 3 54 19 55 5 57 14 58 18 59 13 60 11 61 6 62 8 63 6 64 19 65 14 66 7 67 2 68 8 71 11 0 16 1 4 31 15 34 5 52 9 56 12 69 13 73 19 74 19 75 20 76 1 77 17 78 15 80 20 79 4
73 1 14 2 16 3 4 4 19 5 7 7 5 8 17 9 12 11 16 12 17 13 8 15 15 16 4 17 14 18 7 20 16 21 17 22 4 23 7 25 6 28 13 29 7 30 5 31 18 32 16 33 1 34 11 36 17 37 16 38 20 39 5 40 1 41 11 42 11 43 17 46 5 47 19 49 4 50 20 51 11 53 15 54 16 55 17 56 9 57 20 59 9 60 9 61 13 62 19 63 4 64 10 66 17 67 11 68 16 69 12 70 17 71 1 72 19 0 17 6 18 10 9 14 13 19 20 24 6 26 10 27 11 35 2 44 4 45 13 48 15 58 3 65 2 74 1 75 20 77 20 78 7 79 9 80 19 76 8
74 0 8 1 17 2 11 3 15 4 17 5 18 6 4 7 18 8 19 9 18 10 12 11 12 12 17 13 1 14 14 15 4 16 8 17 15 18 6 19 10 20 2 21 14 22 6 23 3 24 7 25 19 26 16 27 16 29 10 30 3 31 10 32 10 33 18 34 13 35 16 36 11 37 14 38 2 39 14 40 15 41 18 42 12 43 17 44 17 46 18 47 19 48 2 50 4 51 1 52 3 53 18 54 8 55 3 56 3 57 17 58 5 59 5 60 2 61 11 62 12 63 1 64 6 65 8 66 15 67 14 68 8 69 2 70 11 71 19 72 19 73 1 28 7 45 5 49 4 75 7 76 6 77 13 78 13 79 6 80 7
75 0 5 1 18 2 8 3 13 5 19 6 13 7 1 8 15 11 20 12 10 13 3 14 17 15 14 16 15 17 13 18 20 19 9 20 9 21 13 22 2 23 7 24 1 25 13 26 1 28 20 29 15 30 18 31 10 33 19 36 1 37 20 38 12 39 3 41 2 42 1 43 16 44 2 45 15 46 4 47 16 48 18 49 4 50 3 51 19 52 2 53 8 54 2 55 15 56 9 57 6 58 4 59 1 60 14 61 2 63 2 64 20 65 16 66 20 67 3 68 16 69 20 70 16 71 10 72 20 73 20 74 7 9 18 10 10 27 18 32 15 34 4 35 5 40 11 62 9 77 17 78 16 79 16 76 1 80 17
76 1 5 2 15 3 16 5 13 6 14 7 14 9 9 10 12 11 14 12 1 13 17 14 10 15 5 16 15 17 5 18 2 19 16 21 9 22 14 23 9 25 6 26 16 27 4 28 18 29 19 30 20 31 9 32 19 33 10 34 12 35 13 36 10 37 2 38 10 39 7 40 13 41 8 42 11 43 16 44 5 45 7 46 13 47 4 48 20 49 7 50 5 51 7 52 20 53 16 54 5 55 14 56 15 57 2 58 6 59 7 60 20 61 3 63 17 64 8 66 11 67 10 68 8 69 8 70 16 71 3 72 1 74 6 0 14 4 2 20 18 24 5 73 8 75 1 77 7 78 3 79 16 80 3
77 0 13 1 18 2 2 3 4 4 6 5 19 6 6 7 17 9 17 10 7 11 9 12 4 13 10 14 5 15 18 16 2 17 3 18 4 19 8 21 9 22 6 23 12 24 18 25 14 26 18 27 19 28 11 29 19 31 7 32 10 33 13 35 8 36 10 37 7 38 19 39 20 41 20 42 10 43 16 44 6 45 16 46 20 48 13 49 19 50 13 51 17 52 7 53 19 54 9 55 17 56 1 57 4 58 1 59 2 60 2 61 11 62 10 63 2 64 11 65 6 66 18 67 17 68 16 69 17 70 10 71 14 72 17 73 20 74 13 75 17 76 7 8 9 20 1 30 18 34 4 40 20 47 10 78 11 79 2
78 0 5 2 1 3 3 5 1 6 2 7 4 8 8 9 8 10 3 11 6 12 20 13 15 14 5 15 15 16 5 17 4 18 20 20 5 21 9 22 14 23 11 24 6 25 9 26 5 27 13 28 2 29 4 30 13 34 7 35 12 36 16 37 20 38 15 40 6 41 4 42 11 43 14 44 15 45 17 46 14 47 5 48 18 49 14 50 4 51 16 53 18 54 17 55 17 57 5 58 4 61 5 62 9 63 9 64 3 65 5 67 15 68 4 69 4 70 20 71 12 72 15 73 7 74 13 75 16 76 3 77 11 1 2 4 9 19 3 31 7 32 14 33 5 56 13 59 7 60 18 66 2 79 9 80 11
79 1 11 2 12 3 20 4 1 5 19 6 10 7 3 8 12 9 11 10 17 11 4 12 4 13 11 14 12 15 12 16 4 19 13 20 14 21 7 23 9 24 14 25 2 26 17 27 12 28 12 29 16 30 5 31 13 32 15 33 20 34 2 35 14 36 11 37 1 38 16 39 11 40 6 41 14 42 19 43 4 44 12 45 20 46 8 47 10 48 19 49 4 50 12 51 15 52 15 53 19 54 8 55 13 57 6 58 19 59 15 60 18 61 1 62 8 63 13 64 19 65 1 66 10 67 10 68 7 69 18 70 4 71 3 73 9 74 6 75 16 76 16 77 2 78 9 0 7 17 18 18 2 56 13 72 4 80 18
80 0 13 1 4 2 15 4 1 5 3 6 6 7 15 8 3 9 19 10 14 11 3 12 3 13 6 14 12 17 5 18 9 20 4 21 1 22 8 23 15 24 11 25 18 27 14 28 2 29 10 30 14 31 20 32 18 33 15 34 16 35 17 36 12 37 20 38 9 39 15 40 13 41 10 42 1 44 5 45 16 46 10 47 6 48 10 49 3 52 8 53 19 54 4 55 20 56 15 58 4 59 18 60 10 61 10 62 4 63 12 64 19 65 10 66 20 67 11 68 19 69 9 70 5 71 15 72 20 73 19 74 7 76 3 78 11 79 18 3 11 15 8 16 14 19 18 26 5 43 18 50 18 51 11 75 17
