250
0 86 4 113 5 170 17 181 19 245 6 13 18
1 232 5
2 44 3 88 9 108 10 113 3 164 12 190 20 193 5 203 9 234 4 184 9
3 27 1 74 7
4 70 17 138 8 49 2 72 8 115 2 163 11
5 145 6 164 10 221 1 13 16 178 16
6 95 12 125 5 166 18
7 153 4 179 9 234 9
8 221 15
9 81 3 145 10 171 10 158 16
10 45 5 67 13 208 19
11 12 19
12 11 19 17 12 42 18 206 20
13 0 18 5 16 231 19 20 13 117 4
14 56 17 130 6 206 7 218 5
15 76 6 77 5 173 3
16 67 1 99 11
17 12 12 144 4
18 74 12 86 15
19 141 8 165 15 226 3
20 13 13 40 4 139 10 161 13 202 16 203 20 32 16 169 20
21 57 14 140 13 54 1
22 54 17 58 2 98 13 191 17 226 18
23 54 2 106 12 155 17 219 3
24 224 7 232 19 90 10 102 20
25 210 18 182 3
26 60 6 118 8 122 2 67 9
27 3 1 76 5 165 12 209 1 58 9 224 9
28 167 11 198 3 248 13 139 1
29 200 1 233 13 146 17
30 76 12 148 15
31 173 6 185 15
32 20 16 60 7 79 5 165 15 166 10
33 73 3 231 11 109 7
34 55 16 222 19
35 88 16 91 2 92 11 121 15 108 16 174 18
36 92 19 107 20 201 15 134 2
37 73 18 102 3
38 69 3 128 1 203 16
39 96 8
40 20 4 101 16 248 14
41 91 20 94 10 130 13 192 7 241 10 63 17 168 6 169 12 221 11
42 12 18 82 11 178 19
43 81 19 182 8
44 2 3 76 11 85 9 89 12 112 20 152 12 241 12 114 19 176 19
45 10 5 172 5
46 188 7 203 3 218 14 246 9
47 123 17 227 12
48 96 6 246 10
49 4 2 52 3 242 1
50 172 8 241 11 143 18 163 18
51 86 6 179 10 201 17 212 11 190 6
52 49 3 98 15 118 3 159 12 92 9 102 2 179 5 204 8
53 202 8 209 12
54 22 17 23 2 21 1 75 10 167 9 177 2 207 6 249 8
55 34 16 235 16 247 17 148 1 230 20
56 14 17 87 20 90 7 115 16 202 1
57 21 14 83 18 195 13 209 3 78 8 219 19 237 18
58 22 2 27 9
59 73 6 122 7 203 6 183 20
60 26 6 32 7 85 17
61 131 20 175 11
62 131 7
63 41 17 217 17 94 19 122 4
64 133 20 162 15 176 20
65 87 13 112 10 141 9 143 6 77 5 218 14
66 68 12 194 8 236 3 241 6 169 15
67 10 13 16 1 26 9 114 6 151 8 166 11 177 9 215 4 203 19
68 66 12 95 7
69 38 3 156 11
70 4 17 79 9 105 5 249 19
71 233 19 239 18 241 15
72 4 8 211 8 243 3
73 33 3 37 18 59 6 91 17 103 6 133 12 150 13
74 3 7 18 12 75 5 87 14 104 13 141 11 207 14
75 54 10 74 5 216 13 141 15
76 15 6 27 5 30 12 44 11 146 7 147 14 149 19
77 15 5 65 5 129 10 161 1 84 17
78 57 8 116 15 202 17
79 32 5 70 9 167 13 217 7
80 113 4 159 12 160 10 190 2
81 9 3 43 19 96 2 122 4 147 12
82 42 11 141 12 166 16 192 7
83 57 18 205 2 227 17 247 11 135 14
84 77 17 145 6 217 1
85 44 9 60 17 119 9 117 14
86 0 4 51 6 18 15
87 56 20 65 13 74 14 183 15
88 2 9 35 16 102 13 244 6
89 44 12 105 17 173 13
90 56 7 24 10 131 3 203 17 226 15 246 11
91 35 2 41 20 73 17 129 15 158 4 206 20 242 6
92 35 11 36 19 52 9 217 8
93 169 19 187 14
94 41 10 63 19 217 8 227 15
95 6 12 68 7 176 6 183 11
96 39 8 48 6 81 2 241 19
97 127 5 140 6 143 18
98 22 13 52 15 172 12
99 16 11 166 15 186 10 127 2
100 209 17
101 40 16 128 9 242 15
102 88 13 24 20 37 3 52 2
103 73 6 140 12
104 74 13 172 16 216 15
105 70 5 89 17 227 13
106 23 12 189 13
107 36 20 148 15
108 2 10 35 16 120 18 144 19 168 9 179 20
109 33 7 136 18 209 15
110 211 17 228 4
111 151 20 223 6 244 20
112 44 20 65 10 229 11 230 10
113 0 5 2 3 80 4 243 11 222 14
114 67 6 44 19 130 19
115 56 16 4 2 213 13 243 16 127 10
116 78 15 183 3 200 10 244 2 137 17 165 12
117 13 4 85 14 206 9 213 5 214 14 216 14
118 26 8 52 3 178 2
119 85 9 178 14 216 18 237 2 238 15 247 2
120 108 18 240 14
121 35 15 141 4 207 7 142 14 195 1
122 26 2 59 7 81 4 63 4 172 1 202 19
123 47 17 213 18
124 140 3 237 17
125 6 5
126 177 3
127 97 5 99 2 115 10 175 13
128 38 1 101 9 134 6 161 9 203 8 219 2
129 77 10 91 15 200 4 231 1 131 11
130 14 6 41 13 114 19 159 3 219 15
131 61 20 62 7 90 3 129 11 158 15 202 14 213 15 218 8 249 4 159 2
132 148 12 203 20
133 64 20 73 12 203 19 224 10 225 4
134 128 6 36 2 204 18
135 83 14 209 6
136 109 18 138 5 192 12 196 14 219 17 228 7
137 116 17 146 20 149 11
138 4 8 136 5 194 15 216 5
139 20 10 28 1 205 16
140 21 13 97 6 124 3 103 12
141 19 8 65 9 74 11 82 12 121 4 75 15 153 18 169 10 176 4 203 15 212 6 160 9
142 121 14 158 19
143 65 6 97 18 50 18
144 17 4 108 19
145 5 6 9 10 84 6 156 15 209 16 239 19
146 76 7 137 20 29 17 153 12
147 76 14 81 12 151 9 186 6 210 14 223 10
148 30 15 107 15 132 12 55 1 178 11
149 76 19 137 11 157 20 229 3
150 73 13
151 67 8 111 20 147 9 182 17 195 15 208 8 217 19 221 9 238 16 207 1
152 44 12 159 13 160 5 162 10 163 16 244 9
153 7 4 141 18 146 12
154 174 9 175 4
155 23 17 175 6 227 9
156 69 11 145 15
157 149 20 183 13
158 91 4 131 15 142 19 9 16
159 52 12 80 12 130 3 152 13 131 2 219 19
160 152 5 80 10 141 9 218 9
161 20 13 77 1 128 9 169 4
162 64 15 152 10 207 12 212 4
163 152 16 4 11 50 18 190 11
164 2 12 5 10
165 19 15 27 12 32 15 116 12 168 9 177 1 204 6 246 4
166 6 18 67 11 82 16 99 15 32 10
167 28 11 54 9 79 13 183 1 235 1
168 165 9 41 6 108 9
169 93 19 141 10 161 4 20 20 41 12 66 15
170 0 17
171 9 10 190 9 196 2
172 50 8 104 16 122 1 45 5 98 12 226 15
173 15 3 31 6 89 13 233 9
174 154 9 35 18 226 11
175 61 11 127 13 154 4 155 6 212 14
176 141 4 44 19 64 20 95 6
177 54 2 67 9 126 3 165 1 227 12
178 42 19 118 2 119 14 5 16 148 11
179 7 9 51 10 52 5 108 20
180 227 13 241 18
181 0 19
182 151 17 25 3 43 8 222 15
183 87 15 116 3 157 13 167 1 59 20 95 11 242 18
184 2 9 223 20
185 31 15 230 4
186 99 10 147 6 196 20
187 93 14 219 19
188 46 7
189 106 13 201 7
190 2 20 163 11 51 6 80 2 171 9
191 22 17 203 2 212 6 213 1 230 3
192 41 7 136 12 82 7
193 2 5
194 66 8 138 15 200 5 217 10
195 57 13 151 15 121 1
196 136 14 171 2 186 20
197 211 7
198 28 3 210 15 221 6 248 13
199 226 16 230 3 237 6
200 29 1 116 10 129 4 194 5
201 36 15 51 17 189 7 237 12
202 20 16 53 8 56 1 131 14 78 17 122 19
203 2 9 20 20 38 16 46 3 59 6 90 17 128 8 132 20 133 19 141 15 191 2 67 19 209 14
204 134 18 165 6 52 8
205 83 2 139 16 244 12
206 12 20 14 7 91 20 117 9
207 54 6 121 7 162 12 74 14 151 1
208 10 19 151 8
209 27 1 53 12 57 3 100 17 109 15 135 6 145 16 203 14
210 25 18 147 14 198 15
211 72 8 110 17 197 7
212 51 11 141 6 162 4 175 14 191 6
213 115 13 117 5 123 18 131 15 191 1 232 18
214 117 14
215 67 4 245 7 248 5
216 75 13 104 15 117 14 119 18 138 5
217 63 17 79 7 84 1 92 8 94 8 151 19 194 10
218 14 5 131 8 160 9 46 14 65 14 243 16
219 23 3 128 2 136 17 187 19 57 19 130 15 159 19
220 240 20
221 5 1 8 15 151 9 198 6 41 11 246 19
222 34 19 182 15 113 14
223 184 20 111 6 147 10 232 19
224 24 7 133 10 27 9 246 13
225 133 4
226 19 3 90 15 172 15 174 11 199 16 22 18
227 83 17 94 15 105 13 155 9 180 13 47 12 177 12 235 6
228 110 4 136 7
229 112 11 149 3
230 112 10 185 4 191 3 199 3 55 20 240 15 245 10
231 13 19 33 11 129 1
232 1 5 24 19 223 19 213 18 240 15
233 29 13 71 19 173 9
234 2 4 7 9
235 55 16 167 1 227 6
236 66 3
237 119 2 124 17 199 6 201 12 57 18
238 119 15 151 16
239 71 18 145 19
240 120 14 220 20 230 15 232 15
241 41 10 44 12 50 11 66 6 71 15 96 19 180 18
242 101 15 183 18 49 1 91 6
243 72 3 113 11 115 16 218 16 248 16
244 88 6 116 2 152 9 205 12 111 20
245 0 6 230 10 215 7 248 9
246 48 10 90 11 165 4 221 19 224 13 46 9
247 55 17 83 11 119 2
248 28 13 40 14 198 13 243 16 245 9 215 5
249 54 8 131 4 70 19
