89
0 22 9 36 18 80 15 35 2
1 5 13 39 9 61 10 62 5
2 10 16 20 17 45 18 58 20 66 3 68 4
3 33 1 57 10
4 10 14 66 14 41 8
5 1 13 6 19 67 19 58 10
6 5 19 33 8 36 6 81 16 88 6
7 25 3 67 16 16 16 37 5
8 15 13 70 9 83 13 63 1
9 21 1 33 11 60 11
10 2 16 4 14 49 6 62 16 78 19
11 31 17 74 3 83 20
12 16 14 60 19 32 10 64 1
13 40 20 27 8
14 61 20 67 15 80 11 16 15
15 8 13 51 4 60 5 85 4 34 14
16 12 14 7 16 14 15 17 14 26 8 74 8
17 16 14 33 12 49 13 54 6 62 5 68 10
18 56 10 71 14
19 25 6 44 10 64 17 65 17 28 6
20 2 17 30 13 40 1 55 6 62 4 74 12 87 8 43 6 61 4
21 9 1 68 10
22 0 9 30 11
23 39 2 63 16
24 54 1 76 1
25 7 3 19 6 34 14 59 7 78 3
26 16 8 63 15 79 16 81 13
27 13 8 86 10
28 19 6 33 5 49 9 85 6 87 1
29 48 8 67 15 78 10
30 20 13 22 11 47 6
31 11 17 65 17 63 11
32 12 10 54 4 65 14 77 2
33 3 1 6 8 9 11 17 12 28 5 44 19 79 16
34 25 14 15 14 48 12
35 0 2 81 10 63 11
36 0 18 6 6 39 5 62 13 65 11 67 5 76 5 85 9 87 6
37 7 5 62 17
38 69 2
39 1 9 23 2 36 5 47 2 50 15 62 7 64 10 81 18 83 15
40 13 20 20 1 61 10
41 4 8 42 4 44 1 56 16 69 12 71 7
42 41 4 50 8 69 5 55 18
43 20 6 74 16 78 11
44 19 10 33 19 41 1 46 13 47 7
45 2 18 46 20 51 2
46 44 13 45 20 75 3
47 30 6 39 2 44 7 68 11
48 29 8 34 12 65 5
49 10 6 17 13 28 9 72 9
50 39 15 42 8 76 15
51 15 4 45 2 56 19 88 6
52 80 10
53 84 2 66 3
54 17 6 24 1 32 4 69 11
55 20 6 42 18 69 17 81 9
56 18 10 41 16 51 19 66 2 67 2
57 3 10 59 17
58 2 20 5 10 66 7 84 4
59 25 7 57 17 63 7 84 1
60 9 11 12 19 15 5
61 1 10 14 20 20 4 40 10
62 10 16 17 5 20 4 36 13 37 17 39 7 1 5 70 1 76 11 86 12 82 5
63 23 16 26 15 59 7 8 1 31 11 35 11
64 19 17 39 10 12 1 84 11
65 19 17 31 17 32 14 36 11 48 5
66 2 3 4 14 56 2 58 7 53 3 84 7
67 5 19 7 16 14 15 29 15 36 5 56 2 82 10 88 1
68 17 10 21 10 47 11 2 4 73 3
69 38 2 41 12 42 5 55 17 54 11 81 13
70 8 9 62 1
71 18 14 41 7 86 18
72 49 9 85 14
73 68 3 85 16
74 11 3 20 12 43 16 16 8
75 46 3 79 6
76 36 5 50 15 62 11 24 1
77 32 2
78 10 19 43 11 25 3 29 10
79 26 16 33 16 75 6 83 20
80 0 15 14 11 52 10
81 6 16 35 10 39 18 55 9 26 13 69 13
82 67 10 62 5 86 13
83 8 13 11 20 39 15 79 20
84 53 2 59 1 64 11 66 7 58 4
85 15 4 36 9 72 14 73 16 28 6
86 27 10 62 12 82 13 71 18
87 20 8 28 1 36 6
88 6 6 51 6 67 1
