69
0 1 7 2 3 3 9 4 5 5 9 6 18 7 12 8 20 9 12 10 6 11 18 12 10 13 18 14 3 15 19 16 9 17 8 18 20 19 12 20 14 21 11 23 3 24 12 25 19 26 20 27 19 28 1 29 8 30 8 31 15 32 13 33 4 34 1 35 10 37 4 38 1 39 17 40 10 41 17 42 13 43 13 44 5 45 5 46 2 47 10 48 5 49 2 51 10 53 1 54 15 55 18 56 11 57 14 58 14 60 7 61 8 62 19 63 10 64 9 65 13 66 5 67 16 68 18 22 19 36 4 50 4 52 7 59 15
1 0 7 2 13 3 10 4 15 5 12 6 14 7 15 8 10 9 10 10 6 11 19 12 10 13 16 14 18 15 15 16 18 17 15 18 11 19 14 20 18 21 19 22 12 23 16 25 19 26 9 27 8 29 10 30 2 31 14 32 7 34 3 35 9 36 16 37 17 38 2 39 15 40 14 41 1 42 1 43 15 44 16 45 14 46 7 47 12 48 10 49 6 50 7 51 10 52 13 53 15 54 16 56 6 57 17 58 8 59 15 60 3 61 17 62 8 63 8 64 5 65 6 66 7 67 10 68 7 24 1 28 18 33 13 55 2
2 0 3 1 13 4 6 5 13 7 6 8 10 9 16 11 16 12 5 13 6 14 16 15 7 16 2 17 19 18 12 19 7 21 12 22 7 23 16 24 20 26 20 27 16 28 17 29 5 30 1 31 16 32 11 33 5 34 17 35 9 36 13 37 3 38 8 39 19 40 11 41 17 43 4 44 18 45 7 46 12 48 12 49 7 50 4 51 12 52 13 53 8 54 14 55 8 56 1 57 12 58 4 60 12 61 20 62 6 63 19 64 14 65 17 66 13 67 13 68 13 3 14 20 13 25 11 42 3 47 11 59 2
3 0 9 1 10 2 14 4 20 5 6 6 9 7 2 9 1 10 11 11 18 12 6 13 20 14 15 16 12 17 13 18 20 19 12 20 6 21 8 22 20 24 15 26 15 27 20 28 4 29 19 30 16 31 9 34 7 35 20 36 8 38 17 39 13 40 13 41 10 43 5 45 10 47 1 48 8 49 8 50 12 51 2 52 19 53 10 54 10 55 15 56 12 57 6 58 18 59 2 60 8 61 6 62 19 63 18 64 11 65 3 66 20 67 5 68 18 8 10 15 15 23 19 25 18 32 12 33 14 37 3 42 10 44 19 46 19
4 0 5 1 15 2 6 3 20 5 13 6 1 7 7 8 14 9 10 10 13 11 20 12 12 13 1 14 2 15 11 16 11 17 12 18 14 20 18 21 3 23 14 25 17 27 15 28 7 29 9 30 5 31 7 32 17 33 1 34 15 36 10 37 15 38 12 39 14 40 6 41 19 42 11 43 11 44 16 46 2 48 9 49 9 50 9 51 12 52 20 53 13 54 16 55 6 56 20 57 2 59 17 60 3 61 19 62 5 63 20 64 9 65 11 66 11 67 4 68 4 19 14 22 14 26 14 35 15 45 13 47 19 58 13
5 0 9 1 12 2 13 3 6 4 13 6 8 7 18 8 5 9 17 10 8 11 17 12 2 14 5 15 8 16 2 17 19 18 17 19 18 20 14 21 17 22 5 23 9 25 12 26 4 27 1 28 12 29 20 30 7 31 19 32 4 33 3 34 7 35 14 36 18 37 15 38 3 39 3 40 18 41 6 42 5 43 7 44 15 45 6 46 15 47 9 48 3 49 10 50 8 51 7 53 15 55 8 56 14 57 6 58 8 59 20 60 9 61 9 62 6 63 15 64 11 65 15 66 8 67 13 68 9 13 15 24 19 52 3 54 18
6 0 18 1 14 3 9 4 1 5 8 7 10 8 19 9 11 10 12 11 17 13 13 14 12 15 18 16 17 17 1 18 2 19 13 20 3 22 5 23 10 24 16 25 3 26 11 27 1 28 9 29 1 30 15 31 2 32 5 33 5 34 3 35 19 37 14 38 12 39 20 40 2 41 20 42 3 43 12 44 1 45 14 46 11 47 11 48 19 49 19 51 19 52 20 53 1 54 13 55 14 56 8 57 2 58 18 59 2 61 16 62 15 63 12 64 12 65 20 67 11 68 4 21 18 36 14 50 16 60 9 66 4
7 0 12 1 15 2 6 3 2 4 7 5 18 6 10 9 5 10 11 11 9 13 11 14 14 15 15 16 4 17 3 18 20 20 17 21 6 22 4 23 5 24 6 25 8 26 5 27 12 29 8 30 8 31 1 32 17 33 3 34 19 35 3 36 12 37 8 38 5 39 19 40 4 41 18 42 10 44 12 45 2 46 12 47 18 48 19 49 13 50 5 51 16 52 1 53 13 54 6 55 18 56 8 57 8 58 19 59 20 60 5 61 19 62 3 63 5 64 9 65 7 66 1 67 11 68 15 8 2 19 6 28 9 43 1
8 0 20 1 10 2 10 4 14 5 5 6 19 3 10 7 2 9 13 10 2 12 10 13 1 14 3 15 10 16 10 17 2 18 16 19 4 20 14 21 9 22 9 23 8 24 17 25 1 26 4 27 6 28 10 29 19 30 13 31 17 32 1 33 14 34 7 36 15 37 19 38 13 39 4 40 9 42 11 43 9 44 20 45 20 46 12 47 6 48 14 49 1 50 9 51 13 52 14 53 6 54 19 55 9 56 4 57 5 58 12 59 10 60 9 61 8 62 8 63 18 65 14 68 4 11 5 35 2 41 2 66 20 67 7
9 0 12 1 10 2 16 3 1 4 10 5 17 6 11 7 5 8 13 10 4 11 4 12 10 13 16 14 17 15 2 16 6 17 20 18 2 19 6 20 2 21 14 22 1 23 19 25 4 26 13 30 14 31 11 32 13 33 17 34 8 35 9 36 2 37 7 38 6 39 8 40 19 41 10 42 1 43 15 44 17 45 14 46 20 47 2 48 9 49 20 50 1 51 20 52 17 53 4 54 10 55 1 56 13 57 19 58 7 59 20 60 1 61 17 62 1 64 18 66 15 67 19 68 20 28 3 29 11 63 19 65 2
10 0 6 1 6 3 11 4 13 5 8 6 12 7 11 8 2 9 4 11 15 12 3 13 18 14 8 15 20 17 13 18 18 19 10 20 4 21 13 22 19 23 2 24 8 25 12 26 3 27 20 28 17 29 7 30 11 31 3 32 9 34 4 35 9 36 4 38 10 39 8 40 16 41 4 42 4 43 1 45 3 46 7 47 1 48 16 49 20 50 6 51 15 52 6 53 8 54 11 55 15 56 12 57 18 58 16 59 11 60 8 61 13 62 15 63 14 64 20 65 17 66 7 67 16 68 1 16 4 33 13 44 9
11 0 18 1 19 2 16 3 18 4 20 5 17 6 17 7 9 9 4 10 15 8 5 12 8 13 7 14 9 15 3 16 13 17 4 19 2 20 9 21 4 23 4 24 15 25 6 26 18 28 8 29 10 30 16 31 13 32 20 33 10 34 14 36 5 37 15 38 20 39 9 41 6 42 9 43 5 44 1 45 8 46 11 47 16 48 1 49 16 50 10 51 13 52 5 54 6 55 5 56 17 57 3 58 6 59 17 61 5 62 12 63 15 64 18 65 5 66 9 67 11 68 10 18 8 22 15 27 8 35 19 40 8 53 17 60 17
12 0 10 1 10 2 5 3 6 4 12 5 2 8 10 9 10 10 3 11 8 13 4 14 11 15 14 16 15 17 1 18 3 19 2 20 9 21 9 22 16 24 11 25 12 26 12 27 10 28 4 29 14 30 3 31 4 32 17 33 1 34 2 35 15 37 17 38 18 39 7 40 19 42 8 43 7 44 2 45 6 46 14 48 2 49 11 50 19 51 9 52 4 53 9 54 16 55 1 56 20 57 3 59 11 60 20 61 8 62 16 63 20 65 10 66 13 67 7 68 4 23 19 36 6 41 12 47 6 58 17 64 20
13 0 18 1 16 2 6 3 20 4 1 6 13 7 11 8 1 9 16 10 18 11 7 12 4 5 15 14 8 15 5 16 20 17 16 18 13 19 7 21 15 22 4 23 6 24 18 25 10 26 16 27 3 28 17 29 5 30 1 31 9 32 1 33 4 34 6 35 18 36 17 37 1 38 6 39 13 40 14 42 19 43 1 44 11 45 11 46 9 47 1 48 10 49 17 50 11 53 8 54 11 55 10 56 3 57 17 58 13 59 14 60 16 61 5 62 18 63 8 64 1 65 10 66 4 67 4 68 17 20 5 41 4 51 2
14 0 3 1 18 2 16 3 15 4 2 5 5 6 12 7 14 8 3 9 17 10 8 11 9 12 11 13 8 15 17 16 18 19 6 20 18 21 16 22 14 24 11 25 17 26 3 27 6 28 5 29 4 30 19 31 6 32 1 33 2 34 16 35 2 36 11 37 10 38 20 39 1 40 2 41 15 42 6 43 18 45 4 46 6 48 4 49 3 50 13 51 15 53 20 54 5 55 6 56 11 57 20 58 20 59 9 61 11 62 17 65 19 66 11 67 3 68 5 17 20 18 18 23 12 44 11 47 16 52 7 63 6 64 10
15 0 19 1 15 2 7 4 11 5 8 6 18 7 15 8 10 9 2 10 20 11 3 12 14 13 5 14 17 3 15 16 1 17 6 18 17 19 4 20 20 22 14 23 17 24 13 25 4 26 14 28 2 29 14 30 4 31 18 32 3 33 9 34 7 35 14 37 19 38 18 39 8 40 11 41 8 42 11 43 5 45 2 46 14 47 9 48 5 49 6 50 14 51 14 52 5 53 2 54 3 55 14 57 20 58 10 59 6 60 20 61 20 62 3 63 18 65 16 66 19 68 9 21 7 27 6 36 6 44 13 56 18 64 11 67 19
16 0 9 1 18 2 2 3 12 4 11 5 2 6 17 7 4 8 10 9 6 11 13 12 15 13 20 14 18 15 1 10 4 17 20 19 2 20 16 22 7 23 4 24 6 25 14 26 20 27 3 28 10 29 2 30 9 31 4 32 20 33 12 35 18 36 13 37 10 38 17 39 4 40 10 41 17 42 16 43 16 44 17 45 18 47 12 48 10 49 9 50 15 51 15 52 14 53 13 54 3 55 8 56 20 57 11 58 1 59 9 60 10 61 12 63 20 64 19 65 5 66 14 67 17 68 11 18 4 21 13 34 11 46 9 62 4
17 0 8 1 15 2 19 3 13 4 12 5 19 6 1 7 3 8 2 9 20 10 13 11 4 12 1 13 16 15 6 16 20 14 20 18 2 19 9 20 20 21 13 22 18 23 16 24 6 25 19 26 7 27 18 28 12 29 11 30 8 31 19 32 19 34 15 35 1 36 7 38 3 39 14 40 5 41 5 42 11 43 10 44 1 45 1 46 19 47 12 48 16 49 11 50 2 51 1 52 3 53 16 54 5 55 3 56 16 57 8 58 16 59 14 60 6 61 3 62 17 63 17 64 20 65 14 66 10 67 7 68 14 33 20 37 7
18 0 20 1 11 2 12 3 20 4 14 5 17 6 2 7 20 8 16 9 2 10 18 12 3 13 13 15 17 17 2 11 8 14 18 16 4 19 8 20 9 21 6 22 11 23 12 24 11 26 8 27 5 28 9 29 17 30 3 31 11 32 14 33 18 34 13 35 2 36 20 37 18 38 14 39 14 40 2 41 12 42 13 43 4 44 5 45 18 46 10 47 14 48 4 50 1 51 1 52 7 54 18 55 15 56 19 57 6 58 8 60 12 61 14 62 18 63 18 64 4 65 8 66 15 67 9 68 13 25 1 49 4
19 0 12 1 14 2 7 3 12 5 18 6 13 8 4 9 6 10 10 11 2 12 2 13 7 14 6 15 4 16 2 17 9 18 8 4 14 7 6 20 16 21 11 22 14 23 3 24 10 25 2 26 20 27 2 28 8 29 4 30 2 31 8 32 1 33 17 34 3 35 20 36 11 37 16 38 2 39 6 40 1 41 6 42 14 43 5 45 10 46 18 47 15 48 7 49 12 50 9 51 20 52 8 53 16 54 14 55 11 56 14 57 16 59 17 60 7 61 2 63 18 64 6 65 18 66 12 67 19 68 1 44 2 58 14
20 0 14 1 18 3 6 4 18 5 14 6 3 7 17 8 14 9 2 10 4 11 9 12 9 14 18 15 20 16 16 17 20 18 9 19 16 2 13 13 5 21 10 22 10 23 18 26 12 27 9 28 14 29 10 30 3 31 10 33 12 35 7 36 7 37 8 38 12 39 1 40 11 41 12 42 14 43 20 44 15 45 6 46 20 48 20 50 6 51 1 52 8 53 17 54 12 55 2 56 17 57 7 58 11 59 6 60 9 61 1 62 5 64 13 66 14 67 16 68 12 24 17 25 19 32 9 34 10 47 3 49 12 63 20 65 13
21 0 11 1 19 2 12 3 8 4 3 5 17 7 6 8 9 9 14 10 13 11 4 12 9 13 15 14 16 17 13 18 6 19 11 20 10 6 18 15 7 16 13 22 13 23 8 24 20 25 17 26 3 27 10 28 17 29 14 30 7 31 9 32 15 33 4 34 4 35 20 36 6 37 12 38 20 40 18 41 11 42 6 43 13 44 1 45 9 46 1 48 20 50 15 51 9 52 4 53 2 54 17 55 6 56 2 57 14 58 18 59 3 60 5 61 8 62 7 63 13 64 12 65 2 66 15 67 13 68 9 39 1 47 13 49 2
22 1 12 2 7 3 20 5 5 6 5 7 4 8 9 9 1 10 19 12 16 13 4 14 14 15 14 16 7 17 18 18 11 19 14 20 10 21 13 0 19 4 14 11 15 23 13 24 13 25 5 26 13 27 15 28 4 29 9 30 14 32 13 33 4 34 9 35 16 37 6 38 4 39 9 40 20 41 14 42 2 43 1 44 9 45 17 46 11 47 3 48 13 49 4 50 2 51 10 52 12 53 3 54 16 55 12 56 16 57 16 58 11 59 19 61 14 62 5 63 14 64 18 65 7 66 11 67 15 68 19 31 17 36 19 60 12
23 0 3 1 16 2 16 4 14 5 9 6 10 7 5 8 8 9 19 10 2 11 4 13 6 15 17 16 4 17 16 18 12 19 3 20 18 21 8 22 13 3 19 12 19 14 12 24 7 25 14 26 10 27 20 28 3 29 11 30 19 31 13 32 9 33 18 34 10 35 13 36 10 37 10 38 10 39 1 40 4 41 4 42 17 43 5 44 2 45 1 48 10 49 19 50 16 51 11 52 20 53 5 55 7 56 18 57 2 58 15 59 9 60 17 61 20 62 1 64 2 66 4 67 18 68 8 46 18 47 18 54 14 63 9 65 10
24 0 12 2 20 3 15 6 16 7 6 8 17 10 8 11 15 12 11 13 18 14 11 15 13 16 6 17 6 18 11 19 10 21 20 22 13 23 7 1 1 5 19 20 17 25 15 26 20 27 3 28 10 30 20 31 1 33 10 36 14 37 12 38 3 39 10 40 10 41 5 42 4 43 12 44 8 45 18 46 16 47 16 48 20 49 6 50 16 52 13 53 9 54 12 55 18 56 2 57 4 58 4 59 18 60 7 61 18 62 1 63 8 64 1 65 20 66 17 67 7 68 15 29 18 32 7 34 8 35 3 51 14
25 0 19 1 19 4 17 5 12 6 3 7 8 8 1 9 4 10 12 11 6 12 12 13 10 14 17 15 4 16 14 17 19 19 2 21 17 22 5 23 14 24 15 2 11 3 18 18 1 20 19 26 19 27 16 28 11 29 20 30 18 31 3 32 16 33 13 35 20 37 7 38 4 39 14 40 13 41 6 42 7 44 6 45 15 46 5 47 14 48 7 49 16 50 15 51 19 52 7 53 14 54 11 55 13 56 3 57 8 58 19 59 13 60 18 61 10 62 17 63 20 64 4 65 14 66 5 67 16 68 20 34 17 43 11
26 0 20 1 9 2 20 3 15 5 4 6 11 7 5 8 4 9 13 10 3 11 18 12 12 13 16 14 3 15 14 16 20 17 7 18 8 19 20 20 12 21 3 22 13 23 10 24 20 25 19 4 14 27 5 28 8 29 12 30 2 31 14 32 10 33 7 34 3 35 2 36 8 37 13 38 12 39 9 40 3 41 6 42 14 43 15 44 12 45 5 47 8 48 17 49 18 50 10 51 15 52 11 53 14 54 11 55 3 56 8 58 8 59 1 60 7 61 5 62 13 63 20 64 7 65 20 66 13 67 10 68 5 46 20
27 0 19 1 8 2 16 3 20 4 15 5 1 6 1 7 12 8 6 10 20 12 10 13 3 14 6 16 3 17 18 18 5 19 2 20 9 21 10 22 15 23 20 24 3 25 16 26 5 11 8 15 6 28 16 29 10 30 12 31 5 32 2 34 15 35 8 36 4 37 7 38 2 39 16 40 10 41 6 42 13 43 15 45 4 46 15 47 20 48 4 49 1 50 3 51 1 52 4 53 12 55 17 56 9 57 17 58 20 59 16 60 13 61 1 62 12 63 2 64 15 65 14 66 9 67 17 68 14 33 19 44 6 54 20
28 0 1 2 17 3 4 4 7 5 12 6 9 8 10 10 17 11 8 12 4 13 17 14 5 15 2 16 10 17 12 18 9 19 8 20 14 21 17 22 4 23 3 24 10 25 11 26 8 27 16 1 18 7 9 9 3 29 20 30 1 31 1 32 8 34 14 35 6 36 4 37 17 38 11 39 16 40 3 41 19 42 6 43 7 44 5 45 3 46 10 47 15 48 4 49 10 50 18 51 8 52 8 53 8 54 17 55 6 56 11 57 15 59 3 60 6 61 3 62 8 63 16 64 15 65 14 66 13 67 5
29 0 8 1 10 2 5 3 19 4 9 5 20 6 1 7 8 8 19 10 7 11 10 12 14 13 5 14 4 15 14 16 2 17 11 18 17 19 4 20 10 21 14 22 9 23 11 25 20 26 12 27 10 28 20 9 11 24 18 30 20 31 5 32 4 33 17 34 6 35 7 36 19 38 6 39 11 40 17 41 11 43 15 44 18 45 5 46 8 47 9 48 2 49 15 51 6 52 9 53 16 54 15 55 19 56 14 57 19 58 1 59 3 60 7 62 9 63 16 64 8 66 11 67 7 68 6 37 17 42 7 50 18 61 9 65 16
30 0 8 1 2 2 1 3 16 4 5 5 7 6 15 7 8 8 13 9 14 10 11 11 16 12 3 13 1 14 19 15 4 16 9 17 8 18 3 19 2 20 3 21 7 22 14 23 19 24 20 25 18 26 2 27 12 28 1 29 20 31 14 33 17 34 7 35 10 36 18 37 2 38 3 39 9 41 9 42 2 44 15 45 10 46 3 47 13 48 16 49 16 50 2 51 5 54 13 55 2 56 18 57 3 58 18 59 3 60 15 62 6 63 2 64 20 65 5 66 19 67 8 68 1 32 3 40 1 43 16 52 5 53 14 61 17
31 0 15 1 14 2 16 3 9 4 7 5 19 6 2 7 1 8 17 9 11 10 3 11 13 12 4 13 9 14 6 15 18 16 4 17 19 18 11 19 8 20 10 21 9 23 13 24 1 25 3 26 14 27 5 28 1 29 5 30 14 22 17 32 8 33 16 34 5 35 4 36 18 37 7 38 11 39 17 40 13 41 5 42 3 43 17 44 1 45 9 46 6 47 18 48 18 49 3 50 12 51 19 52 4 53 2 54 19 57 19 58 1 59 7 60 1 61 2 63 10 64 11 65 4 66 11 68 8 55 15 56 4 62 12 67 3
32 0 13 1 7 2 11 4 17 5 4 6 5 7 17 8 1 9 13 10 9 11 20 12 17 13 1 14 1 15 3 16 20 17 19 18 14 19 1 21 15 22 13 23 9 25 16 26 10 27 2 28 8 29 4 31 8 3 12 20 9 24 7 30 3 33 7 34 1 35 19 38 4 39 3 40 15 41 12 43 13 44 18 45 3 46 17 47 18 48 20 49 2 50 12 51 16 52 4 53 20 54 17 55 12 56 19 57 13 58 12 59 3 61 9 62 9 63 3 64 19 65 19 66 16 67 2 68 1 36 12 37 14 60 11
33 0 4 2 5 4 1 5 3 6 5 7 3 8 14 9 17 11 10 12 1 13 4 14 2 15 9 16 12 18 18 19 17 20 12 21 4 22 4 23 18 24 10 25 13 26 7 29 17 30 17 31 16 32 7 1 13 3 14 10 13 17 20 27 19 34 2 35 7 36 5 37 8 38 14 39 6 40 1 41 15 42 6 43 20 44 7 45 7 46 9 47 19 48 18 49 2 50 10 51 20 52 3 53 1 54 6 55 3 56 8 57 20 59 9 60 20 61 19 62 5 63 11 64 13 65 14 67 16 68 7 58 17 66 17
34 0 1 1 3 2 17 3 7 4 15 5 7 6 3 7 19 8 7 9 8 10 4 11 14 12 2 13 6 14 16 15 7 17 15 18 13 19 3 21 4 22 9 23 10 26 3 27 15 28 14 29 6 30 7 31 5 32 1 33 2 16 11 20 10 24 8 25 17 35 1 36 7 37 5 38 10 39 8 40 15 41 16 42 16 44 3 45 13 46 19 48 16 49 9 50 9 51 9 53 14 54 2 55 3 56 1 57 18 58 11 59 7 60 3 61 3 62 5 64 12 65 13 66 5 67 14 68 1 43 6 47 11 52 8 63 5
35 0 10 1 9 2 9 3 20 5 14 6 19 7 3 9 9 10 9 12 15 13 18 14 2 15 14 16 18 17 1 18 2 19 20 20 7 21 20 22 16 23 13 25 20 26 2 27 8 28 6 29 7 30 10 31 4 32 19 33 7 34 1 4 15 8 2 11 19 24 3 36 3 37 9 38 18 39 17 40 11 42 4 43 10 44 1 45 17 46 3 47 15 48 14 49 17 52 12 53 16 54 12 55 20 56 6 57 2 58 9 59 10 60 3 61 12 62 7 63 20 64 20 65 1 66 14 67 15 68 15 41 12 50 16 51 20
36 1 16 2 13 3 8 4 10 5 18 7 12 8 15 9 2 10 4 11 5 13 17 14 11 16 13 17 7 18 20 19 11 20 7 21 6 23 10 24 14 26 8 27 4 28 4 29 19 30 18 31 18 33 5 34 7 35 3 0 4 6 14 12 6 15 6 22 19 32 12 37 7 38 5 39 5 40 10 41 3 42 7 43 15 44 4 45 12 46 19 47 18 48 6 49 3 50 12 51 19 53 10 54 10 55 7 56 6 57 18 58 1 61 12 62 16 63 19 64 4 65 10 66 1 67 6 68 4 52 10 59 19 60 4
37 0 4 1 17 2 3 4 15 5 15 6 14 7 8 8 19 9 7 11 15 12 17 13 1 14 10 15 19 16 10 18 18 19 16 20 8 21 12 22 6 23 10 24 12 25 7 26 13 27 7 28 17 30 2 31 7 33 8 34 5 35 9 36 7 3 3 17 7 29 17 32 14 38 7 39 9 40 11 41 5 42 6 43 9 45 12 46 8 47 9 50 12 51 7 53 2 54 10 55 15 56 11 57 11 58 1 59 4 62 5 63 2 64 8 65 20 66 10 67 11 68 15 44 17 48 2 49 17 52 8 60 17 61 11
38 0 1 1 2 2 8 3 17 4 12 5 3 6 12 7 5 8 13 9 6 10 10 11 20 12 18 13 6 14 20 15 18 16 17 17 3 18 14 19 2 20 12 21 20 22 4 23 10 24 3 25 4 26 12 27 2 28 11 29 6 30 3 31 11 32 4 33 14 34 10 35 18 36 5 37 7 39 17 40 9 41 1 42 3 43 2 44 17 45 9 46 15 47 14 48 12 49 12 50 6 51 7 52 7 53 6 54 18 55 5 56 9 57 9 58 10 60 2 61 3 62 8 63 8 65 14 67 13 68 13 59 11 64 10 66 1
39 0 17 1 15 2 19 3 13 4 14 5 3 6 20 7 19 8 4 9 8 10 8 11 9 12 7 13 13 14 1 15 8 16 4 17 14 18 14 19 6 20 1 22 9 23 1 24 10 25 14 26 9 27 16 28 16 29 11 30 9 31 17 32 3 33 6 34 8 35 17 36 5 37 9 38 17 21 1 40 15 41 10 42 4 43 16 44 16 45 5 46 19 47 3 48 4 49 18 50 5 51 18 52 8 53 9 54 13 55 14 56 5 57 19 58 7 59 5 60 7 62 20 63 15 64 15 65 9 66 3 67 16 61 18 68 18
40 0 10 1 14 2 11 3 13 4 6 5 18 6 2 7 4 8 9 9 19 10 16 12 19 13 14 14 2 15 11 16 10 17 5 18 2 19 1 20 11 21 18 22 20 23 4 24 10 25 13 26 3 27 10 28 3 29 17 31 13 32 15 33 1 34 15 35 11 36 10 37 11 38 9 39 15 11 8 30 1 41 13 42 4 43 17 44 15 45 10 47 20 48 15 49 13 50 8 52 11 53 7 54 17 56 4 57 1 58 4 59 8 60 4 61 2 62 3 63 1 64 9 65 4 67 9 68 5 46 7 51 10 55 4 66 9
41 0 17 1 1 2 17 3 10 4 19 5 6 6 20 7 18 9 10 10 4 11 6 14 15 15 8 16 17 17 5 18 12 19 6 20 12 21 11 22 14 23 4 24 5 25 6 26 6 27 6 28 19 29 11 30 9 31 5 32 12 33 15 34 16 36 3 37 5 38 1 39 10 40 13 8 2 12 12 13 4 35 12 42 14 43 14 44 19 45 17 46 12 47 11 48 14 49 17 50 20 52 2 54 12 55 2 56 19 57 1 58 7 59 14 60 14 61 2 62 8 63 8 64 16 66 12 67 12 68 16 51 8 53 2 65 12
42 0 13 1 1 4 11 5 5 6 3 7 10 8 11 9 1 10 4 11 9 12 8 13 19 14 6 15 11 16 16 17 11 18 13 19 14 20 14 21 6 22 2 23 17 24 4 25 7 26 14 27 13 28 6 30 2 31 3 33 6 34 16 35 4 36 7 37 6 38 3 39 4 40 4 41 14 2 3 3 10 29 7 43 14 44 10 45 16 46 8 47 1 48 2 49 13 50 20 52 12 53 16 54 11 55 5 56 4 57 3 58 5 59 7 60 2 61 15 62 9 63 5 64 14 65 18 66 5 67 12 68 12 51 8
43 0 13 1 15 2 4 3 5 4 11 5 7 6 12 8 9 9 15 10 1 11 5 12 7 13 1 14 18 15 5 16 16 17 10 18 4 19 5 20 20 21 13 22 1 23 5 24 12 26 15 27 15 28 7 29 15 31 17 32 13 33 20 35 10 36 15 37 9 38 2 39 16 40 17 41 14 42 14 7 1 25 11 30 16 34 6 44 16 45 12 46 8 47 1 48 16 50 14 51 9 53 3 54 4 55 7 56 9 57 18 58 7 59 11 60 5 61 8 62 17 63 11 64 17 65 16 66 3 68 5 49 2 52 9 67 1
44 0 5 1 16 2 18 4 16 5 15 6 1 7 12 8 20 9 17 11 1 12 2 13 11 16 17 17 1 18 5 20 15 21 1 22 9 23 2 24 8 25 6 26 12 28 5 29 18 30 15 31 1 32 18 33 7 34 3 35 1 36 4 38 17 39 16 40 15 41 19 42 10 43 16 3 19 10 9 14 11 15 13 19 2 27 6 37 17 45 15 46 2 47 9 48 6 50 7 52 2 53 14 54 2 55 5 56 11 57 9 58 7 59 15 60 9 61 18 62 20 63 10 64 18 65 18 66 10 67 10 68 14 49 20 51 1
45 0 5 1 14 2 7 3 10 5 6 6 14 7 2 8 20 9 14 10 3 11 8 12 6 13 11 14 4 15 2 16 18 17 1 18 18 19 10 20 6 21 9 22 17 23 1 24 18 25 15 26 5 27 4 28 3 29 5 30 10 31 9 32 3 33 7 34 13 35 17 36 12 37 12 38 9 39 5 40 10 41 17 42 16 43 12 44 15 4 13 46 9 47 15 48 8 49 7 50 14 51 18 52 20 53 15 54 11 55 12 56 10 57 6 58 10 59 1 60 14 61 15 62 5 63 4 64 8 65 13 66 15 67 20 68 8
46 0 2 1 7 2 12 4 2 5 15 6 11 7 12 8 12 9 20 10 7 11 11 12 14 13 9 14 6 15 14 17 19 18 10 19 18 20 20 21 1 22 11 24 16 25 5 27 15 28 10 29 8 30 3 31 6 32 17 33 9 34 19 35 3 36 19 37 8 38 15 39 19 41 12 42 8 43 8 44 2 45 9 3 19 16 9 23 18 26 20 40 7 47 6 48 11 49 11 50 9 51 13 52 19 53 12 54 17 55 1 56 3 57 14 58 1 59 12 60 10 61 3 62 7 63 9 65 16 66 11 68 6 64 18 67 14
47 0 10 1 12 3 1 5 9 6 11 7 18 8 6 9 2 10 1 11 16 13 1 15 9 16 12 17 12 18 14 19 15 22 3 24 16 25 14 26 8 27 20 28 15 29 9 30 13 31 18 32 18 33 19 35 15 36 18 37 9 38 14 39 3 40 20 41 11 42 1 43 1 44 9 45 15 46 6 2 11 4 19 12 6 14 16 20 3 21 13 23 18 34 11 48 20 49 11 50 14 51 4 52 17 53 12 54 4 55 8 56 6 57 16 58 19 59 14 60 5 61 7 63 14 64 10 65 7 66 9 67 10 68 4 62 13
48 0 5 1 10 2 12 3 8 4 9 5 3 6 19 7 19 8 14 9 9 10 16 11 1 12 2 13 10 14 4 15 5 16 10 17 16 18 4 19 7 20 20 21 20 22 13 23 10 24 20 25 7 26 17 27 4 28 4 29 2 30 16 31 18 32 20 33 18 34 16 35 14 36 6 38 12 39 4 40 15 41 14 42 2 43 16 44 6 45 8 46 11 47 20 37 2 49 1 50 14 51 19 52 6 53 2 54 17 55 17 56 9 57 13 58 20 59 14 61 2 62 18 63 19 64 10 65 18 67 3 68 11 66 11
49 0 2 1 6 2 7 3 8 4 9 5 10 6 19 7 13 8 1 9 20 10 20 11 16 12 11 13 17 14 3 15 6 16 9 17 11 19 12 22 4 23 19 24 6 25 16 26 18 27 1 28 10 29 15 30 16 31 3 32 2 33 2 34 9 35 17 36 3 38 12 39 18 40 13 41 17 42 13 45 7 46 11 47 11 48 1 18 4 20 12 21 2 37 17 43 2 44 20 50 9 51 10 52 17 53 9 54 17 55 19 58 10 59 13 60 8 61 12 62 11 64 7 65 3 66 19 67 4 68 16 56 8 57 15 63 17
50 1 7 2 4 3 12 4 9 5 8 7 5 8 9 9 1 10 6 11 10 12 19 13 11 14 13 15 14 16 15 17 2 18 1 19 9 20 6 21 15 22 2 23 16 24 16 25 15 26 10 27 3 28 18 30 2 31 12 32 12 33 10 34 9 36 12 37 12 38 6 39 5 40 8 41 20 42 20 43 14 44 7 45 14 46 9 47 14 48 14 49 9 0 4 6 16 29 18 35 16 51 20 52 14 53 17 54 12 55 11 56 9 57 14 58 7 59 15 60 10 61 5 62 9 63 15 64 5 65 5 66 6 67 17 68 19
51 0 10 1 10 2 12 3 2 4 12 5 7 6 19 7 16 8 13 9 20 10 15 11 13 12 9 14 15 15 14 16 15 17 1 18 1 19 20 20 1 21 9 22 10 23 11 25 19 26 15 27 1 28 8 29 6 30 5 31 19 32 16 33 20 34 9 36 19 37 7 38 7 39 18 43 9 45 18 46 13 47 4 48 19 49 10 50 20 13 2 24 14 35 20 40 10 41 8 42 8 44 1 52 4 53 6 54 20 56 6 57 8 58 18 59 20 60 2 61 19 62 8 63 3 64 2 66 2 67 10 68 14 55 10 65 6
52 1 13 2 13 3 19 4 20 6 20 7 1 8 14 9 17 10 6 11 5 12 4 15 5 16 14 17 3 18 7 19 8 20 8 21 4 22 12 23 20 24 13 25 7 26 11 27 4 28 8 29 9 31 4 32 4 33 3 35 12 38 7 39 8 40 11 41 2 42 12 44 2 45 20 46 19 47 17 48 6 49 17 50 14 51 4 0 7 5 3 14 7 30 5 34 8 36 10 37 8 43 9 53 20 55 7 56 12 57 13 58 1 59 7 61 16 62 6 63 18 64 6 65 7 66 12 67 10 60 1 68 17
53 0 1 1 15 2 8 3 10 4 13 5 15 6 1 7 13 8 6 9 4 10 8 12 9 13 8 14 20 15 2 16 13 17 16 19 16 20 17 21 2 22 3 23 5 24 9 25 14 26 14 27 12 28 8 29 16 31 2 32 20 33 1 34 14 35 16 36 10 37 2 38 6 39 9 40 7 42 16 43 3 44 14 45 15 46 12 47 12 48 2 49 9 50 17 51 6 52 20 11 17 30 14 41 2 54 3 55 20 56 15 57 9 59 12 60 19 61 17 62 2 63 11 64 2 65 13 66 6 67 7 68 1 58 1
54 0 15 1 16 2 14 3 10 4 16 6 13 7 6 8 19 9 10 10 11 11 6 12 16 13 11 14 5 15 3 16 3 17 5 18 18 19 14 20 12 21 17 22 16 24 12 25 11 26 11 28 17 29 15 30 13 31 19 32 17 33 6 34 2 35 12 36 10 37 10 38 18 39 13 40 17 41 12 42 11 43 4 44 2 45 11 46 17 47 4 48 17 49 17 50 12 51 20 53 3 5 18 23 14 27 20 56 9 57 14 58 12 60 17 61 2 62 3 63 10 64 18 65 16 67 6 68 13 55 17 59 14 66 9
55 0 18 2 8 3 15 4 6 5 8 6 14 7 18 8 9 9 1 10 15 11 5 12 1 13 10 14 6 15 14 16 8 17 3 18 15 19 11 20 2 21 6 22 12 23 7 24 18 25 13 26 3 27 17 28 6 29 19 30 2 32 12 33 3 34 3 35 20 36 7 37 15 38 5 39 14 41 2 42 5 43 7 44 5 45 12 46 1 47 8 48 17 49 19 50 11 52 7 53 20 1 2 31 15 40 4 51 10 54 17 56 1 57 8 58 17 59 20 60 15 61 15 62 12 63 13 64 8 65 14 66 9 67 7 68 4
56 0 11 1 6 2 1 3 12 4 20 5 14 6 8 7 8 8 4 9 13 10 12 11 17 12 20 13 3 14 11 16 20 17 16 18 19 19 14 20 17 21 2 22 16 23 18 24 2 25 3 26 8 27 9 28 11 29 14 30 18 32 19 33 8 34 1 35 6 36 6 37 11 38 9 39 5 40 4 41 19 42 4 43 9 44 11 45 10 46 3 47 6 48 9 50 9 51 6 52 12 53 15 54 9 55 1 15 18 31 4 49 8 57 2 58 8 59 17 60 20 61 15 62 2 63 14 64 6 66 5 67 16 68 4 65 5
57 0 14 1 17 2 12 3 6 4 2 5 6 6 2 7 8 8 5 9 19 10 18 11 3 12 3 13 17 14 20 15 20 16 11 17 8 18 6 19 16 20 7 21 14 22 16 23 2 24 4 25 8 27 17 28 15 29 19 30 3 31 19 32 13 33 20 34 18 35 2 36 18 37 11 38 9 39 19 40 1 41 1 42 3 43 18 44 9 45 6 46 14 47 16 48 13 50 14 51 8 52 13 53 9 54 14 55 8 56 2 49 15 58 4 59 4 60 14 61 3 62 14 63 8 64 16 65 2 66 4 67 1 68 16
58 0 14 1 8 2 4 3 18 5 8 6 18 7 19 8 12 9 7 10 16 11 6 13 13 14 20 15 10 16 1 17 16 18 8 20 11 21 18 22 11 23 15 24 4 25 19 26 8 27 20 29 1 30 18 31 1 32 12 34 11 35 9 36 1 37 1 38 10 39 7 40 4 41 7 42 5 43 7 44 7 45 10 46 1 47 19 48 20 49 10 50 7 51 18 52 1 54 12 55 17 56 8 57 4 4 13 12 17 19 14 33 17 53 1 59 5 60 6 61 5 62 1 64 14 65 12 66 19 67 1 68 2 63 20
59 1 15 3 2 4 17 5 20 6 2 7 20 8 10 9 20 10 11 11 17 12 11 13 14 14 9 15 6 16 9 17 14 19 17 20 6 21 3 22 19 23 9 24 18 25 13 26 1 27 16 28 3 29 3 30 3 31 7 32 3 33 9 34 7 35 10 37 4 39 5 40 8 41 14 42 7 43 11 44 15 45 1 46 12 47 14 48 14 49 13 50 15 51 20 52 7 53 12 55 20 56 17 57 4 58 5 0 15 2 2 36 19 38 11 54 14 60 6 61 10 62 15 63 16 64 3 65 2 66 19 67 19 68 2
60 0 7 1 3 2 12 3 8 4 3 5 9 7 5 8 9 9 1 10 8 12 20 13 16 15 20 16 10 17 6 18 12 19 7 20 9 21 5 23 17 24 7 25 18 26 7 27 13 28 6 29 7 30 15 31 1 33 20 34 3 35 3 38 2 39 7 40 4 41 14 42 2 43 5 44 9 45 14 46 10 47 5 49 8 50 10 51 2 53 19 54 17 55 15 56 20 57 14 58 6 59 6 6 9 11 17 22 12 32 11 36 4 37 17 52 1 61 12 63 20 64 9 65 20 66 16 67 16 68 14 62 1
61 0 8 1 17 2 20 3 6 4 19 5 9 6 16 7 19 8 8 9 17 10 13 11 5 12 8 13 5 14 11 15 20 16 12 17 3 18 14 19 2 20 1 21 8 22 14 23 20 24 18 25 10 26 5 27 1 28 3 31 2 32 9 33 19 34 3 35 12 36 12 38 3 40 2 41 2 42 15 43 8 44 18 45 15 46 3 47 7 48 2 49 12 50 5 51 19 52 16 53 17 54 2 55 15 56 15 57 3 58 5 59 10 60 12 29 9 30 17 37 11 39 18 62 10 63 17 64 9 65 7 66 20 67 4 68 14
62 0 19 1 8 2 6 3 19 4 5 5 6 6 15 7 3 8 8 9 1 10 15 11 12 12 16 13 18 14 17 15 3 17 17 18 18 20 5 21 7 22 5 23 1 24 1 25 17 26 13 27 12 28 8 29 9 30 6 32 9 33 5 34 5 35 7 36 16 37 5 38 8 39 20 40 3 41 8 42 9 43 17 44 20 45 5 46 7 48 18 49 11 50 9 51 8 52 6 53 2 54 3 55 12 56 2 57 14 58 1 59 15 61 10 16 4 31 12 47 13 60 1 63 20 64 9 65 5 66 16 67 17 68 1
63 0 10 1 8 2 19 3 18 4 20 5 15 6 12 7 5 8 18 10 14 11 15 12 20 13 8 15 18 16 20 17 17 18 18 19 18 21 13 22 14 24 8 25 20 26 20 27 2 28 16 29 16 30 2 31 10 32 3 33 11 35 20 36 19 37 2 38 8 39 15 40 1 41 8 42 5 43 11 44 10 45 4 46 9 47 14 48 19 50 15 51 3 52 18 53 11 54 10 55 13 56 14 57 8 59 16 60 20 61 17 62 20 9 19 14 6 20 20 23 9 34 5 49 17 58 20 64 14 65 9 66 5 67 13 68 6
64 0 9 1 5 2 14 3 11 4 9 5 11 6 12 7 9 9 18 10 20 11 18 13 1 16 19 17 20 18 4 19 6 20 13 21 12 22 18 23 2 24 1 25 4 26 7 27 15 28 15 29 8 30 20 31 11 32 19 33 13 34 12 35 20 36 4 37 8 39 15 40 9 41 16 42 14 43 17 44 18 45 8 47 10 48 10 49 7 50 5 51 2 52 6 53 2 54 18 55 8 56 6 57 16 58 14 59 3 60 9 61 9 62 9 63 14 12 20 14 10 15 11 38 10 46 18 65 3 66 14 67 14 68 8
65 0 13 1 6 2 17 3 3 4 11 5 15 6 20 7 7 8 14 10 17 11 5 12 10 13 10 14 19 15 16 16 5 17 14 18 8 19 18 21 2 22 7 24 20 25 14 26 20 27 14 28 14 30 5 31 4 32 19 33 14 34 13 35 1 36 10 37 20 38 14 39 9 40 4 42 18 43 16 44 18 45 13 46 16 47 7 48 18 49 3 50 5 52 7 53 13 54 16 55 14 57 2 58 12 59 2 60 20 61 7 62 5 63 9 64 3 9 2 20 13 23 10 29 16 41 12 51 6 56 5 66 15 67 9 68 20
66 0 5 1 7 2 13 3 20 4 11 5 8 7 1 9 15 10 7 11 9 12 13 13 4 14 11 15 19 16 14 17 10 18 15 19 12 20 14 21 15 22 11 23 4 24 17 25 5 26 13 27 9 28 13 29 11 30 19 31 11 32 16 34 5 35 14 36 1 37 10 39 3 41 12 42 5 43 3 44 10 45 15 46 11 47 9 49 19 50 6 51 2 52 12 53 6 55 9 56 5 57 4 58 19 59 19 60 16 61 20 62 16 63 5 64 14 65 15 6 4 8 20 33 17 38 1 40 9 48 11 54 9 67 20 68 10
67 0 16 1 10 2 13 3 5 4 4 5 13 6 11 7 11 9 19 10 16 11 11 12 7 13 4 14 3 16 17 17 7 18 9 19 19 20 16 21 13 22 15 23 18 24 7 25 16 26 10 27 17 28 5 29 7 30 8 32 2 33 16 34 14 35 15 36 6 37 11 38 13 39 16 40 9 41 12 42 12 44 10 45 20 47 10 48 3 49 4 51 10 52 10 53 7 54 6 55 7 56 16 57 1 58 1 59 19 60 16 61 4 62 17 63 13 64 14 65 9 66 20 8 7 15 19 31 3 43 1 46 14 50 17 68 9
68 0 18 1 7 2 13 3 18 4 4 5 9 6 4 7 15 8 4 9 20 10 1 11 10 12 4 13 17 14 5 15 9 16 11 17 14 18 13 19 1 20 12 21 9 22 19 23 8 24 15 25 20 26 5 27 14 29 6 30 1 31 8 32 1 33 7 34 1 35 15 36 4 37 15 38 13 40 5 41 16 42 12 43 5 44 14 45 8 46 6 47 4 48 11 49 16 51 14 53 1 54 13 55 4 56 4 57 16 58 2 59 2 60 14 61 14 62 1 63 6 64 8 65 20 66 10 67 9 39 18 50 19 52 17
