51
0 4 5 5 16 6 10 7 3 8 10 10 11 12 13 13 13 15 15 17 10 18 12 19 12 20 3 21 15 22 15 27 16 28 3 29 1 30 8 31 9 32 11 33 16 34 17 35 16 36 20 37 8 38 7 39 15 40 10 41 2 42 5 43 4 44 19 45 4 46 17 47 11 48 5 49 17 50 10 2 4 3 8 9 4 11 20 14 16 16 17 23 11 24 12 25 13
1 2 8 3 18 4 19 5 19 6 2 7 17 8 20 9 4 10 5 11 19 13 9 14 4 15 3 17 20 18 18 19 19 20 14 21 6 22 12 24 6 25 20 26 8 27 18 28 18 29 13 30 14 31 4 33 9 34 2 35 8 36 2 37 7 39 20 40 8 41 12 42 2 44 6 45 12 47 3 48 1 49 11 12 4 16 3 23 15 38 1 43 12 46 10 50 11
2 1 8 0 4 3 20 4 6 5 8 6 2 7 17 8 15 9 5 11 12 13 4 14 7 15 8 16 1 17 5 18 17 19 2 20 11 21 3 22 3 23 15 24 7 25 11 26 10 27 2 30 1 31 17 32 4 33 18 34 12 35 6 36 8 37 3 38 6 39 1 40 2 41 5 42 6 43 1 44 10 45 16 46 15 47 11 48 2 49 20 50 6 10 19 28 17 29 15
3 1 18 2 20 0 8 5 18 6 6 7 18 8 10 9 3 10 1 11 20 12 10 13 17 14 13 15 1 16 6 17 10 18 18 19 17 20 18 22 9 24 19 25 3 26 8 27 1 29 4 30 10 31 17 32 1 33 13 34 11 36 7 37 12 38 7 39 18 40 5 42 18 43 19 44 14 45 5 46 2 47 15 48 14 49 13 50 9 4 18 21 19 23 14 28 17 35 20 41 11
4 0 5 1 19 2 6 3 18 5 5 6 15 7 12 8 9 9 20 10 14 11 6 13 9 14 12 15 16 16 15 17 13 19 10 20 10 21 3 22 4 23 4 24 11 25 17 27 17 29 1 30 5 31 12 32 6 33 2 34 5 35 10 36 17 38 3 39 6 40 9 41 13 42 2 43 2 44 3 45 2 46 15 47 10 48 20 50 1 12 8 18 17 26 15 37 3 49 13
5 0 16 1 19 2 8 3 18 4 5 6 19 7 1 8 17 9 16 10 16 11 4 12 15 13 6 14 2 15 15 16 15 17 11 18 19 21 2 22 5 23 3 24 16 25 20 26 13 27 17 28 10 29 4 30 6 31 20 32 19 33 13 34 9 35 18 36 7 37 13 39 16 40 18 41 2 42 12 43 16 44 14 45 20 46 14 47 5 48 14 49 7 50 6 19 10 20 6 38 10
6 0 10 1 2 2 2 3 6 4 15 5 19 7 2 8 9 9 20 10 1 11 6 12 12 13 17 14 20 15 4 16 11 17 13 19 13 20 5 21 16 22 12 23 13 24 20 25 6 26 16 28 4 29 1 30 2 31 10 32 20 33 20 34 4 35 11 36 7 38 20 39 7 40 4 41 16 42 11 43 8 44 11 45 14 46 7 47 15 48 18 49 1 50 9 18 19 27 13 37 14
7 0 3 1 17 2 17 3 18 4 12 5 1 6 2 9 15 10 2 11 10 12 7 13 2 14 6 15 10 16 14 17 13 19 2 20 17 21 6 22 17 23 16 24 14 25 1 26 2 27 4 28 16 29 20 30 5 31 14 32 15 33 9 34 17 35 2 36 7 37 19 38 19 40 7 41 17 42 11 44 6 46 11 47 4 48 11 49 12 50 13 18 17 39 1 43 3 45 3
8 0 10 1 20 2 15 3 10 4 9 5 17 6 9 9 16 10 7 11 11 12 10 13 14 15 11 17 10 18 16 20 12 21 5 22 3 23 15 24 5 25 1 26 17 27 10 28 11 29 20 30 15 31 9 32 4 33 1 34 17 35 6 36 2 37 6 38 7 39 15 40 8 41 13 42 3 43 19 44 20 45 16 46 13 47 20 48 3 49 8 50 13 14 17 16 8 19 9
9 1 4 2 5 3 3 4 20 5 16 6 20 7 15 8 16 0 4 11 3 13 5 14 3 15 5 16 3 17 13 18 10 19 7 21 5 22 10 23 11 24 8 25 19 26 7 27 15 28 8 29 20 30 4 31 20 32 6 34 5 35 16 36 6 37 1 38 15 39 8 40 11 41 17 43 19 44 16 45 4 46 11 47 20 48 1 49 5 50 8 10 3 20 15 33 19 42 19
10 0 11 1 5 3 1 4 14 5 16 6 1 7 2 8 7 2 19 9 3 11 19 12 13 13 4 14 9 15 7 16 10 17 17 18 4 19 18 20 1 21 17 23 3 24 9 25 19 27 11 28 13 29 11 31 14 33 5 34 6 35 15 37 7 38 20 39 11 40 7 41 15 42 9 43 15 44 15 45 2 46 4 47 2 48 8 50 11 22 16 26 8 30 9 32 18 36 19 49 10
11 1 19 2 12 3 20 4 6 5 4 6 6 7 10 8 11 9 3 10 19 0 20 12 10 13 8 14 9 16 15 17 10 19 10 20 11 21 19 22 3 23 3 24 17 25 16 26 7 27 8 28 8 29 1 30 18 31 18 32 15 33 4 35 5 36 11 37 14 38 11 39 15 40 15 41 16 42 14 43 13 44 3 45 2 46 1 47 5 49 5 50 12 15 18 18 12 48 19
12 0 13 3 10 5 15 6 12 7 7 8 10 10 13 11 10 1 4 4 8 13 13 14 18 15 5 16 1 17 13 18 12 19 5 20 15 21 18 22 14 23 16 24 2 25 16 26 9 27 10 28 10 31 19 32 2 33 5 34 15 35 14 36 10 37 2 38 16 39 15 40 19 42 11 43 4 44 16 45 3 46 19 47 5 48 7 49 3 50 15 29 19 30 5 41 2
13 0 13 1 9 2 4 3 17 4 9 5 6 6 17 7 2 8 14 9 5 10 4 11 8 12 13 14 13 15 16 16 1 17 19 18 6 19 1 20 2 21 4 22 2 23 7 24 13 25 14 26 3 27 4 28 9 29 5 30 9 32 4 33 11 34 10 35 16 36 20 37 5 38 19 40 13 41 19 42 16 43 16 44 14 45 4 46 5 47 7 48 12 50 4 31 16 39 20 49 7
14 1 4 2 7 3 13 4 12 5 2 6 20 7 6 9 3 10 9 11 9 12 18 13 13 0 16 8 17 15 1 17 3 19 5 20 13 21 4 22 3 23 13 25 1 26 16 27 9 28 13 29 10 30 15 31 11 32 20 33 1 34 2 35 17 36 8 38 7 39 2 40 8 41 10 42 1 44 2 45 14 46 1 47 18 48 2 49 15 50 8 18 10 24 20 37 4 43 7
15 0 15 1 3 2 8 3 1 4 16 5 15 6 4 7 10 8 11 9 5 10 7 12 5 13 16 14 1 11 18 16 10 17 18 18 19 19 20 20 8 21 11 22 20 23 20 24 9 25 19 26 19 27 13 28 10 29 18 30 12 32 7 33 18 34 18 35 1 36 6 37 8 38 1 39 1 40 15 41 4 42 1 43 9 44 16 45 15 46 1 47 15 48 5 49 18 50 20 31 12
16 2 1 3 6 4 15 5 15 6 11 7 14 9 3 10 10 11 15 12 1 13 1 15 10 0 17 1 3 8 8 17 1 18 2 19 10 20 20 21 5 22 9 23 13 24 10 25 14 26 16 27 2 28 15 29 3 30 9 31 11 32 20 33 20 34 11 35 18 36 17 37 19 38 7 39 2 40 17 41 5 42 12 43 17 44 15 45 11 46 10 47 20 48 3 49 14 50 5
17 0 10 1 20 2 5 3 10 4 13 5 11 6 13 7 13 8 10 9 13 10 17 11 10 12 13 13 19 14 3 15 18 16 1 18 15 19 4 21 4 22 3 23 13 24 17 25 4 27 5 28 15 29 18 30 13 31 10 34 4 35 8 36 17 37 10 40 9 41 16 42 4 43 12 44 17 45 5 46 15 47 6 48 12 49 16 50 10 20 8 26 2 32 19 33 14 38 13 39 14
18 0 12 1 18 2 17 3 18 5 19 8 16 9 10 10 4 12 12 13 6 15 19 16 2 17 15 4 17 6 19 7 17 11 12 14 10 19 9 20 18 21 4 22 13 23 4 24 15 25 1 26 9 27 11 28 17 29 7 30 20 32 4 33 3 35 17 36 9 37 5 38 9 39 16 40 17 41 18 42 6 43 3 44 8 45 17 46 10 47 16 49 5 50 6 31 9 48 19
19 0 12 1 19 2 2 3 17 4 10 6 13 7 2 9 7 10 18 11 10 12 5 13 1 14 5 15 20 16 10 17 4 18 9 5 10 8 9 20 13 22 4 23 14 24 14 25 19 27 16 28 1 29 18 30 7 31 18 32 17 33 9 34 3 35 1 36 18 37 10 40 11 41 8 42 15 43 19 44 13 46 11 47 6 48 4 49 15 50 17 21 18 26 18 38 8 39 13 45 20
20 0 3 1 14 2 11 3 18 4 10 6 5 7 17 8 12 10 1 11 11 12 15 13 2 14 13 15 8 16 20 18 18 19 13 5 6 9 15 17 8 21 4 22 8 23 10 24 2 25 4 26 10 28 5 29 17 30 4 31 1 33 16 34 12 35 2 36 1 37 14 38 19 39 19 40 15 41 10 42 1 43 8 44 20 45 3 46 2 47 9 48 1 27 15 32 12 49 20
21 0 15 1 6 2 3 4 3 5 2 6 16 7 6 8 5 9 5 10 17 11 19 12 18 13 4 14 4 15 11 16 5 17 4 18 4 20 4 3 19 19 18 24 5 25 15 26 8 27 5 28 11 29 7 30 14 31 2 32 13 33 18 34 18 35 6 36 4 38 13 39 10 40 19 43 9 44 15 45 7 46 5 47 17 48 14 49 11 50 13 23 13 37 18 41 19 42 2
22 0 15 1 12 2 3 3 9 4 4 5 5 6 12 7 17 8 3 9 10 11 3 12 14 13 2 14 3 15 20 16 9 17 3 18 13 19 4 20 8 10 16 23 11 24 5 25 14 26 19 27 16 28 18 29 17 30 16 31 5 32 13 33 7 34 17 35 20 37 1 38 6 39 16 40 10 41 15 42 10 43 5 44 15 45 12 46 18 47 9 48 1 36 4 49 17 50 16
23 2 15 4 4 5 3 6 13 7 16 8 15 9 11 10 3 11 3 12 16 13 7 14 13 15 20 16 13 17 13 18 4 19 14 20 10 22 11 0 11 1 15 3 14 21 13 24 20 25 15 26 1 28 1 30 15 31 14 32 4 33 18 34 2 35 7 36 1 37 14 38 8 39 18 40 8 41 6 42 15 43 14 44 5 45 17 46 19 47 7 48 12 50 5 27 8 29 19 49 10
24 1 6 2 7 3 19 4 11 5 16 6 20 7 14 8 5 9 8 10 9 11 17 12 2 13 13 15 9 16 10 17 17 18 15 19 14 20 2 21 5 22 5 23 20 0 12 14 20 25 13 26 1 27 14 28 11 29 18 30 9 31 15 32 16 33 13 34 20 35 2 36 8 37 8 38 11 39 9 40 3 41 5 42 17 43 5 44 12 45 19 46 17 47 7 48 11 49 15 50 13
25 1 20 2 11 3 3 4 17 5 20 6 6 7 1 8 1 9 19 10 19 11 16 12 16 13 14 14 1 15 19 16 14 17 4 18 1 19 19 20 4 21 15 22 14 23 15 24 13 0 13 27 7 28 6 30 6 31 12 32 14 33 4 34 16 35 15 36 14 37 3 39 17 40 1 41 7 42 18 43 10 44 16 46 14 47 18 48 7 49 3 50 16 26 8 29 18 38 3
26 1 8 2 10 3 8 5 13 6 16 7 2 8 17 9 7 11 7 12 9 13 3 14 16 15 19 16 16 18 9 20 10 21 8 22 19 23 1 24 1 4 15 10 8 17 2 19 18 25 8 27 4 28 15 29 4 30 11 31 11 32 1 33 9 34 20 35 14 36 17 37 18 39 20 40 18 41 9 42 3 46 6 47 8 48 2 49 8 50 16 38 18 43 6 44 2 45 6
27 0 16 1 18 2 2 3 1 4 17 5 17 7 4 8 10 9 15 10 11 11 8 12 10 13 4 14 9 15 13 16 2 17 5 18 11 19 16 21 5 22 16 24 14 25 7 26 4 6 13 20 15 23 8 28 9 29 3 30 2 31 9 32 10 33 4 35 18 36 15 38 9 39 9 40 15 41 12 42 11 43 10 44 4 45 17 46 6 47 11 48 5 49 9 50 5 34 19 37 11
28 0 3 1 18 5 10 6 4 7 16 8 11 9 8 10 13 11 8 12 10 13 9 14 13 15 10 16 15 17 15 18 17 19 1 20 5 21 11 22 18 23 1 24 11 25 6 26 15 27 9 2 17 3 17 29 4 32 3 33 18 34 4 35 4 36 2 37 5 38 6 39 5 40 8 41 18 44 5 45 15 46 18 48 2 49 6 50 20 30 18 31 19 42 13 43 8
29 0 1 1 13 3 4 4 1 5 4 6 1 7 20 8 20 9 20 10 11 11 1 13 5 14 10 15 18 16 3 17 18 18 7 19 18 20 17 21 7 22 17 24 18 26 4 27 3 28 4 2 15 12 19 23 19 25 18 30 17 31 2 32 20 33 12 34 6 35 5 36 3 38 13 39 6 40 8 41 14 42 12 43 17 44 1 45 15 46 3 47 10 48 9 49 17 37 2 50 7
30 0 8 1 14 2 1 3 10 4 5 5 6 6 2 7 5 8 15 9 4 11 18 13 9 14 15 15 12 16 9 17 13 18 20 19 7 20 4 21 14 22 16 23 15 24 9 25 6 26 11 27 2 29 17 10 9 12 5 28 18 31 11 32 17 33 6 34 15 35 9 36 11 37 9 38 9 39 13 41 9 42 16 43 2 45 19 47 6 48 20 49 4 50 10 40 20 44 9 46 16
31 0 9 1 4 2 17 3 17 4 12 5 20 6 10 7 14 8 9 9 20 10 14 11 18 12 19 14 11 16 11 17 10 19 18 20 1 21 2 22 5 23 14 24 15 25 12 26 11 27 9 29 2 30 11 13 16 15 12 18 9 28 19 32 20 33 2 34 5 35 4 36 1 38 17 40 20 41 19 42 16 43 16 44 18 45 14 46 4 47 19 48 14 49 4 50 11 39 2
32 0 11 2 4 3 1 4 6 5 19 6 20 7 15 8 4 9 6 11 15 12 2 13 4 14 20 15 7 16 20 18 4 19 17 21 13 22 13 23 4 24 16 25 14 26 1 27 10 28 3 29 20 30 17 31 20 10 18 17 19 20 12 33 20 34 1 35 4 37 13 38 19 39 10 40 5 41 7 42 1 43 3 44 13 46 11 47 14 48 6 50 15 36 6 45 15 49 13
33 0 16 1 9 2 18 3 13 4 2 5 13 6 20 7 9 8 1 10 5 11 4 12 5 13 11 14 1 15 18 16 20 18 3 19 9 20 16 21 18 22 7 23 18 24 13 25 4 26 9 27 4 28 18 29 12 30 6 31 2 32 20 9 19 17 14 34 11 36 13 37 9 40 2 41 1 42 1 43 6 44 15 45 3 46 4 47 4 49 9 50 11 35 3 38 14 39 19 48 4
34 0 17 1 2 2 12 3 11 4 5 5 9 6 4 7 17 8 17 9 5 10 6 12 15 13 10 14 2 15 18 16 11 17 4 19 3 20 12 21 18 22 17 23 2 24 20 25 16 26 20 28 4 29 6 30 15 31 5 32 1 33 11 27 19 35 2 36 19 38 19 39 17 41 16 42 20 45 15 46 5 47 5 48 11 49 3 50 3 37 15 43 12 44 9
35 0 16 1 8 2 6 4 10 5 18 6 11 7 2 8 6 9 16 10 15 11 5 12 14 13 16 14 17 15 1 16 18 17 8 18 17 19 1 20 2 21 6 22 20 23 7 24 2 25 15 26 14 27 18 28 4 29 5 30 9 31 4 32 4 34 2 3 20 33 3 36 11 37 11 38 20 40 4 41 7 42 20 43 4 44 1 45 13 46 18 47 2 48 7 49 10 50 17 39 10
36 0 20 1 2 2 8 3 7 4 17 5 7 6 7 7 7 8 2 9 6 11 11 12 10 13 20 14 8 15 6 16 17 17 17 18 9 19 18 20 1 21 4 23 1 24 8 25 14 26 17 27 15 28 2 29 3 30 11 31 1 33 13 34 19 35 11 10 19 22 4 32 6 37 7 38 20 39 18 40 4 41 9 42 15 43 9 44 8 45 12 46 16 47 16 48 13 49 1 50 5
37 0 8 1 7 2 3 3 12 5 13 7 19 8 6 9 1 10 7 11 14 12 2 13 5 15 8 16 19 17 10 18 5 19 10 20 14 22 1 23 14 24 8 25 3 26 18 28 5 30 9 32 13 33 9 35 11 36 7 4 3 6 14 14 4 21 18 27 11 29 2 34 15 38 2 39 8 40 4 41 5 42 3 43 13 44 12 45 12 46 7 47 20 48 20 49 13 50 9
38 0 7 2 6 3 7 4 3 6 20 7 19 8 7 9 15 10 20 11 11 12 16 13 19 14 7 15 1 16 7 18 9 20 19 21 13 22 6 23 8 24 11 27 9 28 6 29 13 30 9 31 17 32 19 34 19 35 20 36 20 37 2 1 1 5 10 17 13 19 8 25 3 26 18 33 14 39 11 40 19 41 9 42 4 44 7 45 4 47 6 48 16 49 18 50 18 43 10 46 6
39 0 15 1 20 2 1 3 18 4 6 5 16 6 7 8 15 9 8 10 11 11 15 12 15 14 2 15 1 16 2 18 16 20 19 21 10 22 16 23 18 24 9 25 17 26 20 27 9 28 5 29 6 30 13 32 10 34 17 36 18 37 8 38 11 7 1 13 20 17 14 19 13 31 2 33 19 35 10 40 2 41 16 42 4 43 16 44 6 47 14 48 9 49 11 50 4 45 12 46 13
40 0 10 1 8 2 2 3 5 4 9 5 18 6 4 7 7 8 8 9 11 10 7 11 15 12 19 13 13 14 8 15 15 16 17 17 9 18 17 19 11 20 15 21 19 22 10 23 8 24 3 25 1 26 18 27 15 28 8 29 8 31 20 32 5 33 2 35 4 36 4 37 4 38 19 39 2 30 20 41 13 42 19 43 7 44 9 45 19 46 2 47 15 49 5 50 8
41 0 2 1 12 2 5 4 13 5 2 6 16 7 17 8 13 9 17 10 15 11 16 13 19 14 10 15 4 16 5 17 16 18 18 19 8 20 10 22 15 23 6 24 5 25 7 26 9 27 12 28 18 29 14 30 9 31 19 32 7 33 1 34 16 35 7 36 9 37 5 38 9 39 16 40 13 3 11 12 2 21 19 42 17 43 8 44 15 45 16 46 16 47 15 48 1 50 11
42 0 5 1 2 2 6 3 18 4 2 5 12 6 11 7 11 8 3 10 9 11 14 12 11 13 16 14 1 15 1 16 12 17 4 18 6 19 15 20 1 22 10 23 15 24 17 25 18 26 3 27 11 29 12 30 16 31 16 32 1 33 1 34 20 35 20 36 15 37 3 38 4 39 4 40 19 41 17 9 19 21 2 28 13 43 8 44 14 45 18 46 4 47 9 48 19 49 13 50 20
43 0 4 2 1 3 19 4 2 5 16 6 8 8 19 9 19 10 15 11 13 12 4 13 16 15 9 16 17 17 12 18 3 19 19 20 8 21 9 22 5 23 14 24 5 25 10 27 10 29 17 30 2 31 16 32 3 33 6 35 4 36 9 37 13 39 16 40 7 41 8 42 8 1 12 7 3 14 7 26 6 28 8 34 12 38 10 44 7 45 4 46 10 47 4 49 3 50 17
44 0 19 1 6 2 10 3 14 4 3 5 14 6 11 7 6 8 20 9 16 10 15 11 3 12 16 13 14 14 2 15 16 16 15 17 17 18 8 19 13 20 20 21 15 22 15 23 5 24 12 25 16 27 4 28 5 29 1 31 18 32 13 33 15 35 1 36 8 37 12 38 7 39 6 40 9 41 15 42 14 43 7 26 2 30 9 34 9 45 18 46 5 47 15 48 1 49 4 50 9
45 0 4 1 12 2 16 3 5 4 2 5 20 6 14 8 16 9 4 10 2 11 2 12 3 13 4 14 14 15 15 16 11 17 5 18 17 20 3 21 7 22 12 23 17 24 19 27 17 28 15 29 15 30 19 31 14 33 3 34 15 35 13 36 12 37 12 38 4 40 19 41 16 42 18 43 4 44 18 7 3 19 20 26 6 32 15 39 12 46 19 47 7 49 1 50 14 48 7
46 0 17 2 15 3 2 4 15 5 14 6 7 7 11 8 13 9 11 10 4 11 1 12 19 13 5 14 1 15 1 16 10 17 15 18 10 19 11 20 2 21 5 22 18 23 19 24 17 25 14 26 6 27 6 28 18 29 3 31 4 32 11 33 4 34 5 35 18 36 16 37 7 40 2 41 16 42 4 43 10 44 5 45 19 1 10 30 16 38 6 39 13 47 5 48 16 49 18 50 20
47 0 11 1 3 2 11 3 15 4 10 5 5 6 15 7 4 8 20 9 20 10 2 11 5 12 5 13 7 14 18 15 15 16 20 17 6 18 16 19 6 20 9 21 17 22 9 23 7 24 7 25 18 26 8 27 11 29 10 30 6 31 19 32 14 33 4 34 5 35 2 36 16 37 20 38 6 39 14 40 15 41 15 42 9 43 4 44 15 45 7 46 5 48 18 49 19 50 9
48 0 5 1 1 2 2 3 14 4 20 5 14 6 18 7 11 8 3 9 1 10 8 12 7 13 12 14 2 15 5 16 3 17 12 19 4 20 1 21 14 22 1 23 12 24 11 25 7 26 2 27 5 28 2 29 9 30 20 31 14 32 6 34 11 35 7 36 13 37 20 38 16 39 9 41 1 42 19 44 1 46 16 47 18 11 19 18 19 33 4 45 7 49 1 50 13
49 0 17 1 11 2 20 3 13 5 7 6 1 7 12 8 8 9 5 11 5 12 3 14 15 15 18 16 14 17 16 18 5 19 15 21 11 24 15 25 3 26 8 27 9 28 6 29 17 30 4 31 4 33 9 34 3 35 10 36 1 37 13 38 18 39 11 40 5 42 13 43 3 44 4 45 1 46 18 47 19 48 1 4 13 10 10 13 7 20 20 22 17 23 10 32 13 50 15
50 0 10 2 6 3 9 4 1 5 6 6 9 7 13 8 13 9 8 10 11 11 12 12 15 13 4 14 8 15 20 16 5 17 10 18 6 19 17 21 13 23 5 24 13 25 16 26 16 27 5 28 20 30 10 31 11 32 15 33 11 34 3 35 17 36 5 37 9 38 18 39 4 40 8 41 11 42 20 43 17 44 9 45 14 46 20 48 13 49 15 1 11 22 16 29 7 47 9
