50
0 1 2 2 13 4 14 5 2 7 1 8 15 9 11 10 17 11 5 12 18 13 16 14 18 15 14 16 8 17 1 18 20 19 12 20 2 22 3 23 18 24 11 26 10 27 3 28 16 29 4 30 11 31 3 33 5 34 11 35 19 36 16 37 16 38 20 39 13 41 15 42 18 43 10 44 1 45 9 46 13 49 7 3 17 6 8 21 17 25 10 40 9 47 10 48 9
1 0 2 2 12 3 6 4 8 5 2 6 17 7 4 8 17 9 5 11 6 12 3 13 7 14 7 15 1 16 6 17 17 19 17 20 20 21 11 22 8 23 15 24 12 26 12 27 4 28 11 29 10 31 17 32 3 33 9 34 15 35 19 36 16 37 1 38 11 40 2 41 2 42 20 44 16 45 8 46 1 47 2 48 16 49 8 10 3 18 14 25 20 30 8 39 12 43 11
2 0 13 1 12 3 16 4 9 5 3 6 2 7 15 9 17 10 9 11 13 12 17 13 9 14 16 15 5 16 4 17 15 18 10 19 17 20 10 21 20 22 12 23 11 24 8 26 14 27 1 28 15 29 18 30 15 31 9 32 12 33 18 34 9 35 4 36 11 37 19 38 7 39 9 40 13 41 16 42 5 43 20 44 7 45 15 46 7 47 13 49 14 25 1
3 1 6 2 16 0 17 4 12 5 6 6 18 7 18 8 20 10 7 11 13 12 8 13 11 14 9 15 9 16 20 17 14 18 2 19 17 20 9 21 11 22 9 23 5 24 16 25 9 26 17 28 17 29 12 32 19 33 5 34 12 36 10 37 19 38 20 39 14 40 20 41 20 43 10 44 12 45 19 46 19 47 4 48 15 49 3 9 15 27 8 30 4 31 1 35 5 42 8
4 0 14 1 8 2 9 3 12 5 4 6 20 7 17 8 1 9 1 10 16 11 13 13 12 14 4 15 6 16 2 17 16 18 16 19 19 21 7 22 11 23 12 24 19 25 20 26 4 27 13 29 16 30 1 31 13 32 12 33 1 34 20 35 10 36 10 38 16 39 9 40 19 41 18 42 2 43 18 44 7 45 3 47 17 48 3 49 11 12 6 20 6 28 1 46 17
5 0 2 1 2 2 3 3 6 4 4 6 1 7 20 8 14 10 4 11 17 12 7 13 6 14 18 15 2 16 10 17 6 18 6 19 18 20 19 21 4 22 6 23 7 24 9 25 9 26 8 27 2 28 6 29 7 30 6 31 1 33 8 34 17 35 4 36 14 37 7 38 15 39 8 40 14 41 5 42 19 43 4 44 8 45 2 47 3 48 19 49 13 9 11 32 11 46 4
6 1 17 2 2 3 18 4 20 5 1 0 8 7 11 8 7 9 15 10 4 11 11 12 16 13 15 14 8 15 14 16 5 17 6 19 18 20 18 21 5 22 8 23 4 24 10 25 6 26 11 27 5 28 8 30 12 31 15 32 19 33 6 34 20 35 6 36 9 38 12 39 15 40 15 41 20 42 1 43 8 44 1 45 7 46 2 48 5 49 6 18 14 29 7 37 1 47 16
7 0 1 1 4 2 15 3 18 4 17 5 20 6 11 8 15 9 12 11 17 13 2 14 10 15 13 16 14 17 2 18 1 19 11 20 19 21 1 22 11 25 16 26 2 27 15 28 18 29 3 30 19 32 1 33 18 34 19 35 18 36 14 38 6 39 11 40 8 41 19 42 14 43 13 44 15 45 4 46 19 47 17 48 5 49 12 10 5 12 2 23 1 24 14 31 7 37 12
8 0 15 1 17 3 20 4 1 5 14 6 7 7 15 9 15 10 4 11 17 12 5 13 20 14 5 15 10 16 6 17 16 18 6 19 6 20 19 21 10 22 2 23 5 24 17 25 3 26 9 27 2 28 13 29 6 30 7 31 16 32 3 33 18 34 2 35 7 36 3 37 16 38 11 39 9 40 15 41 4 42 9 43 3 44 4 45 9 46 6 48 7 49 13 47 3
9 0 11 1 5 2 17 4 1 6 15 7 12 8 15 3 15 5 11 12 9 13 7 14 1 15 2 16 10 17 20 18 3 19 16 20 14 21 15 22 11 23 1 25 5 26 9 28 17 29 20 30 8 31 8 32 20 33 14 34 4 35 13 36 4 37 8 38 18 39 2 40 3 41 19 43 5 44 9 45 2 46 15 47 10 48 10 49 13 10 20 11 15 24 20 27 15 42 12
10 0 17 2 9 3 7 4 16 5 4 6 4 8 4 1 3 7 5 9 20 11 19 12 12 13 9 14 17 15 17 16 3 17 3 18 4 19 13 20 6 22 19 23 13 24 16 25 17 26 8 27 20 28 15 29 10 30 17 32 3 33 18 34 16 35 11 36 11 37 1 39 2 40 17 41 8 42 20 43 16 45 6 46 5 47 15 48 4 49 6 31 10 38 14 44 12
11 0 5 1 6 2 13 3 13 4 13 5 17 6 11 7 17 8 17 10 19 9 15 12 18 13 19 14 19 15 18 16 12 17 17 19 13 20 11 21 1 22 17 23 18 24 3 25 13 26 11 27 13 28 11 29 1 30 20 31 3 32 11 33 11 34 20 35 14 36 3 37 17 38 14 39 18 40 4 41 18 43 8 44 4 45 9 46 11 47 19 48 11 49 17 18 6 42 18
12 0 18 1 3 2 17 3 8 5 7 6 16 8 5 9 9 10 12 11 18 4 6 7 2 13 13 14 9 15 4 16 16 17 1 18 12 19 3 21 7 22 11 23 13 24 1 25 7 26 15 27 16 28 2 29 13 30 12 31 5 32 20 33 20 34 5 35 19 36 13 38 16 39 4 40 10 41 11 42 11 43 17 44 6 45 7 46 13 47 2 48 10 49 5 20 11 37 5
13 0 16 1 7 2 9 3 11 4 12 5 6 6 15 7 2 8 20 9 7 10 9 11 19 12 13 14 14 15 12 16 8 18 16 19 17 20 8 21 16 23 8 24 3 25 7 26 20 27 4 28 10 29 2 30 11 31 8 32 5 33 11 35 13 36 3 38 7 39 4 40 7 41 12 42 5 43 10 44 7 45 15 46 1 47 19 48 11 49 13 17 12 34 20 37 6
14 0 18 1 7 2 16 3 9 4 4 5 18 6 8 7 10 8 5 9 1 10 17 11 19 12 9 13 14 15 5 16 13 17 16 18 17 20 15 21 9 22 12 23 18 24 18 25 4 26 16 28 6 29 6 30 12 32 14 34 12 35 4 37 5 38 6 39 17 40 6 41 18 42 14 43 15 44 12 45 3 46 19 47 17 48 11 49 1 19 14 27 20 31 3 33 1 36 3
15 0 14 1 1 2 5 3 9 4 6 5 2 6 14 7 13 8 10 9 2 10 17 11 18 12 4 13 12 14 5 16 17 18 3 19 8 20 9 22 19 23 1 24 13 25 17 26 12 27 5 28 2 29 14 30 4 32 8 33 11 34 4 35 11 36 14 38 6 39 8 40 1 41 2 42 18 43 9 44 20 45 6 46 19 47 6 49 15 21 11 31 14 37 13 48 19
16 0 8 1 6 2 4 3 20 4 2 5 10 6 5 7 14 8 6 9 10 10 3 11 12 12 16 13 8 14 13 15 17 17 13 19 16 20 13 21 7 22 11 23 17 24 1 25 3 26 11 27 3 28 10 29 5 30 15 33 10 34 12 35 4 36 12 37 5 38 8 39 4 40 3 41 11 42 2 43 12 45 4 46 15 47 15 48 7 49 6 18 17 31 1 32 17 44 1
17 0 1 1 17 2 15 3 14 4 16 5 6 6 6 7 2 8 16 9 20 10 3 11 17 12 1 14 16 16 13 13 12 19 8 20 9 22 2 23 17 24 11 25 4 26 16 27 2 28 18 29 20 30 10 31 3 32 16 33 1 34 8 35 9 36 14 37 7 38 17 39 1 40 19 42 6 43 6 44 20 45 6 46 4 47 19 48 10 49 2 18 12 21 11 41 19
18 0 20 2 10 3 2 4 16 5 6 7 1 8 6 9 3 10 4 12 12 13 16 14 17 15 3 1 14 6 14 11 6 16 17 17 12 20 9 21 10 22 12 23 13 24 7 25 2 26 6 27 13 28 2 29 15 30 8 31 9 32 18 33 4 34 18 35 8 36 10 37 17 38 6 39 15 40 14 43 9 44 1 46 7 47 18 48 4 19 1 41 3 42 11 49 11
19 0 12 1 17 2 17 3 17 4 19 5 18 6 18 7 11 8 6 9 16 10 13 11 13 12 3 13 17 15 8 16 16 17 8 14 14 18 1 20 5 22 19 24 19 25 15 26 16 27 9 28 5 29 11 33 8 34 1 35 11 36 8 38 6 39 10 40 1 41 20 42 3 43 13 44 10 45 19 46 10 47 10 49 7 21 6 23 9 30 18 31 8 32 4 37 19 48 10
20 0 2 1 20 2 10 3 9 5 19 6 18 7 19 8 19 9 14 10 6 11 11 13 8 14 15 15 9 16 13 17 9 18 9 19 5 4 6 12 11 22 17 23 13 24 1 25 9 26 8 27 13 28 7 29 6 30 6 31 14 32 16 33 1 34 19 35 12 36 16 37 16 38 1 39 2 40 14 41 20 42 12 43 1 44 17 45 4 46 13 47 19 48 19 49 17 21 9
21 1 11 2 20 3 11 4 7 5 4 6 5 7 1 8 10 9 15 11 1 12 7 13 16 14 9 16 7 18 10 0 17 15 11 17 11 19 6 20 9 22 12 23 15 24 19 25 4 26 2 27 2 29 6 30 11 31 3 32 1 33 2 34 11 35 5 36 8 37 14 38 18 39 20 40 5 41 17 42 12 43 19 45 19 46 3 47 15 48 4 49 15 28 10 44 2
22 0 3 1 8 2 12 3 9 4 11 5 6 6 8 7 11 8 2 9 11 10 19 11 17 12 11 14 12 15 19 16 11 17 2 18 12 19 19 20 17 21 12 23 4 25 9 26 20 27 1 28 19 29 17 30 10 31 20 32 9 33 19 34 11 35 17 36 17 37 4 38 4 39 4 40 10 41 1 42 6 43 18 44 15 45 12 46 4 47 9 48 11 49 9
23 0 18 1 15 2 11 3 5 4 12 5 7 6 4 8 5 9 1 10 13 11 18 12 13 13 8 14 18 15 1 16 17 17 17 18 13 20 13 21 15 22 4 7 1 19 9 25 13 26 11 28 4 29 7 30 20 31 7 32 9 33 17 34 15 35 14 36 11 37 16 38 7 39 2 41 5 42 14 43 15 44 1 45 4 46 13 47 13 49 18 24 1 27 15 48 18
24 0 11 1 12 2 8 3 16 4 19 5 9 6 10 8 17 10 16 11 3 12 1 13 3 14 18 15 13 16 1 17 11 18 7 19 19 20 1 21 19 7 14 9 20 23 1 25 1 26 6 27 7 29 12 30 6 31 6 32 9 33 18 34 10 35 3 36 9 37 14 38 4 39 8 40 17 41 10 42 19 43 18 44 5 45 8 46 18 47 12 48 5 49 14 28 7
25 3 9 4 20 5 9 6 6 7 16 8 3 9 5 10 17 11 13 12 7 13 7 14 4 15 17 16 3 17 4 18 2 19 15 20 9 21 4 22 9 23 13 24 1 0 10 1 20 2 1 26 20 28 14 30 19 31 17 32 15 33 3 34 1 35 1 36 14 37 6 38 5 39 6 40 6 41 4 42 12 43 18 44 1 45 2 46 5 47 9 48 7 49 3 29 18
26 0 10 1 12 2 14 3 17 4 4 5 8 6 11 7 2 8 9 9 9 10 8 11 11 12 15 13 20 14 16 15 12 16 11 17 16 18 6 19 16 20 8 21 2 22 20 23 11 24 6 25 20 27 20 28 18 30 18 31 20 32 19 33 15 34 14 35 12 37 16 38 10 40 16 41 17 42 19 43 8 45 5 46 13 47 18 48 18 49 16 29 13 36 15 39 1 44 3
27 0 3 1 4 2 1 4 13 5 2 6 5 7 15 8 2 10 20 11 13 12 16 13 4 15 5 16 3 17 2 18 13 19 9 20 13 21 2 22 1 24 7 26 20 3 8 9 15 14 20 23 15 28 9 29 18 30 16 31 6 32 4 33 8 34 13 35 17 36 19 37 3 38 17 39 1 40 4 41 10 42 5 43 18 44 4 46 17 47 16 48 4 49 3 45 2
28 0 16 1 11 2 15 3 17 5 6 6 8 7 18 8 13 9 17 10 15 11 11 12 2 13 10 14 6 15 2 16 10 17 18 18 2 19 5 20 7 22 19 23 4 25 14 26 18 27 9 4 1 21 10 24 7 29 14 30 15 31 10 32 9 33 1 34 17 35 6 36 19 37 11 38 19 39 19 40 7 41 12 42 4 43 1 44 9 45 4 46 10 47 8 48 16 49 13
29 0 4 1 10 2 18 3 12 4 16 5 7 7 3 8 6 9 20 10 10 11 1 12 13 13 2 14 6 15 14 16 5 17 20 18 15 19 11 20 6 21 6 22 17 23 7 24 12 27 18 28 14 6 7 25 18 26 13 30 20 32 9 33 2 35 3 36 15 37 14 38 7 39 7 40 6 41 18 42 3 43 6 44 4 45 16 46 6 47 19 48 12 49 11 31 4 34 2
30 0 11 2 15 4 1 5 6 6 12 7 19 8 7 9 8 10 17 11 20 12 12 13 11 14 12 15 4 16 15 17 10 18 8 20 6 21 11 22 10 23 20 24 6 25 19 26 18 27 16 28 15 29 20 1 8 3 4 19 18 31 18 32 1 33 4 35 18 36 2 37 6 39 3 40 16 42 17 43 7 44 16 45 17 46 3 47 10 49 14 34 17 38 1 41 12 48 8
31 0 3 1 17 2 9 4 13 5 1 6 15 8 16 9 8 11 3 12 5 13 8 17 3 18 9 20 14 21 3 22 20 23 7 24 6 25 17 26 20 27 6 28 10 30 18 3 1 7 7 10 10 14 3 15 14 16 1 19 8 29 4 32 5 33 1 34 11 35 20 36 13 37 5 38 11 39 4 40 19 41 20 42 13 43 12 44 10 45 4 46 16 48 13 49 20 47 3
32 1 3 2 12 3 19 4 12 6 19 7 1 8 3 9 20 10 3 11 11 12 20 13 5 14 14 15 8 17 16 18 18 20 16 21 1 22 9 23 9 24 9 25 15 26 19 27 4 28 9 29 9 30 1 31 5 5 11 16 17 19 4 33 15 34 3 35 9 36 11 37 10 38 10 39 10 40 11 41 10 42 3 44 11 45 11 46 15 47 3 48 10 49 2 43 11
33 0 5 1 9 2 18 3 5 4 1 5 8 6 6 7 18 8 18 9 14 10 18 11 11 12 20 13 11 15 11 16 10 17 1 18 4 19 8 20 1 21 2 22 19 23 17 24 18 25 3 26 15 27 8 28 1 29 2 30 4 31 1 32 15 14 1 34 2 35 15 36 12 37 4 38 17 39 16 40 19 41 14 42 19 43 3 44 1 45 2 47 16 49 5 46 14 48 18
34 0 11 1 15 2 9 3 12 4 20 5 17 6 20 7 19 8 2 9 4 10 16 11 20 12 5 14 12 15 4 16 12 17 8 18 18 19 1 20 19 21 11 22 11 23 15 24 10 25 1 26 14 27 13 28 17 31 11 32 3 33 2 13 20 29 2 30 17 35 20 36 14 37 9 39 16 40 9 41 1 42 11 43 17 44 9 45 12 46 12 47 11 48 4 49 11 38 14
35 0 19 1 19 2 4 4 10 5 4 6 6 7 18 8 7 9 13 10 11 11 14 12 19 13 13 14 4 15 11 16 4 17 9 18 8 19 11 20 12 21 5 22 17 23 14 24 3 25 1 26 12 27 17 28 6 29 3 30 18 31 20 32 9 33 15 34 20 3 5 36 1 37 15 38 12 39 11 40 3 41 19 42 18 43 19 44 1 45 15 46 10 47 15 49 7 48 7
36 0 16 1 16 2 11 3 10 4 10 5 14 6 9 7 14 8 3 9 4 10 11 11 3 12 13 13 3 15 14 16 12 17 14 18 10 19 8 20 16 21 8 22 17 23 11 24 9 25 14 27 19 28 19 29 15 30 2 31 13 32 11 33 12 34 14 35 1 14 3 26 15 39 8 40 2 41 9 42 12 43 11 44 19 45 13 47 12 48 7 49 3 37 8 38 7 46 15
37 0 16 1 1 2 19 3 19 5 7 8 16 9 8 10 1 11 17 14 5 16 5 17 7 18 17 20 16 21 14 22 4 23 16 24 14 25 6 26 16 27 3 28 11 29 14 30 6 31 5 32 10 33 4 34 9 35 15 6 1 7 12 12 5 13 6 15 13 19 19 36 8 38 3 39 4 40 15 41 13 42 14 44 8 45 8 47 12 48 3 49 7 43 2 46 16
38 0 20 1 11 2 7 3 20 4 16 5 15 6 12 7 6 8 11 9 18 11 14 12 16 13 7 14 6 15 6 16 8 17 17 18 6 19 6 20 1 21 18 22 4 23 7 24 4 25 5 26 10 27 17 28 19 29 7 31 11 32 10 33 17 35 12 37 3 10 14 30 1 34 14 36 7 39 4 41 12 42 7 43 18 44 12 45 1 46 6 47 12 48 6 49 16 40 5
39 0 13 2 9 3 14 4 9 5 8 6 15 7 11 8 9 9 2 10 2 11 18 12 4 13 4 14 17 15 8 16 4 17 1 18 15 19 10 20 2 21 20 22 4 23 2 24 8 25 6 27 1 28 19 29 7 30 3 31 4 32 10 33 16 34 16 35 11 36 8 37 4 38 4 1 12 26 1 40 16 41 1 42 7 43 9 44 9 45 13 46 14 47 9 49 13 48 12
40 1 2 2 13 3 20 4 19 5 14 6 15 7 8 8 15 9 3 10 17 11 4 12 10 13 7 14 6 15 1 16 3 17 19 18 14 19 1 20 14 21 5 22 10 24 17 25 6 26 16 27 4 28 7 29 6 30 16 31 19 32 11 33 19 34 9 35 3 36 2 37 15 39 16 0 9 38 5 42 18 43 13 44 14 45 17 46 5 47 17 48 1 49 6
41 0 15 1 2 2 16 3 20 4 18 5 5 6 20 7 19 8 4 9 19 10 8 11 18 12 11 13 12 14 18 15 2 16 11 19 20 20 20 21 17 22 1 23 5 24 10 25 4 26 17 27 10 28 12 29 18 31 20 32 10 33 14 34 1 35 19 36 9 37 13 38 12 39 1 17 19 18 3 30 12 42 7 43 2 44 14 46 20 47 9 48 17 49 8 45 5
42 0 18 1 20 2 5 4 2 5 19 6 1 7 14 8 9 10 20 12 11 13 5 14 14 15 18 16 2 17 6 19 3 20 12 21 12 22 6 23 14 24 19 25 12 26 19 27 5 28 4 29 3 30 17 31 13 32 3 33 19 34 11 35 18 36 12 37 14 38 7 39 7 40 18 41 7 3 8 9 12 11 18 18 11 43 18 44 12 45 17 46 5 47 20 49 19 48 15
43 0 10 2 20 3 10 4 18 5 4 6 8 7 13 8 3 9 5 10 16 11 8 12 17 13 10 14 15 15 9 16 12 17 6 18 9 19 13 20 1 21 19 22 18 23 15 24 18 25 18 26 8 27 18 28 1 29 6 30 7 31 12 33 3 34 17 35 19 36 11 38 18 39 9 40 13 41 2 42 18 1 11 32 11 37 2 44 14 47 13 48 7 49 16 45 16 46 3
44 0 1 1 16 2 7 3 12 4 7 5 8 6 1 7 15 8 4 9 9 11 4 12 6 13 7 14 12 15 20 17 20 18 1 19 10 20 17 22 15 23 1 24 5 25 1 27 4 28 9 29 4 30 16 31 10 32 11 33 1 34 9 35 1 36 19 37 8 38 12 39 9 40 14 41 14 42 12 43 14 10 12 16 1 21 2 26 3 45 12 47 13 48 11 49 12 46 15
45 0 9 1 8 2 15 3 19 4 3 5 2 6 7 7 4 8 9 9 2 10 6 11 9 12 7 13 15 14 3 15 6 16 4 17 6 19 19 20 4 21 19 22 12 23 4 24 8 25 2 26 5 28 4 29 16 30 17 31 4 32 11 33 2 34 12 35 15 36 13 37 8 38 1 39 13 40 17 42 17 44 12 27 2 41 5 43 16 46 4 47 2 48 11 49 9
46 0 13 1 1 2 7 3 19 6 2 7 19 8 6 9 15 10 5 11 11 12 13 13 1 14 19 15 19 16 15 17 4 18 7 19 10 20 13 21 3 22 4 23 13 24 18 25 5 26 13 27 17 28 10 29 6 30 3 31 16 32 15 34 12 35 10 38 6 39 14 40 5 41 20 42 5 45 4 4 17 5 4 33 14 36 15 37 16 43 3 44 15 47 9 48 13 49 16
47 1 2 2 13 3 4 4 17 5 3 7 17 9 10 10 15 11 19 12 2 13 19 14 17 15 6 16 15 17 19 18 18 19 10 20 19 21 15 22 9 23 13 24 12 25 9 26 18 27 16 28 8 29 19 30 10 32 3 33 16 34 11 35 15 36 12 37 12 38 12 39 9 40 17 41 9 42 20 43 13 44 13 45 2 46 9 0 10 6 16 8 3 31 3 48 8 49 1
48 1 16 3 15 4 3 5 19 6 5 7 5 8 7 9 10 10 4 11 11 12 10 13 11 14 11 16 7 17 10 18 4 20 19 21 4 22 11 24 5 25 7 26 18 27 4 28 16 29 12 31 13 32 10 34 4 36 7 37 3 38 6 40 1 41 17 43 7 44 11 45 11 46 13 47 8 0 9 15 19 19 10 23 18 30 8 33 18 35 7 39 12 42 15 49 8
49 0 7 1 8 2 14 3 3 4 11 5 13 6 6 7 12 8 13 9 13 10 6 11 17 12 5 13 13 14 1 15 15 16 6 17 2 19 7 20 17 21 15 22 9 23 18 24 14 25 3 26 16 27 3 28 13 29 11 30 14 31 20 32 2 33 5 34 11 35 7 36 3 37 7 38 16 39 13 40 6 41 8 42 19 43 16 44 12 46 16 48 8 18 11 45 9 47 1
