37
0 1 14 2 8 4 10 5 1 6 20 7 8 8 12 9 20 10 19 11 14 12 4 13 7 15 2 17 12 18 10 19 17 20 15 22 4 23 18 24 4 25 20 27 3 28 1 30 13 31 11 33 8 34 18 35 9 36 18 3 3 14 12 16 11 21 3 26 16 29 14
1 0 14 2 11 3 20 4 2 5 10 6 7 7 7 8 8 9 17 10 8 11 11 12 11 13 20 14 14 16 12 17 17 18 15 19 5 20 2 21 17 22 11 23 7 24 1 25 11 26 13 27 7 29 5 30 6 31 18 34 16 35 6 36 16 15 14 28 19 32 17
2 0 8 1 11 3 5 4 7 5 1 6 17 9 12 11 17 12 13 13 5 14 2 15 4 16 4 17 12 18 9 19 19 20 11 21 6 22 6 23 19 24 8 25 5 26 15 27 17 28 18 29 8 30 13 31 9 32 17 33 8 34 12 35 10 36 2 7 2 8 3 10 6
3 1 20 2 5 0 3 4 7 8 18 9 12 10 19 11 10 12 9 13 8 14 18 15 8 16 12 17 5 19 7 20 8 21 9 22 19 23 15 24 9 25 2 26 2 27 12 28 14 29 16 30 9 31 7 32 16 33 2 34 4 35 14 36 18 5 16 6 13 7 18 18 2
4 0 10 1 2 2 7 3 7 5 19 6 6 7 15 8 1 9 14 10 7 11 8 12 13 13 17 14 1 15 1 16 13 17 13 19 14 20 8 21 19 22 20 23 4 24 5 25 9 26 13 27 16 28 16 29 13 30 20 32 19 33 3 34 6 35 20 36 1 31 11
5 0 1 1 10 2 1 4 19 3 16 6 18 7 3 8 20 9 14 10 16 11 20 12 16 13 14 14 17 15 15 16 11 17 14 19 8 20 12 21 6 22 16 23 3 24 5 25 7 26 10 27 1 28 9 29 1 30 12 31 13 32 13 33 6 34 17 35 20 36 4 18 17
6 0 20 1 7 2 17 4 6 5 18 3 13 7 13 8 18 9 14 10 7 11 2 12 14 13 14 14 6 15 2 16 10 17 9 18 9 19 3 20 8 21 14 22 1 23 7 24 3 25 13 26 14 27 17 28 12 29 4 31 6 32 1 33 17 34 17 35 15 36 3 30 14
7 0 8 1 7 4 15 5 3 6 13 2 2 3 18 9 15 10 11 11 9 13 20 14 10 15 9 16 4 17 8 18 14 19 16 20 11 21 16 22 20 23 19 24 12 25 2 26 4 27 19 28 11 29 11 30 14 31 3 32 17 33 1 34 1 35 11 36 18 8 14
8 0 12 1 8 3 18 4 1 5 20 6 18 2 3 7 14 9 5 11 18 12 8 13 8 14 10 15 19 16 7 18 10 19 15 20 15 22 3 23 8 24 3 25 5 26 13 27 4 29 1 30 16 31 16 33 16 34 20 35 15 36 1 10 1 17 1 21 18 32 3
9 0 20 1 17 2 12 3 12 4 14 5 14 6 14 7 15 8 5 10 9 11 18 13 3 14 13 15 11 16 20 18 13 19 19 21 4 23 3 24 18 25 2 26 10 27 11 28 11 29 2 31 2 32 15 33 11 34 17 35 14 36 12 12 16 17 16 20 4 22 7
10 0 19 1 8 3 19 4 7 5 16 6 7 7 11 9 9 2 6 8 1 11 1 12 18 13 14 15 10 16 9 17 19 18 18 19 19 20 20 21 20 23 15 24 2 25 1 26 20 27 1 28 4 30 12 32 14 33 6 34 16 35 15 36 11 14 3 22 8 29 12 31 16
11 0 14 1 11 2 17 3 10 4 8 5 20 6 2 7 9 8 18 9 18 10 1 12 15 13 7 14 20 15 18 16 20 17 1 18 14 19 15 20 12 21 13 22 13 24 20 25 17 26 8 27 20 28 17 30 19 31 9 32 6 33 7 34 9 35 13 36 10 23 18 29 10
12 0 4 1 11 2 13 3 9 4 13 5 16 6 14 8 8 10 18 11 15 9 16 13 8 14 7 15 1 16 13 17 10 18 3 19 4 20 19 21 2 22 17 23 20 25 9 26 19 27 14 29 19 30 18 32 2 33 1 34 1 35 3 24 2 28 5 31 18 36 2
13 0 7 1 20 2 5 3 8 4 17 5 14 6 14 7 20 8 8 9 3 10 14 11 7 12 8 14 11 16 18 17 1 18 11 20 8 21 9 22 6 23 15 24 18 25 15 26 8 27 14 29 6 30 18 31 11 32 19 33 17 34 5 35 7 36 7 15 16 19 5 28 4
14 1 14 2 2 3 18 4 1 5 17 6 6 7 10 8 10 9 13 11 20 12 7 13 11 0 12 10 3 15 14 16 17 17 1 19 5 20 6 21 3 22 20 23 12 24 14 25 7 26 12 27 11 28 16 29 11 30 10 31 10 32 18 33 19 34 19 35 17 36 3 18 17
15 0 2 2 4 3 8 4 1 5 15 6 2 7 9 8 19 9 11 10 10 11 18 12 1 14 14 1 14 13 16 16 11 17 16 18 17 19 10 20 15 21 4 22 7 23 7 24 13 25 5 26 6 27 4 28 16 29 9 30 18 31 20 32 20 33 3 34 6 35 15 36 12
16 1 12 2 4 3 12 4 13 5 11 6 10 7 4 8 7 9 20 10 9 11 20 12 13 13 18 14 17 15 11 0 11 17 20 18 4 19 14 20 5 21 2 22 18 23 9 25 19 26 6 27 5 28 2 29 16 30 8 31 11 32 12 33 20 34 12 35 10 24 13 36 3
17 0 12 1 17 2 12 3 5 4 13 5 14 6 9 7 8 10 19 11 1 12 10 13 1 14 1 15 16 16 20 8 1 9 16 19 3 20 19 21 7 22 20 23 19 24 10 25 13 26 13 27 8 28 18 29 8 30 13 32 15 33 17 34 4 35 4 36 19 18 9 31 11
18 0 10 1 15 2 9 6 9 7 14 8 10 9 13 10 18 11 14 12 3 13 11 15 17 16 4 3 2 5 17 14 17 17 9 19 1 20 12 22 3 24 18 26 14 27 6 29 8 31 12 33 9 34 19 35 12 36 6 21 19 25 14 28 17 30 15
19 0 17 1 5 2 19 3 7 4 14 5 8 6 3 7 16 8 15 9 19 10 19 11 15 12 4 14 5 15 10 16 14 17 3 18 1 13 5 20 20 21 7 22 19 23 18 24 14 25 5 26 10 27 3 28 12 29 15 30 7 31 4 32 15 33 4 35 14 36 10 34 13
20 0 15 1 2 2 11 3 8 4 8 5 12 6 8 7 11 8 15 10 20 11 12 12 19 13 8 14 6 15 15 16 5 17 19 18 12 19 20 9 4 21 4 22 13 23 6 24 15 25 4 26 8 27 14 28 13 29 16 31 3 32 19 34 20 35 5 36 16 30 19 33 19
21 1 17 2 6 3 9 4 19 5 6 6 14 7 16 9 4 10 20 11 13 12 2 13 9 14 3 15 4 16 2 17 7 19 7 20 4 0 3 8 18 18 19 22 13 23 8 24 12 25 14 28 15 29 4 30 6 31 19 32 18 33 7 34 13 35 10 36 13 26 2 27 17
22 0 4 1 11 2 6 3 19 4 20 5 16 6 1 7 20 8 3 11 13 12 17 13 6 14 20 15 7 16 18 17 20 18 3 19 19 20 13 21 13 9 7 10 8 23 4 24 2 25 10 26 6 27 14 28 17 29 8 30 12 31 15 32 19 33 14 36 1 34 20
23 0 18 1 7 2 19 3 15 4 4 5 3 6 7 7 19 8 8 9 3 10 15 12 20 13 15 14 12 15 7 16 9 17 19 19 18 20 6 21 8 22 4 11 18 24 5 25 12 26 8 27 1 28 17 29 19 30 10 31 6 32 15 33 5 34 19 35 1 36 18
24 0 4 1 1 2 8 3 9 4 5 5 5 6 3 7 12 8 3 9 18 10 2 11 20 13 18 14 14 15 13 17 10 18 18 19 14 20 15 21 12 22 2 23 5 12 2 16 13 25 4 26 15 27 9 28 8 29 15 30 17 31 1 33 6 35 20 32 7 34 3
25 0 20 1 11 2 5 3 2 4 9 5 7 6 13 7 2 8 5 9 2 10 1 11 17 12 9 13 15 14 7 15 5 16 19 17 13 19 5 20 4 21 14 22 10 23 12 24 4 18 14 26 3 27 18 28 6 29 6 30 2 31 13 32 7 33 15 35 12 36 17 34 20
26 1 13 2 15 3 2 4 13 5 10 6 14 7 4 8 13 9 10 10 20 11 8 12 19 13 8 14 12 15 6 16 6 17 13 18 14 19 10 20 8 22 6 23 8 24 15 25 3 0 16 21 2 27 12 28 19 29 3 30 9 31 20 32 19 33 16 34 4 35 6 36 20
27 0 3 1 7 2 17 3 12 4 16 5 1 6 17 7 19 8 4 9 11 10 1 11 20 12 14 13 14 14 11 15 4 16 5 17 8 18 6 19 3 20 14 22 14 23 1 24 9 25 18 26 12 21 17 28 18 29 5 30 3 31 4 32 13 33 3 34 16 35 7 36 6
28 0 1 2 18 3 14 4 16 5 9 6 12 7 11 9 11 10 4 11 17 14 16 15 16 16 2 17 18 19 12 20 13 21 15 22 17 23 17 24 8 25 6 26 19 27 18 1 19 12 5 13 4 18 17 29 6 30 5 31 10 32 13 34 14 36 8 33 6 35 13
29 1 5 2 8 3 16 4 13 5 1 6 4 7 11 8 1 9 2 12 19 13 6 14 11 15 9 16 16 17 8 18 8 19 15 20 16 21 4 22 8 23 19 24 15 25 6 26 3 27 5 28 6 0 14 10 12 11 10 30 14 31 7 32 6 33 12 35 2 36 12 34 15
30 0 13 1 6 2 13 3 9 4 20 5 12 7 14 8 16 10 12 11 19 12 18 13 18 14 10 15 18 16 8 17 13 19 7 21 6 22 12 23 10 24 17 25 2 26 9 27 3 28 5 29 14 6 14 18 15 20 19 31 15 32 20 33 10 34 7 35 20 36 20
31 0 11 1 18 2 9 3 7 5 13 6 6 7 3 8 16 9 2 11 9 13 11 14 10 15 20 16 11 18 12 19 4 20 3 21 19 22 15 23 6 24 1 25 13 26 20 27 4 28 10 29 7 30 15 4 11 10 16 12 18 17 11 32 2 33 17 34 6 35 4 36 7
32 2 17 3 16 4 19 5 13 6 1 7 17 9 15 10 14 11 6 12 2 13 19 14 18 15 20 16 12 17 15 19 15 20 19 21 18 22 19 23 15 25 7 26 19 27 13 28 13 29 6 30 20 31 2 1 17 8 3 24 7 33 2 34 18 35 10 36 16
33 0 8 2 8 3 2 4 3 5 6 6 17 7 1 8 16 9 11 10 6 11 7 12 1 13 17 14 19 15 3 16 20 17 17 18 9 19 4 21 7 22 14 23 5 24 6 25 15 26 16 27 3 29 12 30 10 31 17 32 2 20 19 28 6 34 2 35 6 36 18
34 0 18 1 16 2 12 3 4 4 6 5 17 6 17 7 1 8 20 9 17 10 16 11 9 12 1 13 5 14 19 15 6 16 12 17 4 18 19 20 20 21 13 23 19 26 4 27 16 28 14 30 7 31 6 32 18 33 2 19 13 22 20 24 3 25 20 29 15 35 16 36 12
35 0 9 1 6 2 10 3 14 4 20 5 20 6 15 7 11 8 15 9 14 10 15 11 13 12 3 13 7 14 17 15 15 16 10 17 4 18 12 19 14 20 5 21 10 23 1 24 20 25 12 26 6 27 7 29 2 30 20 31 4 32 10 33 6 34 16 28 13 36 9
36 0 18 1 16 2 2 3 18 4 1 5 4 6 3 7 18 8 1 9 12 10 11 11 10 13 7 14 3 15 12 17 19 18 6 19 10 20 16 21 13 22 1 23 18 25 17 26 20 28 8 29 12 30 20 31 7 32 16 33 18 34 12 35 9 12 2 16 3 27 6
