67
0 26 11 45 1
1 8 10 22 13
2 34 16 40 11
3 32 1 42 7 59 1
4 25 1 32 7 61 20
5 40 18 61 3 64 20 18 9 47 12
6 9 1 11 5 15 15 53 14 61 20 51 16
7 55 11 56 9 66 1 62 2
8 1 10 19 11 30 2 31 6 32 9 42 18 65 16 28 5
9 6 1 30 5 62 8
10 35 1 64 8
11 6 5 24 8 64 13
12 40 20 55 15
13 34 4 17 9 35 5
14 23 6 37 3 38 14 65 14
15 6 15 16 9 21 19
16 15 9 46 12 53 2
17 13 9 51 13 60 12 20 13
18 5 9 23 12 26 10 45 13
19 8 11 41 2 63 7 27 5
20 17 13 46 12 63 12 26 15
21 15 19 63 15
22 1 13 45 7 60 11 64 17 65 8 51 14 54 7
23 14 6 18 12 28 10
24 11 8 45 14 54 17 57 9
25 4 1 30 5
26 0 11 18 10 20 15 29 2 47 2 58 11 66 12
27 19 5 29 15 59 13 61 2
28 23 10 8 5 62 18
29 26 2 27 15 44 7 65 19
30 8 2 9 5 25 5
31 8 6 57 3
32 3 1 4 7 8 9 46 6 54 10 56 2 63 5 64 2
33 35 16 48 10 53 10 56 9 44 15 65 18
34 2 16 13 4 35 5 54 11 62 16
35 10 1 33 16 34 5 13 5 45 8 47 1 50 6 51 11 66 19
36 45 14
37 14 3 62 8
38 14 14 55 6
39 48 15 60 20 64 5
40 2 11 5 18 12 20 48 4 55 18 66 19
41 19 2 58 17 66 12
42 3 7 8 18 54 12
43 44 20 64 18
44 43 20 29 7 33 15 64 17
45 0 1 22 7 24 14 35 8 36 14 18 13
46 16 12 20 12 32 6 62 15
47 26 2 35 1 5 12 60 10
48 33 10 39 15 40 4 49 3
49 48 3
50 35 6
51 17 13 35 11 6 16 22 14 59 6
52 53 9 62 10
53 6 14 16 2 33 10 52 9 55 20 62 17
54 24 17 32 10 34 11 22 7 42 12
55 7 11 38 6 40 18 53 20 12 15 58 15
56 7 9 32 2 33 9
57 24 9 31 3
58 26 11 41 17 55 15 62 5
59 3 1 27 13 51 6
60 17 12 22 11 39 20 47 10
61 4 20 5 3 6 20 27 2
62 9 8 28 18 34 16 46 15 52 10 53 17 58 5 7 2 37 8 65 2
63 19 7 20 12 21 15 32 5
64 5 20 10 8 22 17 32 2 39 5 43 18 11 13 44 17
65 8 16 22 8 14 14 29 19 33 18 62 2
66 7 1 26 12 35 19 40 19 41 12
