99
0 6 14 21 2 46 3 47 16 55 20 60 20 82 4
1 4 4 68 10 91 15 69 19
2 4 20 93 19
3 4 10 38 10 63 9 8 1 57 4
4 1 4 2 20 3 10 28 19 61 14 82 18
5 50 12
6 0 14 45 10 88 10 9 2 15 6
7 67 3 85 6 82 13
8 3 1 36 18 65 12 84 4
9 6 2 15 16 34 14 41 13 51 19 30 6
10 18 19 54 13 78 12 90 14 53 18 93 1
11 26 19 61 4 92 18
12 45 9 89 10
13 40 13 58 5 76 5 77 19
14 79 13
15 9 16 6 6 75 14 90 5
16 30 19 31 18 25 19 56 20
17 62 3 89 12
18 10 19 19 3 27 6 73 15 77 2 67 20 96 3
19 18 3 94 6 76 1
20 49 15 69 2
21 0 2 41 17
22 49 18 50 5 76 2 47 8 56 7
23 30 13 48 19 50 5 67 15 94 15 97 9 93 18
24 47 10 67 11 76 3
25 16 19 31 5 61 13 70 17 86 3 73 5
26 11 19 59 15 93 5 36 1 52 20
27 18 6 50 8 74 3 53 4 81 19
28 4 19 48 8 49 5 50 2 57 13 66 7 68 12 44 3
29 80 3
30 16 19 23 13 9 6 42 5 56 5 61 17 71 18 75 7 89 11 95 10
31 16 18 25 5 53 14 70 19 81 4 61 17
32 36 15 56 16
33 41 3 64 14 79 8
34 9 14 36 8 88 7 46 12 66 4 86 15
35 85 12
36 8 18 32 15 34 8 26 1 56 11 67 7
37 92 12 98 15 75 20
38 3 10 73 17 76 8
39 68 4
40 13 13 50 18 74 14
41 9 13 33 3 21 17 91 18 64 10 80 20
42 30 5 43 17 56 19 69 20 85 7 94 18
43 42 17 49 2 52 4 84 8
44 28 3 70 17 77 18
45 6 10 12 9 84 3
46 0 3 34 12 73 20 82 6 89 11 90 11
47 0 16 24 10 22 8 85 2
48 23 19 28 8 91 2
49 20 15 22 18 28 5 43 2
50 5 12 22 5 23 5 27 8 28 2 40 18 61 9 72 11 54 8
51 9 19 96 5 73 3
52 43 4 26 20 57 6 96 1
53 31 14 10 18 27 4 69 2 67 12
54 10 13 50 8 91 2 60 5
55 0 20 63 19 91 10
56 30 5 36 11 42 19 16 20 22 7 32 16 76 18 98 14
57 28 13 52 6 3 4 67 6 79 8 78 7
58 13 5 60 3 86 8
59 26 15 60 7 65 17 79 8
60 0 20 58 3 59 7 54 5 74 15
61 4 14 11 4 25 13 30 17 50 9 31 17 62 7 88 1 73 13
62 17 3 61 7
63 3 9 55 19
64 33 14 41 10 68 11
65 8 12 59 17 82 10 83 17
66 28 7 34 4 86 6
67 7 3 23 15 24 11 36 7 57 6 18 20 53 12 83 11
68 1 10 28 12 39 4 64 11 81 12 72 13
69 20 2 42 20 53 2 1 19 83 17
70 25 17 31 19 44 17
71 30 18 72 10
72 50 11 71 10 68 13 74 9
73 18 15 38 17 46 20 25 5 51 3 61 13
74 27 3 40 14 60 15 72 9 80 15
75 15 14 30 7 37 20 82 1
76 13 5 22 2 56 18 19 1 24 3 38 8 79 19
77 13 19 18 2 44 18
78 10 12 57 7
79 14 13 33 8 57 8 76 19 59 8 86 9
80 29 3 74 15 41 20 83 20
81 31 4 68 12 27 19 85 5
82 0 4 4 18 46 6 7 13 65 10 75 1 87 8 98 4
83 67 11 69 17 80 20 65 17 88 8
84 8 4 45 3 43 8
85 7 6 35 12 47 2 81 5 42 7
86 25 3 58 8 66 6 79 9 34 15
87 82 8 88 18
88 6 10 34 7 61 1 83 8 87 18
89 12 10 30 11 46 11 17 12
90 10 14 46 11 15 5 94 8 98 6
91 1 15 41 18 54 2 48 2 55 10
92 11 18 37 12
93 2 19 26 5 10 1 23 18
94 19 6 23 15 90 8 42 18
95 30 10
96 51 5 18 3 52 1
97 23 9
98 37 15 56 14 82 4 90 6
