75
0 1 3 2 16 3 1 4 16 5 14 6 3 7 4 8 4 9 11 10 10 11 3 12 14 13 5 14 3 15 8 16 11 17 19 18 3 19 12 20 19 21 11 22 1 23 14 24 16 25 11 26 8 27 13 28 7 29 6 30 2 31 18 33 12 34 5 35 7 36 12 37 13 39 19 40 8 41 20 42 1 43 6 44 2 45 19 46 18 47 4 49 20 50 6 51 4 52 15 54 3 55 15 56 15 57 5 58 7 59 15 60 14 61 8 62 17 63 7 65 6 66 19 67 2 68 15 69 12 70 20 71 7 73 5 74 6 32 12 48 20 53 2 64 20 72 15
1 0 3 2 14 3 9 5 3 6 1 7 13 8 8 9 13 10 17 12 1 14 3 15 4 16 5 17 20 18 18 19 16 20 6 21 1 22 2 23 12 24 1 26 6 27 11 28 3 29 16 30 2 31 18 32 1 33 4 34 13 35 1 37 5 38 3 39 17 40 12 41 4 42 6 43 20 44 3 45 5 46 19 47 3 48 19 49 4 50 9 51 6 52 16 53 15 54 7 56 16 57 3 58 7 59 18 60 5 61 3 62 19 63 15 65 9 66 18 67 2 68 7 69 18 71 7 72 16 74 18 4 19 11 7 13 4 25 15 36 13 55 1 70 9 73 4
2 0 16 1 14 3 8 4 2 5 18 6 9 7 15 8 1 10 10 11 20 12 4 13 19 14 12 16 10 17 16 18 12 19 9 20 5 21 11 22 15 23 11 24 20 25 6 26 2 27 18 28 11 29 2 30 5 31 13 32 2 33 2 34 15 35 5 36 12 37 11 38 10 39 14 40 20 41 11 42 17 43 20 45 20 46 11 47 11 48 1 49 15 50 10 51 8 52 12 53 1 54 19 55 2 56 13 57 13 58 3 59 19 60 15 61 9 62 19 64 9 65 1 66 9 67 6 69 5 71 13 72 5 73 9 74 11 9 6 15 4 44 8 63 9 68 11 70 12
3 0 1 1 9 2 8 4 1 6 12 7 3 8 11 10 10 11 1 13 9 15 12 16 1 17 8 18 9 19 16 20 13 21 5 23 8 24 12 25 1 26 10 27 5 28 8 29 9 30 7 31 16 32 15 33 18 34 11 35 18 36 7 38 4 39 19 40 16 41 12 42 15 44 5 45 13 46 13 47 17 48 18 49 13 50 19 51 5 52 17 53 15 54 14 55 6 56 2 57 3 58 2 59 10 60 1 61 3 62 5 64 11 65 13 66 9 67 4 68 11 69 9 70 1 71 17 72 15 73 10 74 12 5 17 9 10 22 7 37 10 43 2 63 6
4 0 16 2 2 3 1 1 19 5 3 6 16 7 2 8 17 9 4 10 13 11 12 12 15 13 14 14 15 15 8 16 1 17 4 19 15 20 8 21 6 22 11 23 4 26 15 27 12 28 20 29 19 30 1 31 8 32 16 33 15 34 2 35 12 36 10 37 1 38 2 39 4 40 14 41 20 42 1 43 5 44 11 45 17 46 8 49 4 50 19 51 3 52 17 53 11 54 4 55 6 56 13 58 12 59 15 61 19 62 19 63 9 65 9 66 10 67 5 68 5 69 12 70 17 71 10 72 11 73 4 74 13 18 6 24 4 25 13 47 12 48 8 57 2 60 2 64 1
5 0 14 1 3 2 18 4 3 3 17 6 5 7 11 9 9 10 3 11 14 12 2 13 14 14 1 15 5 16 15 17 12 18 2 19 17 20 15 21 12 22 8 23 15 24 12 25 15 26 20 27 13 28 7 29 11 30 6 31 17 32 9 33 12 34 11 35 7 36 1 37 10 38 7 39 18 41 13 42 15 43 3 44 14 45 17 46 15 47 5 48 18 49 16 50 9 51 19 52 1 53 4 54 1 55 3 57 3 58 5 59 18 60 10 61 16 62 9 64 12 65 16 66 16 67 5 68 13 69 12 70 11 71 1 72 6 73 1 74 10 40 7 56 1 63 18
6 0 3 1 1 2 9 3 12 4 16 5 5 7 17 8 18 10 7 11 14 12 7 13 19 14 20 15 12 16 16 17 5 18 14 19 12 20 3 21 10 22 11 24 16 25 9 26 1 27 11 29 3 30 14 31 10 32 2 33 1 35 6 36 15 38 12 39 12 40 14 41 20 42 15 43 17 44 10 45 3 46 12 47 16 48 1 49 19 50 11 51 6 52 6 53 7 54 17 55 1 56 1 57 9 58 19 59 14 60 5 61 2 62 9 63 9 64 16 66 4 67 15 69 17 70 6 71 12 72 14 73 3 74 3 9 14 34 1 37 7 65 11 68 20
7 0 4 1 13 2 15 3 3 4 2 5 11 6 17 8 12 9 15 10 17 11 3 12 14 13 7 14 4 15 8 16 1 17 14 18 17 20 13 21 8 22 11 23 10 24 19 25 4 26 10 27 2 28 1 29 7 30 20 31 1 32 6 33 14 34 16 36 13 38 5 39 15 41 7 42 3 43 17 44 5 45 6 46 2 47 4 49 3 50 11 51 16 52 20 53 6 54 19 55 6 56 10 57 14 58 11 59 20 60 20 61 15 62 10 63 17 64 11 65 9 66 13 67 3 68 2 69 8 70 17 71 11 72 3 73 4 74 10 35 17 37 3 40 11 48 8
8 0 4 1 8 2 1 3 11 4 17 6 18 7 12 9 1 10 17 11 14 12 20 13 10 14 7 15 12 16 5 17 11 18 14 19 11 20 7 21 8 22 10 23 17 24 14 25 4 26 3 27 6 28 10 29 1 30 6 31 15 32 5 33 3 34 16 35 17 36 14 37 10 38 11 41 8 43 14 44 6 45 7 46 1 47 11 48 17 49 13 50 5 51 15 52 17 54 7 55 11 56 11 57 3 58 3 59 1 60 5 61 19 62 17 63 5 64 6 65 19 66 19 67 4 68 7 69 20 70 18 71 16 72 16 73 10 74 19 40 10 42 8 53 1
9 0 11 1 13 4 4 5 9 7 15 8 1 2 6 3 10 6 14 10 11 12 19 14 1 15 20 16 2 17 13 18 17 19 4 20 7 21 9 22 13 23 2 25 20 26 20 27 3 28 12 29 3 30 9 32 11 34 5 35 16 36 13 37 19 38 8 39 4 40 2 41 5 42 2 43 15 45 8 46 11 47 15 48 20 49 18 51 6 53 3 54 8 55 14 56 17 57 10 58 8 59 7 60 8 61 17 62 4 63 20 64 17 65 3 66 17 67 16 68 3 69 12 70 1 71 17 73 6 74 8 11 7 13 18 24 9 31 2 33 6 44 14 50 7 52 13 72 4
10 0 10 1 17 2 10 3 10 4 13 5 3 6 7 7 17 8 17 9 11 11 10 12 3 14 7 15 2 16 13 17 5 18 12 19 15 20 17 22 8 23 1 24 20 25 4 27 17 28 18 29 20 30 12 31 18 32 2 33 15 34 4 35 9 36 6 37 11 38 10 39 12 40 7 41 14 42 8 43 1 45 16 47 16 48 4 50 14 51 6 52 2 53 13 54 20 55 20 56 5 57 3 58 14 59 4 60 11 61 11 62 11 63 12 64 20 65 17 66 15 67 10 68 1 69 18 70 11 71 11 72 6 74 20 21 2 44 3 46 7 49 4 73 18
11 0 3 2 20 3 1 4 12 5 14 6 14 7 3 8 14 10 10 1 7 9 7 12 1 13 14 14 4 15 13 16 1 17 14 18 16 19 4 20 12 21 16 22 14 23 5 25 4 26 1 27 10 28 6 29 6 30 3 31 10 32 14 33 19 34 2 35 16 36 3 37 16 38 1 41 11 42 14 43 14 44 14 45 8 46 12 48 1 49 3 50 8 51 20 52 19 53 20 54 10 55 4 56 17 57 5 58 8 59 9 60 16 61 19 62 2 63 14 64 4 65 7 66 1 68 16 69 17 70 12 71 19 72 6 73 13 74 6 24 15 39 13 40 1 47 6 67 9
12 0 14 1 1 2 4 4 15 5 2 6 7 7 14 8 20 9 19 10 3 11 1 13 16 14 16 15 13 16 5 17 1 18 2 19 20 20 7 21 12 22 1 23 7 24 14 26 9 27 8 28 3 29 20 30 20 31 19 32 17 34 20 36 1 37 9 38 2 39 18 40 1 41 6 42 14 43 10 46 9 47 16 48 6 49 10 50 17 51 16 52 9 54 1 55 2 56 11 57 18 58 11 59 7 61 8 62 15 63 11 64 5 65 3 66 14 67 3 70 14 71 15 72 3 73 16 74 6 25 18 33 1 35 13 44 7 45 20 53 11 60 13 68 7 69 7
13 0 5 2 19 3 9 4 14 5 14 6 19 7 7 8 10 11 14 12 16 1 4 9 18 15 7 16 2 17 6 18 11 20 3 23 2 24 4 25 2 27 13 28 20 29 20 31 14 32 15 33 1 34 20 35 12 36 18 37 16 38 2 39 13 40 2 41 18 43 8 44 20 45 8 47 5 48 20 49 1 50 2 51 3 53 12 54 3 55 3 56 11 57 14 58 9 59 16 60 8 62 8 65 2 66 5 67 14 68 14 70 11 71 18 72 15 73 2 74 5 14 11 19 3 22 12 26 17 30 10 42 5 46 2 52 11 61 20 63 7 64 13 69 14
14 0 3 1 3 2 12 4 15 5 1 6 20 7 4 8 7 9 1 10 7 11 4 12 16 13 11 15 6 16 16 19 1 20 9 21 18 22 2 23 5 24 2 25 17 26 11 27 2 28 8 29 17 30 11 31 4 32 2 33 6 34 20 36 5 38 15 39 13 40 6 41 2 42 7 43 20 44 3 45 4 46 10 48 12 49 6 50 12 51 13 52 8 53 6 54 12 55 20 58 18 59 12 60 1 61 14 62 2 63 13 64 14 65 7 66 16 67 17 68 12 69 1 71 7 72 10 73 19 74 12 17 12 35 6 37 2 47 17 56 14 57 20 70 20
15 0 8 1 4 3 12 4 8 5 5 6 12 7 8 8 12 9 20 10 2 11 13 12 13 13 7 14 6 2 4 16 14 17 7 18 15 19 19 20 4 22 16 23 16 24 14 25 18 26 5 27 14 28 8 29 19 30 4 31 5 32 10 33 15 34 11 35 12 37 7 38 6 39 13 40 17 41 19 42 8 43 1 44 18 45 17 46 2 47 12 48 13 49 17 50 14 51 16 52 3 53 8 54 1 55 11 56 20 57 1 58 14 59 11 60 3 61 10 62 15 63 4 64 11 65 11 66 14 67 20 68 10 70 8 71 4 72 7 73 19 74 17 21 13 36 2 69 16
16 0 11 1 5 2 10 3 1 4 1 5 15 6 16 7 1 8 5 9 2 10 13 11 1 12 5 13 2 14 16 15 14 17 16 19 13 20 4 21 6 23 11 24 11 25 13 26 3 27 6 28 4 29 4 30 10 31 3 32 8 33 15 34 1 35 9 36 16 37 8 38 8 39 16 40 10 41 9 42 4 44 15 45 11 46 19 48 9 49 15 50 17 51 6 52 19 53 7 54 16 55 4 56 16 57 17 58 12 59 6 60 7 61 8 62 9 63 16 64 14 65 8 66 13 67 18 68 9 69 17 70 12 71 13 72 10 73 5 74 2 18 7 43 3 47 16
17 0 19 1 20 2 16 3 8 4 4 5 12 6 5 7 14 8 11 9 13 10 5 11 14 12 1 13 6 15 7 16 16 14 12 18 4 19 4 20 6 21 3 23 14 24 4 25 2 26 12 27 1 28 5 29 11 30 4 31 9 32 7 33 20 34 4 35 1 36 14 37 8 38 4 40 12 41 4 42 18 43 7 44 12 45 6 46 8 47 1 48 14 49 17 50 6 51 3 52 12 53 16 54 4 55 3 56 12 57 15 58 3 59 20 60 5 61 9 62 13 63 17 64 10 65 13 66 8 67 16 68 6 69 2 70 4 71 5 72 12 73 1 74 3 22 19 39 7
18 0 3 1 18 2 12 3 9 5 2 6 14 7 17 8 14 9 17 10 12 11 16 12 2 13 11 15 15 17 4 4 6 16 7 19 18 20 10 21 17 22 4 23 15 25 20 26 5 27 6 29 1 30 4 31 16 32 15 33 6 34 3 35 5 36 7 37 1 38 3 39 12 40 12 41 13 42 17 43 14 44 18 45 14 46 7 47 20 49 7 50 16 51 6 52 8 53 11 54 9 55 4 56 17 57 12 58 14 59 13 60 18 61 14 62 12 63 5 64 9 65 2 66 12 67 12 68 12 69 6 70 18 71 14 72 1 74 14 24 8 28 6 48 19 73 15
19 0 12 1 16 2 9 3 16 4 15 5 17 6 12 8 11 9 4 10 15 11 4 12 20 14 1 15 19 16 13 17 4 18 18 13 3 20 16 21 2 22 6 23 2 24 11 26 10 27 10 30 10 31 1 32 10 33 13 34 11 36 17 37 12 38 8 39 3 40 4 41 10 42 10 43 12 44 19 45 1 46 19 47 1 48 10 49 14 50 7 51 6 52 2 53 5 54 11 56 16 57 11 58 5 59 17 60 11 61 15 62 4 63 9 64 13 66 12 67 8 68 17 69 9 70 18 71 1 72 2 73 1 74 5 25 12 28 11 29 20 35 19 55 4
20 0 19 1 6 2 5 3 13 4 8 5 15 6 3 7 13 8 7 9 7 10 17 11 12 12 7 13 3 14 9 15 4 16 4 17 6 18 10 19 16 21 15 22 14 23 11 24 3 26 1 27 14 28 1 29 4 30 16 31 2 33 16 34 18 35 15 36 12 37 18 38 2 39 14 40 10 41 6 42 18 43 17 44 12 45 12 47 6 49 20 50 2 51 4 52 12 53 13 54 16 55 14 56 1 57 8 59 1 60 11 61 6 62 7 63 6 64 10 65 7 66 12 67 16 69 17 70 1 71 18 72 9 74 2 25 1 32 14 48 13 58 18 68 19 73 16
21 0 11 1 1 2 11 3 5 4 6 5 12 6 10 7 8 8 8 9 9 11 16 12 12 14 18 16 6 17 3 18 17 19 2 20 15 10 2 15 13 22 15 23 5 24 12 25 10 26 2 28 20 29 6 30 12 31 16 32 11 33 19 34 20 35 5 36 19 37 12 38 19 39 5 40 6 41 18 42 10 43 8 44 20 45 17 46 17 47 16 48 9 49 9 50 12 51 14 52 4 53 1 54 3 55 19 56 18 57 18 58 8 59 9 60 6 61 20 63 16 64 20 65 20 66 15 67 13 68 16 69 8 70 18 73 19 74 15 27 8 62 1 71 14 72 1
22 0 1 1 2 2 15 4 11 5 8 6 11 7 11 8 10 9 13 10 8 11 14 12 1 14 2 15 16 18 4 19 6 20 14 21 15 3 7 13 12 17 19 23 5 24 15 25 1 26 20 27 6 28 7 29 13 30 1 31 8 32 3 33 1 34 6 35 2 36 10 37 17 38 13 39 17 40 17 41 9 42 8 43 9 44 10 45 9 46 13 47 7 48 6 49 1 50 13 51 5 52 12 53 2 54 5 55 8 56 18 57 3 59 5 61 18 62 9 63 17 64 1 65 16 66 12 67 15 68 6 69 7 70 4 71 6 72 5 73 7 74 3 58 3 60 19
23 0 14 1 12 2 11 3 8 4 4 5 15 7 10 8 17 9 2 10 1 11 5 12 7 13 2 14 5 15 16 16 11 17 14 18 15 19 2 20 11 21 5 22 5 24 14 25 9 26 14 27 14 29 13 30 6 32 10 33 10 34 2 35 13 36 15 37 4 38 18 39 7 40 12 41 15 42 13 44 2 45 1 46 11 47 3 48 2 49 4 50 10 51 11 52 7 53 12 54 7 55 2 56 12 57 5 58 14 59 8 60 11 61 12 62 16 63 8 64 12 65 6 66 13 67 7 68 7 69 17 70 16 71 19 72 10 73 14 74 12 28 10 31 8
24 0 16 1 1 2 20 3 12 5 12 6 16 7 19 8 14 10 20 12 14 13 4 14 2 15 14 16 11 17 4 19 11 20 3 21 12 22 15 23 14 4 4 9 9 11 15 18 8 25 13 26 15 27 5 28 15 29 14 30 13 31 10 32 4 33 19 34 12 35 19 36 11 37 6 38 2 40 2 41 11 42 13 43 11 44 4 45 10 46 18 47 11 48 9 49 2 50 9 51 9 52 8 53 18 54 16 55 2 56 12 57 14 59 13 60 14 61 12 62 19 63 16 64 17 65 7 66 11 68 20 69 7 70 8 71 1 73 9 74 20 39 7 58 10 67 17 72 7
25 0 11 2 6 3 1 5 15 6 9 7 4 8 4 9 20 10 4 11 4 13 2 14 17 15 18 16 13 17 2 18 20 21 10 22 1 23 9 24 13 1 15 4 13 12 18 19 12 20 1 26 20 27 15 28 1 29 12 30 19 31 4 32 15 33 4 34 3 35 8 36 5 37 2 38 13 39 8 40 9 41 19 42 9 44 11 45 11 46 2 47 20 51 2 52 12 53 1 54 18 55 18 56 7 57 12 58 17 59 9 60 4 63 8 64 18 65 3 66 17 68 17 69 5 70 10 71 19 72 16 73 1 74 9 43 7 48 17 49 5 50 3 61 2 62 14 67 4
26 0 8 1 6 2 2 3 10 4 15 5 20 6 1 7 10 8 3 9 20 11 1 12 9 14 11 15 5 16 3 17 12 18 5 19 10 20 1 21 2 22 20 23 14 24 15 25 20 13 17 28 3 29 16 30 7 31 17 32 3 34 12 35 7 36 5 37 1 38 18 39 3 40 6 41 7 42 5 43 5 44 10 45 5 47 12 48 10 49 14 50 4 51 18 53 19 54 15 55 16 56 3 57 14 58 16 61 5 62 13 63 11 64 4 65 10 66 8 67 2 68 11 69 2 71 17 72 18 73 17 74 13 27 12 33 11 52 20 59 11 60 10 70 13
27 0 13 1 11 2 18 3 5 4 12 5 13 6 11 7 2 8 6 9 3 10 17 11 10 12 8 13 13 14 2 15 14 16 6 17 1 18 6 19 10 20 14 22 6 23 14 24 5 25 15 21 8 26 12 29 14 30 20 31 14 33 16 34 2 36 6 37 14 38 9 39 20 40 3 41 19 42 2 43 6 44 9 45 15 46 6 47 1 48 13 49 3 50 3 51 19 52 5 54 2 55 6 57 20 58 5 59 7 60 11 61 9 62 13 63 18 64 7 65 5 66 9 67 1 68 15 69 14 70 13 71 9 72 11 73 14 74 19 28 16 32 8 35 11 56 3
28 0 7 1 3 2 11 3 8 4 20 5 7 7 1 8 10 9 12 10 18 11 6 12 3 13 20 14 8 15 8 16 4 17 5 20 1 21 20 22 7 24 15 25 1 26 3 18 6 19 11 23 10 27 16 29 18 30 3 31 5 32 20 33 13 34 15 35 18 36 17 37 18 38 14 39 18 40 20 41 14 42 6 43 20 44 4 45 15 46 8 47 2 48 3 49 5 50 10 51 16 52 3 53 7 54 1 55 2 57 3 60 20 61 8 62 3 63 7 65 19 66 1 67 15 68 16 69 19 70 9 71 12 72 19 73 8 74 10 58 12 59 2 64 1
29 0 6 1 16 2 2 3 9 4 19 5 11 6 3 7 7 8 1 9 3 10 20 11 6 12 20 13 20 14 17 15 19 16 4 17 11 18 1 20 4 21 6 22 13 23 13 24 14 25 12 26 16 27 14 28 18 19 20 30 11 31 18 32 9 33 20 34 7 35 3 36 9 38 2 39 20 40 17 41 2 42 7 43 19 44 20 45 3 46 11 47 4 48 10 50 9 51 15 52 19 53 6 54 5 55 16 56 11 57 1 58 7 59 4 60 13 62 18 63 7 64 6 65 7 66 11 67 13 68 7 69 1 70 5 71 12 72 16 73 9 74 15 37 15 49 10 61 11
30 0 2 1 2 2 5 3 7 4 1 5 6 6 14 7 20 8 6 9 9 10 12 11 3 12 20 14 11 15 4 16 10 17 4 18 4 19 10 20 16 21 12 22 1 23 6 24 13 25 19 26 7 27 20 28 3 29 11 13 10 31 16 33 14 34 3 35 20 37 9 38 4 39 17 40 16 41 19 42 15 43 19 44 13 45 16 46 11 47 8 48 6 51 8 52 11 53 4 54 6 55 11 56 9 57 17 58 15 59 10 60 9 61 12 63 6 65 12 66 14 67 16 68 3 69 11 70 12 71 8 73 3 74 20 32 2 49 3 50 4 62 20 64 1 72 10
31 0 18 1 18 2 13 3 16 4 8 5 17 6 10 7 1 8 15 10 18 11 10 12 19 13 14 14 4 15 5 16 3 17 9 18 16 19 1 20 2 21 16 22 8 24 10 25 4 26 17 27 14 28 5 29 18 30 16 9 2 23 8 32 13 33 20 34 6 36 9 37 4 38 13 39 3 40 2 41 4 42 9 43 10 44 20 45 16 46 17 47 4 48 2 49 17 50 18 51 9 52 16 53 7 54 3 55 3 57 9 59 12 60 12 61 13 62 15 63 9 64 11 65 13 66 9 67 6 68 10 69 9 70 14 71 6 72 15 73 2 74 17 35 16 56 16 58 10
32 1 1 2 2 3 15 4 16 5 9 6 2 7 6 8 5 9 11 10 2 11 14 12 17 13 15 14 2 15 10 16 8 17 7 18 15 19 10 21 11 22 3 23 10 24 4 25 15 26 3 28 20 29 9 31 13 0 12 20 14 27 8 30 2 34 20 35 10 36 14 38 16 39 5 40 14 41 11 43 17 44 1 45 1 46 17 47 13 48 20 49 5 50 12 51 6 52 6 53 5 54 16 55 13 56 6 57 9 58 14 59 8 60 1 61 15 62 8 64 8 65 14 66 4 67 6 68 15 69 20 70 3 72 10 73 1 74 6 33 10 37 18 42 1 63 3 71 8
33 0 12 1 4 2 2 3 18 4 15 5 12 6 1 7 14 8 3 10 15 11 19 13 1 14 6 15 15 16 15 17 20 18 6 19 13 20 16 21 19 22 1 23 10 24 19 25 4 27 16 28 13 29 20 30 14 31 20 9 6 12 1 26 11 32 10 35 2 36 8 37 14 38 5 39 2 40 15 41 9 42 11 43 14 44 7 45 5 46 17 47 2 48 2 49 8 50 5 51 10 52 20 53 6 54 12 55 1 56 16 57 4 58 3 59 6 60 10 61 3 62 7 63 3 64 12 66 19 67 3 68 9 69 17 70 3 71 2 72 18 73 20 74 15 34 19 65 5
34 0 5 1 13 2 15 3 11 4 2 5 11 7 16 8 16 9 5 10 4 11 2 12 20 13 20 14 20 15 11 16 1 17 4 18 3 19 11 20 18 21 20 22 6 23 2 24 12 25 3 26 12 27 2 28 15 29 7 30 3 31 6 32 20 6 1 33 19 35 17 36 11 37 8 40 7 42 7 43 5 44 13 45 12 46 4 48 2 49 15 50 8 51 20 52 3 53 10 54 12 56 4 57 5 58 1 59 1 60 6 61 12 62 17 63 17 64 8 66 8 67 10 68 13 69 12 70 11 71 6 72 11 73 15 74 6 38 6 39 17 41 7 47 18 65 13
35 0 7 1 1 2 5 3 18 4 12 5 7 6 6 8 17 9 16 10 9 11 16 13 12 15 12 16 9 17 1 18 5 20 15 21 5 22 2 23 13 24 19 25 8 26 7 28 18 29 3 30 20 32 10 33 2 34 17 7 17 12 13 14 6 19 19 27 11 31 16 36 14 37 6 39 3 40 3 41 13 42 14 43 14 44 11 45 13 46 15 47 13 48 15 49 11 50 6 51 7 52 1 53 12 54 20 55 4 56 3 57 2 58 17 59 4 60 16 61 6 63 20 65 2 66 20 67 13 68 16 69 7 70 10 71 20 72 3 73 7 74 8 38 9 62 4 64 16
36 0 12 2 12 3 7 4 10 5 1 6 15 7 13 8 14 9 13 10 6 11 3 12 1 13 18 14 5 16 16 17 14 18 7 19 17 20 12 21 19 22 10 23 15 24 11 25 5 26 5 27 6 28 17 29 9 31 9 32 14 33 8 34 11 35 14 1 13 15 2 37 20 38 7 39 18 40 17 41 4 42 9 43 19 44 16 45 19 46 10 47 4 48 8 50 20 51 8 52 17 53 8 54 10 55 18 56 15 57 2 58 10 59 13 60 1 61 1 62 16 63 10 64 19 65 19 66 11 67 18 69 5 71 15 72 1 73 14 74 13 49 13 68 8 70 15
37 0 13 1 5 2 11 4 1 5 10 8 10 9 19 10 11 11 16 12 9 13 16 15 7 16 8 17 8 18 1 19 12 20 18 21 12 22 17 23 4 24 6 25 2 26 1 27 14 28 18 30 9 31 4 33 14 34 8 35 6 36 20 3 10 6 7 7 3 14 2 29 15 32 18 38 3 40 7 41 18 42 7 43 2 44 15 45 2 46 19 50 13 51 18 52 18 53 11 54 11 55 1 56 18 57 9 58 6 59 5 61 7 62 14 63 14 64 7 65 17 66 19 67 12 68 5 69 2 70 4 71 15 72 1 73 2 39 8 47 18 48 8 49 10 60 5 74 17
38 1 3 2 10 3 4 4 2 5 7 6 12 7 5 8 11 9 8 10 10 11 1 12 2 13 2 14 15 15 6 16 8 17 4 18 3 19 8 20 2 21 19 22 13 23 18 24 2 25 13 26 18 27 9 28 14 29 2 30 4 31 13 32 16 33 5 36 7 37 3 34 6 35 9 40 3 41 7 42 5 43 16 44 4 45 3 47 7 48 20 49 10 51 1 52 12 53 10 54 3 56 12 57 14 58 14 59 10 60 5 61 18 62 1 63 2 64 11 65 14 66 13 67 15 68 14 69 9 70 17 71 16 72 5 73 16 39 12 50 2 55 7 74 16
39 0 19 1 17 2 14 3 19 4 4 5 18 6 12 7 15 9 4 10 12 12 18 13 13 14 13 15 13 16 16 18 12 19 3 20 14 21 5 22 17 23 7 25 8 26 3 27 20 28 18 29 20 30 17 31 3 32 5 33 2 35 3 36 18 11 13 17 7 24 7 34 17 37 8 38 12 41 20 42 9 43 4 44 11 45 3 46 15 47 13 48 3 49 14 50 8 51 8 53 3 54 14 55 12 56 14 58 16 59 13 60 10 61 14 62 5 64 3 65 12 66 3 67 5 68 3 69 9 70 20 71 20 72 13 73 5 74 2 40 13 52 7 63 4
40 0 8 1 12 2 20 3 16 4 14 6 14 9 2 10 7 12 1 13 2 14 6 15 17 16 10 17 12 18 12 19 4 20 10 21 6 22 17 23 12 24 2 25 9 26 6 27 3 28 20 29 17 30 16 31 2 32 14 33 15 34 7 35 3 36 17 37 7 38 3 5 7 7 11 8 10 11 1 39 13 41 7 42 19 43 8 44 5 45 11 47 12 48 2 49 12 50 12 51 15 53 6 54 12 55 2 56 3 57 6 58 17 59 4 60 2 61 6 62 13 63 12 67 15 68 9 69 2 70 1 71 8 72 2 73 11 74 3 46 9 52 7 64 9 65 3 66 13
41 0 20 1 4 2 11 3 12 4 20 5 13 6 20 7 7 8 8 9 5 10 14 11 11 12 6 13 18 14 2 15 19 16 9 17 4 18 13 19 10 20 6 21 18 22 9 23 15 24 11 25 19 26 7 27 19 28 14 29 2 30 19 31 4 32 11 33 9 35 13 36 4 37 18 38 7 39 20 40 7 34 7 42 18 43 12 44 11 45 5 46 20 47 2 48 7 49 10 50 19 51 7 52 4 53 18 54 4 55 19 56 12 57 14 58 7 60 14 61 16 62 19 63 11 64 9 65 18 66 14 67 11 68 17 69 18 70 20 71 12 72 2 73 4 74 7 59 14
42 0 1 1 6 2 17 3 15 4 1 5 15 6 15 7 3 9 2 10 8 11 14 12 14 14 7 15 8 16 4 17 18 18 17 19 10 20 18 21 10 22 8 23 13 24 13 25 9 26 5 27 2 28 6 29 7 30 15 31 9 33 11 34 7 35 14 36 9 37 7 38 5 39 9 40 19 41 18 8 8 13 5 32 1 43 20 44 7 45 2 46 15 47 3 48 9 49 7 50 1 51 8 52 10 53 9 54 15 56 14 57 2 58 20 60 1 61 4 62 3 63 4 64 13 65 10 68 9 69 9 70 17 71 20 72 19 73 3 55 7 59 13 66 14 67 7 74 18
43 0 6 1 20 2 20 4 5 5 3 6 17 7 17 8 14 9 15 10 1 11 14 12 10 13 8 14 20 15 1 17 7 18 14 19 12 20 17 21 8 22 9 24 11 26 5 27 6 28 20 29 19 30 19 31 10 32 17 33 14 34 5 35 14 36 19 37 2 38 16 39 4 40 8 41 12 42 20 3 2 16 3 25 7 44 9 45 1 46 13 47 11 49 5 51 9 52 5 53 18 54 19 55 13 56 15 57 6 58 13 59 6 60 16 61 14 62 17 63 7 64 20 65 1 66 2 67 8 68 8 69 14 72 9 73 12 74 7 48 11 50 7 71 15
44 0 2 1 3 3 5 4 11 5 14 6 10 7 5 8 6 11 14 13 20 14 3 15 18 16 15 17 12 18 18 19 19 20 12 21 20 22 10 23 2 24 4 25 11 26 10 27 9 28 4 29 20 30 13 31 20 32 1 33 7 34 13 35 11 36 16 37 15 38 4 39 11 40 5 41 11 42 7 43 9 2 8 9 14 10 3 12 7 45 10 46 12 47 16 48 7 49 10 50 19 51 17 52 14 53 12 54 16 55 3 56 7 57 19 58 6 59 10 60 7 61 2 62 8 67 12 68 15 69 9 70 16 71 1 72 20 73 15 74 17 63 5 64 17 65 6 66 13
45 0 19 1 5 2 20 3 13 4 17 5 17 6 3 7 6 8 7 9 8 10 16 11 8 13 8 14 4 15 17 16 11 17 6 18 14 19 1 20 12 21 17 22 9 23 1 24 10 25 11 26 5 27 15 28 15 29 3 30 16 31 16 32 1 33 5 34 12 35 13 36 19 37 2 38 3 39 3 40 11 41 5 42 2 43 1 44 10 12 20 46 1 47 19 48 17 49 12 50 3 51 14 52 6 53 11 55 1 56 13 57 12 58 11 59 13 60 11 61 15 63 10 64 10 65 2 66 5 67 12 68 14 69 16 70 13 72 4 73 8 74 10 54 18 62 14 71 3
46 0 18 1 19 2 11 3 13 4 8 5 15 6 12 7 2 8 1 9 11 11 12 12 9 14 10 15 2 16 19 17 8 18 7 19 19 21 17 22 13 23 11 24 18 25 2 27 6 28 8 29 11 30 11 31 17 32 17 33 17 34 4 35 15 36 10 37 19 39 15 41 20 42 15 43 13 44 12 45 1 10 7 13 2 40 9 47 19 48 9 50 4 51 19 52 4 53 17 54 12 55 2 56 13 57 3 58 20 59 10 60 16 61 8 62 11 63 14 65 1 66 11 67 8 69 9 70 13 71 1 72 18 73 16 74 7 49 7 64 12 68 2
47 0 4 1 3 2 11 3 17 5 5 6 16 7 4 8 11 9 15 10 16 12 16 13 5 15 12 17 1 18 20 19 1 20 6 21 16 22 7 23 3 24 11 25 20 26 12 27 1 28 2 29 4 30 8 31 4 32 13 33 2 35 13 36 4 38 7 39 13 40 12 41 2 42 3 43 11 44 16 45 19 46 19 4 12 11 6 14 17 16 16 34 18 37 18 48 14 49 17 50 15 51 3 52 18 53 15 54 3 55 3 56 2 57 11 58 17 59 1 60 3 61 20 62 3 63 16 64 18 65 2 66 2 67 11 68 16 69 20 70 8 71 16 72 5 73 16 74 8
48 1 19 2 1 3 18 5 18 6 1 8 17 9 20 10 4 11 1 12 6 13 20 14 12 15 13 16 9 17 14 19 10 21 9 22 6 23 2 24 9 26 10 27 13 28 3 29 10 30 6 31 2 32 20 33 2 34 2 35 15 36 8 38 20 39 3 40 2 41 7 42 9 44 7 45 17 46 9 47 14 0 20 4 8 7 8 18 19 20 13 25 17 37 8 43 11 49 18 50 15 51 12 52 9 53 10 54 13 55 13 56 13 57 9 58 13 59 5 60 10 61 4 62 18 63 16 64 19 65 3 66 10 68 10 69 17 71 1 73 9 74 1 67 11 70 5
49 0 20 1 4 2 15 3 13 4 4 5 16 6 19 7 3 8 13 9 18 11 3 12 10 13 1 14 6 15 17 16 15 17 17 18 7 19 14 20 20 21 9 22 1 23 4 24 2 26 14 27 3 28 5 31 17 32 5 33 8 34 15 35 11 38 10 39 14 40 12 41 10 42 7 43 5 44 10 45 12 47 17 48 18 10 4 25 5 29 10 30 3 36 13 37 10 46 7 50 18 51 6 52 6 53 19 54 13 56 13 57 9 58 2 59 6 60 5 61 2 62 13 63 9 64 7 65 18 66 11 67 6 68 12 69 16 70 2 72 1 73 1 74 16 55 19 71 6
50 0 6 1 9 2 10 3 19 4 19 5 9 6 11 7 11 8 5 10 14 11 8 12 17 13 2 14 12 15 14 16 17 17 6 18 16 19 7 20 2 21 12 22 13 23 10 24 9 26 4 27 3 28 10 29 9 31 18 32 12 33 5 34 8 35 6 36 20 37 13 39 8 40 12 41 19 42 1 44 19 45 3 46 4 47 15 48 15 49 18 9 7 25 3 30 4 38 2 43 7 51 9 52 5 53 6 54 2 55 1 57 2 58 14 59 16 60 4 62 15 63 9 65 9 66 15 67 3 68 8 69 16 70 19 71 4 72 16 74 4 56 13 61 2 64 7 73 8
51 0 4 1 6 2 8 3 5 4 3 5 19 6 6 7 16 8 15 9 6 10 6 11 20 12 16 13 3 14 13 15 16 16 6 17 3 18 6 19 6 20 4 21 14 22 5 23 11 24 9 25 2 26 18 27 19 28 16 29 15 30 8 31 9 32 6 33 10 34 20 35 7 36 8 37 18 38 1 39 8 40 15 41 7 42 8 43 9 44 17 45 14 46 19 47 3 48 12 49 6 50 9 52 3 53 13 54 14 56 1 58 15 59 9 60 8 61 15 62 17 63 19 64 18 65 1 67 10 68 16 69 15 70 20 71 1 72 9 73 8 74 7 55 11 57 20 66 5
52 0 15 1 16 2 12 3 17 4 17 5 1 6 6 7 20 8 17 10 2 11 19 12 9 14 8 15 3 16 19 17 12 18 8 19 2 20 12 21 4 22 12 23 7 24 8 25 12 27 5 28 3 29 19 30 11 31 16 32 6 33 20 34 3 35 1 36 17 37 18 38 12 41 4 42 10 43 5 44 14 45 6 46 4 47 18 48 9 49 6 50 5 51 3 9 13 13 11 26 20 39 7 40 7 53 5 55 18 56 9 57 7 58 6 59 4 60 10 61 19 62 13 63 5 64 16 65 10 66 2 67 2 68 13 69 9 71 9 72 9 73 11 74 15 54 2 70 13
53 1 15 2 1 3 15 4 11 5 4 6 7 7 6 9 3 10 13 11 20 13 12 14 6 15 8 16 7 17 16 18 11 19 5 20 13 21 1 22 2 23 12 24 18 25 1 26 19 28 7 29 6 30 4 31 7 32 5 33 6 34 10 35 12 36 8 37 11 38 10 39 3 40 6 41 18 42 9 43 18 44 12 45 11 46 17 47 15 48 10 49 19 50 6 51 13 52 5 0 2 8 1 12 11 54 17 55 17 57 11 58 14 59 12 60 20 61 16 62 7 63 7 64 16 65 6 66 2 67 13 68 7 69 4 70 6 73 6 74 13 56 19 72 5
54 0 3 1 7 2 19 3 14 4 4 5 1 6 17 7 19 8 7 9 8 10 20 11 10 12 1 13 3 14 12 15 1 16 16 17 4 18 9 19 11 20 16 21 3 22 5 23 7 24 16 25 18 26 15 27 2 28 1 29 5 30 6 31 3 32 16 33 12 34 12 35 20 36 10 37 11 38 3 39 14 40 12 41 4 42 15 43 19 44 16 46 12 47 3 48 13 49 13 50 2 51 14 53 17 45 18 52 2 55 5 56 18 57 13 58 5 59 3 60 20 61 9 62 15 63 14 64 4 66 6 67 19 68 8 69 15 70 3 71 6 72 9 73 8 74 17 65 20
55 0 15 2 2 3 6 4 6 5 3 6 1 7 6 8 11 9 14 10 20 11 4 12 2 13 3 14 20 15 11 16 4 17 3 18 4 20 14 21 19 22 8 23 2 24 2 25 18 26 16 27 6 28 2 29 16 30 11 31 3 32 13 33 1 35 4 36 18 37 1 39 12 40 2 41 19 43 13 44 3 45 1 46 2 47 3 48 13 50 1 52 18 53 17 54 5 1 1 19 4 38 7 42 7 49 19 51 11 56 17 57 13 58 4 59 10 60 19 61 9 62 10 63 15 64 7 65 20 66 20 68 4 69 3 70 8 71 1 72 10 73 4 74 8 67 10
56 0 15 1 16 2 13 3 2 4 13 6 1 7 10 8 11 9 17 10 5 11 17 12 11 13 11 15 20 16 16 17 12 18 17 19 16 20 1 21 18 22 18 23 12 24 12 25 7 26 3 29 11 30 9 32 6 33 16 34 4 35 3 36 15 37 18 38 12 39 14 40 3 41 12 42 14 43 15 44 7 45 13 46 13 47 2 48 13 49 13 51 1 52 9 54 18 55 17 5 1 14 14 27 3 31 16 50 13 53 19 58 11 59 8 60 13 61 19 62 16 63 12 64 19 65 2 66 13 67 8 68 18 69 8 71 13 72 18 73 10 74 5 57 3 70 20
57 0 5 1 3 2 13 3 3 5 3 6 9 7 14 8 3 9 10 10 3 11 5 12 18 13 14 15 1 16 17 17 15 18 12 19 11 20 8 21 18 22 3 23 5 24 14 25 12 26 14 27 20 28 3 29 1 30 17 31 9 32 9 33 4 34 5 35 2 36 2 37 9 38 14 40 6 41 14 42 2 43 6 44 19 45 12 46 3 47 11 48 9 49 9 50 2 52 7 53 11 54 13 55 13 4 2 14 20 51 20 56 3 58 5 59 19 60 20 61 3 62 17 63 6 64 3 66 12 68 7 69 8 70 10 71 18 72 18 73 12 74 13 65 12 67 11
58 0 7 1 7 2 3 3 2 4 12 5 5 6 19 7 11 8 3 9 8 10 14 11 8 12 11 13 9 14 18 15 14 16 12 17 3 18 14 19 5 21 8 23 14 25 17 26 16 27 5 29 7 30 15 32 14 33 3 34 1 35 17 36 10 37 6 38 14 39 16 40 17 41 7 42 20 43 13 44 6 45 11 46 20 47 17 48 13 49 2 50 14 51 15 52 6 53 14 54 5 55 4 56 11 57 5 20 18 22 3 24 10 28 12 31 10 59 4 60 13 62 7 63 11 64 7 65 20 66 18 67 3 68 2 69 6 70 13 71 10 72 20 73 17 74 15 61 1
59 0 15 1 18 2 19 3 10 4 15 5 18 6 14 7 20 8 1 9 7 10 4 11 9 12 7 13 16 14 12 15 11 16 6 17 20 18 13 19 17 20 1 21 9 22 5 23 8 24 13 25 9 27 7 29 4 30 10 31 12 32 8 33 6 34 1 35 4 36 13 37 5 38 10 39 13 40 4 43 6 44 10 45 13 46 10 47 1 48 5 49 6 50 16 51 9 52 4 53 12 54 3 55 10 56 8 57 19 58 4 26 11 28 2 41 14 42 13 60 16 61 18 62 2 63 11 64 14 66 4 67 12 68 12 69 8 70 6 71 12 72 20 74 13 65 1 73 1
60 0 14 1 5 2 15 3 1 5 10 6 5 7 20 8 5 9 8 10 11 11 16 13 8 14 1 15 3 16 7 17 5 18 18 19 11 20 11 21 6 23 11 24 14 25 4 27 11 28 20 29 13 30 9 31 12 32 1 33 10 34 6 35 16 36 1 38 5 39 10 40 2 41 14 42 1 43 16 44 7 45 11 46 16 47 3 48 10 49 5 50 4 51 8 52 10 53 20 54 20 55 19 56 13 57 20 58 13 59 16 4 2 12 13 22 19 26 10 37 5 61 11 62 4 63 11 64 19 65 9 66 16 67 19 68 6 69 3 70 18 71 10 72 5 73 15 74 7
61 0 8 1 3 2 9 3 3 4 19 5 16 6 2 7 15 8 19 9 17 10 11 11 19 12 8 14 14 15 10 16 8 17 9 18 14 19 15 20 6 21 20 22 18 23 12 24 12 26 5 27 9 28 8 30 12 31 13 32 15 33 3 34 12 35 6 36 1 37 7 38 18 39 14 40 6 41 16 42 4 43 14 44 2 45 15 46 8 47 20 48 4 49 2 51 15 52 19 53 16 54 9 55 9 56 19 57 3 59 18 60 11 13 20 25 2 29 11 50 2 58 1 62 14 63 10 64 3 65 18 66 10 68 16 69 13 70 4 71 4 72 7 73 18 74 12 67 6
62 0 17 1 19 2 19 3 5 4 19 5 9 6 9 7 10 8 17 9 4 10 11 11 2 12 15 13 8 14 2 15 15 16 9 17 13 18 12 19 4 20 7 22 9 23 16 24 19 26 13 27 13 28 3 29 18 31 15 32 8 33 7 34 17 36 16 37 14 38 1 39 5 40 13 41 19 42 3 43 17 44 8 46 11 47 3 48 18 49 13 50 15 51 17 52 13 53 7 54 15 55 10 56 16 57 17 58 7 59 2 60 4 61 14 21 1 25 14 30 20 35 4 45 14 63 15 64 9 65 6 67 20 68 6 69 5 70 5 71 1 72 6 73 17 74 9 66 10
63 0 7 1 15 4 9 6 9 7 17 8 5 9 20 10 12 11 14 12 11 14 13 15 4 16 16 17 17 18 5 19 9 20 6 21 16 22 17 23 8 24 16 25 8 26 11 27 18 28 7 29 7 30 6 31 9 33 3 34 17 35 20 36 10 37 14 38 2 40 12 41 11 42 4 43 7 45 10 46 14 47 16 48 16 49 9 50 9 51 19 52 5 53 7 54 14 55 15 56 12 57 6 58 11 59 11 60 11 61 10 62 15 2 9 3 6 5 18 13 7 32 3 39 4 44 5 64 9 65 7 66 14 67 5 68 7 69 11 70 3 71 6 72 18 73 15 74 2
64 2 9 3 11 5 12 6 16 7 11 8 6 9 17 10 20 11 4 12 5 14 14 15 11 16 14 17 10 18 9 19 13 20 10 21 20 22 1 23 12 24 17 25 18 26 4 27 7 29 6 31 11 32 8 33 12 34 8 36 19 37 7 38 11 39 3 41 9 42 13 43 20 45 10 47 18 48 19 49 7 51 18 52 16 53 16 54 4 55 7 56 19 57 3 58 7 59 14 60 19 61 3 62 9 63 9 0 20 4 1 13 13 28 1 30 1 35 16 40 9 44 17 46 12 50 7 65 9 66 5 67 19 68 1 69 2 70 9 71 5 72 8 73 17 74 8
65 0 6 1 9 2 1 3 13 4 9 5 16 7 9 8 19 9 3 10 17 11 7 12 3 13 2 14 7 15 11 16 8 17 13 18 2 20 7 21 20 22 16 23 6 24 7 25 3 26 10 27 5 28 19 29 7 30 12 31 13 32 14 35 2 36 19 37 17 38 14 39 12 41 18 42 10 43 1 45 2 46 1 47 2 48 3 49 18 50 9 51 1 52 10 53 6 55 20 56 2 58 20 60 9 61 18 62 6 63 7 64 9 6 11 33 5 34 13 40 3 44 6 54 20 57 12 59 1 66 7 67 1 68 8 69 16 70 2 71 20 72 7 73 16
66 0 19 1 18 2 9 3 9 4 10 5 16 6 4 7 13 8 19 9 17 10 15 11 1 12 14 13 5 14 16 15 14 16 13 17 8 18 12 19 12 20 12 21 15 22 12 23 13 24 11 25 17 26 8 27 9 28 1 29 11 30 14 31 9 32 4 33 19 34 8 35 20 36 11 37 19 38 13 39 3 41 14 43 2 45 5 46 11 47 2 48 10 49 11 50 15 52 2 53 2 54 6 55 20 56 13 57 12 58 18 59 4 60 16 61 10 63 14 64 5 65 7 40 13 42 14 44 13 51 5 62 10 67 14 68 14 69 19 70 13 71 1 72 17 73 1 74 5
67 0 2 1 2 2 6 3 4 4 5 5 5 6 15 7 3 8 4 9 16 10 10 12 3 13 14 14 17 15 20 16 18 17 16 18 12 19 8 20 16 21 13 22 15 23 7 26 2 27 1 28 15 29 13 30 16 31 6 32 6 33 3 34 10 35 13 36 18 37 12 38 15 39 5 40 15 41 11 43 8 44 12 45 12 46 8 47 11 49 6 50 3 51 10 52 2 53 13 54 19 56 8 58 3 59 12 60 19 62 20 63 5 64 19 65 1 66 14 11 9 24 17 25 4 42 7 48 11 55 10 57 11 61 6 68 10 69 17 70 10 71 1 72 12 73 18 74 7
68 0 15 1 7 3 11 4 5 5 13 7 2 8 7 9 3 10 1 11 16 13 14 14 12 15 10 16 9 17 6 18 12 19 17 21 16 22 6 23 7 24 20 25 17 26 11 27 15 28 16 29 7 30 3 31 10 32 15 33 9 34 13 35 16 37 5 38 14 39 3 40 9 41 17 42 9 43 8 44 15 45 14 47 16 48 10 49 12 50 8 51 16 52 13 53 7 54 8 55 4 56 18 57 7 58 2 59 12 60 6 61 16 62 6 63 7 64 1 65 8 66 14 67 10 2 11 6 20 12 7 20 19 36 8 46 2 69 7 70 9 71 12 73 5 74 6 72 12
69 0 12 1 18 2 5 3 9 4 12 5 12 6 17 7 8 8 20 9 12 10 18 11 17 14 1 16 17 17 2 18 6 19 9 20 17 21 8 22 7 23 17 24 7 25 5 26 2 27 14 28 19 29 1 30 11 31 9 32 20 33 17 34 12 35 7 36 5 37 2 38 9 39 9 40 2 41 18 42 9 43 14 44 9 45 16 46 9 47 20 48 17 49 16 50 16 51 15 52 9 53 4 54 15 55 3 56 8 57 8 58 6 59 8 60 3 61 13 62 5 63 11 64 2 65 16 66 19 67 17 68 7 12 7 13 14 15 16 70 15 71 8 72 14 74 3 73 6
70 0 20 3 1 4 17 5 11 6 6 7 17 8 18 9 1 10 11 11 12 12 14 13 11 15 8 16 12 17 4 18 18 19 18 20 1 21 18 22 4 23 16 24 8 25 10 27 13 28 9 29 5 30 12 31 14 32 3 33 3 34 11 35 10 37 4 38 17 39 20 40 1 41 20 42 17 44 16 45 13 46 13 47 8 49 2 50 19 51 20 53 6 54 3 55 8 57 10 58 13 59 6 60 18 61 4 62 5 63 3 64 9 65 2 66 13 67 10 68 9 69 15 1 9 2 12 14 20 26 13 36 15 48 5 52 13 56 20 71 13 72 17 73 12 74 9
71 0 7 1 7 2 13 3 17 4 10 5 1 6 12 7 11 8 16 9 17 10 11 11 19 12 15 13 18 14 7 15 4 16 13 17 5 18 14 19 1 20 18 22 6 23 19 24 1 25 19 26 17 27 9 28 12 29 12 30 8 31 6 33 2 34 6 35 20 36 15 37 15 38 16 39 20 40 8 41 12 42 20 44 1 46 1 47 16 48 1 50 4 51 1 52 9 54 6 55 1 56 13 57 18 58 10 59 12 60 10 61 4 62 1 63 6 64 5 65 20 66 1 67 1 68 12 69 8 70 13 21 14 32 8 43 15 45 3 49 6 72 11 73 16 74 17
72 1 16 2 5 3 15 4 11 5 6 6 14 7 3 8 16 10 6 11 6 12 3 13 15 14 10 15 7 16 10 17 12 18 1 19 2 20 9 22 5 23 10 25 16 26 18 27 11 28 19 29 16 31 15 32 10 33 18 34 11 35 3 36 1 37 1 38 5 39 13 40 2 41 2 42 19 43 9 44 20 45 4 46 18 47 5 49 1 50 16 51 9 52 9 54 9 55 10 56 18 57 18 58 20 59 20 60 5 61 7 62 6 63 18 64 8 65 7 66 17 67 12 69 14 70 17 71 11 0 15 9 4 21 1 24 7 30 10 53 5 68 12 73 7 74 16
73 0 5 2 9 3 10 4 4 5 1 6 3 7 4 8 10 9 6 11 13 12 16 13 2 14 19 15 19 16 5 17 1 19 1 21 19 22 7 23 14 24 9 25 1 26 17 27 14 28 8 29 9 30 3 31 2 32 1 33 20 34 15 35 7 36 14 37 2 38 16 39 5 40 11 41 4 42 3 43 12 44 15 45 8 46 16 47 16 48 9 49 1 51 8 52 11 53 6 54 8 55 4 56 10 57 12 58 17 60 15 61 18 62 17 63 15 64 17 65 16 66 1 67 18 68 5 70 12 71 16 72 7 1 4 10 18 18 15 20 16 50 8 59 1 69 6 74 9
74 0 6 1 18 2 11 3 12 4 13 5 10 6 3 7 10 8 19 9 8 10 20 11 6 12 6 13 5 14 12 15 17 16 2 17 3 18 14 19 5 20 2 21 15 22 3 23 12 24 20 25 9 26 13 27 19 28 10 29 15 30 20 31 17 32 6 33 15 34 6 35 8 36 13 39 2 40 3 41 7 43 7 44 17 45 10 46 7 47 8 48 1 49 16 50 4 51 7 52 15 53 13 54 17 55 8 56 5 57 13 58 15 59 13 60 7 61 12 62 9 63 2 64 8 66 5 67 7 68 6 69 3 70 9 72 16 73 9 37 17 38 16 42 18 71 17
