67
0 1 16 2 1 3 15 4 4 5 11 6 12 9 15 10 5 11 12 12 6 13 3 14 8 15 15 16 3 18 4 19 7 21 19 22 13 23 19 24 3 25 18 27 5 28 16 29 9 30 15 31 7 32 15 34 7 35 14 36 2 37 2 38 9 39 8 40 3 41 2 42 6 43 11 45 14 46 2 47 1 48 17 49 13 50 12 51 3 52 17 53 8 54 2 55 7 56 2 57 18 58 15 59 5 60 9 62 10 63 14 64 11 65 14 66 13 7 8 8 20 17 16 20 19 26 11 33 20 44 20 61 8
1 0 16 2 17 3 11 4 8 5 14 6 9 7 10 8 5 9 9 11 12 12 15 13 8 14 14 15 15 16 3 17 13 18 5 20 8 22 10 23 18 24 8 25 9 26 1 27 7 28 14 29 8 30 19 31 11 32 16 33 8 34 19 35 10 36 4 37 2 38 15 39 8 40 20 42 19 43 7 44 6 45 14 46 14 47 10 48 3 49 3 50 10 51 15 52 20 53 14 54 11 56 7 57 16 58 1 59 18 60 13 61 3 62 8 63 7 64 12 65 4 66 10 10 14 19 2 21 12 41 18
2 0 1 1 17 3 17 4 6 5 19 6 17 7 12 8 2 9 14 11 17 12 5 13 8 14 18 15 11 16 2 17 15 18 9 19 16 21 16 22 12 23 8 24 7 25 4 26 3 27 5 28 2 29 15 30 2 31 17 32 7 35 7 36 15 37 15 38 8 39 4 40 12 41 13 42 3 43 13 44 20 46 6 47 12 48 4 49 4 51 11 52 13 53 11 55 4 56 9 57 14 58 14 59 8 60 20 61 8 62 2 63 13 65 14 66 2 10 1 20 6 33 16 34 20 45 9 50 13 54 7 64 15
3 0 15 1 11 2 17 4 11 5 1 6 5 7 5 9 15 10 4 11 3 12 2 13 11 14 8 15 4 16 1 17 19 18 3 19 14 20 8 21 17 22 5 24 15 25 20 26 20 27 18 28 11 29 2 30 8 31 8 32 15 33 12 34 7 35 8 36 4 37 8 38 2 41 14 42 5 43 1 44 13 45 4 46 14 47 5 48 7 49 17 50 19 51 4 52 15 53 18 54 4 55 15 56 13 57 7 58 14 60 6 61 17 62 10 63 20 64 8 65 12 66 6 8 6 23 5 39 11 40 10 59 4
4 0 4 1 8 2 6 3 11 5 2 6 10 7 5 8 17 9 6 10 2 11 13 13 11 14 4 16 14 18 12 19 2 20 18 21 2 22 7 23 13 24 15 25 3 26 5 27 11 28 3 29 14 30 12 31 14 32 16 34 4 36 11 37 1 38 3 39 13 41 3 42 5 43 13 44 4 45 19 46 6 47 2 48 2 49 7 50 3 51 6 52 20 53 4 54 11 55 4 56 6 57 4 58 12 59 9 62 9 63 19 64 5 65 18 66 11 12 17 15 14 17 7 33 16 60 6 61 9
5 0 11 1 14 2 19 3 1 4 2 6 3 7 20 8 1 9 19 10 2 11 16 12 10 13 17 14 10 16 4 17 5 18 1 19 7 20 17 21 7 22 12 23 9 25 3 26 6 27 13 28 18 29 19 30 15 31 9 32 4 33 4 34 6 35 12 36 4 37 2 38 5 39 5 41 9 42 18 43 15 44 10 45 9 46 4 47 9 48 11 49 3 50 20 51 20 53 6 54 18 55 14 56 8 57 15 58 6 59 5 60 16 61 18 62 7 63 15 64 16 65 7 66 15 15 17 24 20 40 19 52 6
6 0 12 1 9 2 17 3 5 4 10 5 3 7 10 8 12 9 19 10 9 11 2 12 17 13 1 14 12 15 9 16 1 17 6 18 15 19 16 20 15 21 19 22 17 23 5 24 1 25 10 26 14 27 1 28 12 29 1 30 20 32 13 33 8 34 15 35 9 36 18 37 18 38 9 39 14 40 11 41 1 42 2 43 18 44 7 46 12 47 2 48 17 49 9 50 15 51 11 52 13 53 5 54 3 55 20 56 9 57 2 58 10 59 10 60 9 62 2 63 15 64 13 65 1 66 12 31 6 45 15 61 2
7 1 10 2 12 3 5 4 5 5 20 6 10 0 8 8 18 9 10 10 20 11 8 12 4 13 4 14 18 16 13 17 12 18 11 19 8 20 4 21 3 22 14 23 18 24 16 28 3 29 1 30 9 32 5 33 9 34 5 35 4 36 14 37 14 38 19 40 18 41 2 43 3 44 9 45 15 46 2 47 11 49 13 50 14 51 4 52 13 53 6 54 13 55 18 57 11 58 10 59 1 60 20 61 19 62 6 63 14 64 2 65 4 15 6 25 18 26 18 27 20 31 6 39 5 42 11 48 3 56 9 66 6
8 1 5 2 2 4 17 5 1 6 12 7 18 0 20 3 6 9 5 10 19 11 6 12 1 13 3 15 1 16 17 17 14 19 20 20 6 21 10 22 17 23 5 24 12 25 3 26 20 27 7 28 3 30 10 31 13 32 14 33 11 34 7 35 19 36 18 37 8 38 4 39 9 41 7 42 17 43 14 44 12 45 15 46 6 47 11 48 13 49 18 50 11 51 5 52 8 53 9 54 8 55 6 56 2 57 15 58 18 59 18 60 11 61 18 62 2 63 11 64 19 65 2 66 9 14 18 18 19 29 19
9 0 15 1 9 2 14 3 15 4 6 5 19 6 19 7 10 8 5 10 19 11 9 12 10 13 11 14 4 15 16 16 18 17 2 18 18 19 18 20 15 21 11 22 18 23 20 24 12 25 20 26 10 27 18 28 12 29 7 30 7 31 1 32 16 34 4 35 18 37 19 38 17 39 4 40 14 41 9 42 20 43 5 44 19 45 20 46 17 47 6 48 15 49 10 50 10 51 18 53 3 54 20 55 8 56 19 57 16 58 4 59 2 60 11 62 19 63 18 64 7 65 8 66 16 33 13 52 2 61 19
10 0 5 3 4 4 2 5 2 6 9 7 20 8 19 9 19 1 14 2 1 11 1 12 20 13 16 14 20 15 1 16 19 17 7 18 3 19 3 20 18 21 1 22 5 23 20 24 12 25 6 26 10 27 17 28 6 29 1 30 19 31 11 32 1 33 14 34 13 37 3 38 16 40 8 41 16 42 15 43 18 44 2 45 15 46 20 47 6 48 14 49 1 50 18 51 14 52 7 53 19 54 3 55 9 58 4 59 11 60 12 61 8 62 7 63 4 64 9 65 1 66 10 35 17 36 16 39 18 56 3 57 3
11 0 12 1 12 2 17 3 3 4 13 5 16 6 2 7 8 8 6 9 9 10 1 12 17 13 20 14 6 15 4 16 14 17 6 18 4 19 3 20 2 21 20 22 16 23 1 24 5 26 11 27 18 29 8 30 10 31 12 33 19 34 5 35 11 36 13 37 7 39 9 40 6 42 20 43 14 44 11 45 12 46 18 47 1 48 3 49 11 50 15 51 3 52 5 53 7 54 8 55 17 56 19 57 14 58 15 60 17 61 20 62 7 63 7 64 8 65 4 66 14 25 14 28 10 32 17 38 5 41 2 59 19
12 0 6 1 15 2 5 3 2 5 10 6 17 7 4 8 1 9 10 10 20 11 17 4 17 13 11 14 6 15 15 16 1 17 6 18 17 19 13 20 10 21 20 22 20 23 12 24 8 25 14 26 19 28 12 29 14 30 8 31 6 32 13 33 20 34 14 35 1 36 13 37 11 38 2 39 18 40 9 41 13 42 11 43 11 44 8 45 4 46 13 47 18 48 1 49 16 50 1 51 7 52 8 53 5 54 14 55 14 56 20 57 16 58 2 59 6 60 20 61 15 62 17 63 2 64 9 65 5 66 19 27 11
13 0 3 1 8 2 8 3 11 4 11 5 17 6 1 7 4 8 3 9 11 10 16 11 20 12 11 14 12 15 16 17 8 18 1 19 1 21 6 22 6 23 20 24 10 25 12 26 17 27 18 28 1 29 13 30 4 31 17 32 7 33 12 34 3 35 5 36 14 37 1 38 1 39 4 40 15 41 17 42 14 43 2 44 20 46 19 47 1 49 9 50 9 51 7 52 1 53 17 54 8 55 8 56 10 57 12 58 19 59 4 60 4 61 9 62 15 63 4 64 8 65 16 66 8 16 2 20 17 45 13 48 14
14 0 8 1 14 2 18 3 8 4 4 5 10 6 12 7 18 9 4 10 20 11 6 12 6 13 12 8 18 15 13 16 1 17 11 19 4 20 10 21 3 22 4 23 1 24 2 25 1 26 3 27 18 28 16 29 12 30 14 31 15 32 16 33 12 34 9 35 5 36 10 37 6 38 2 39 6 41 17 42 18 43 3 44 16 45 18 47 5 48 2 49 7 50 14 52 4 53 13 54 1 55 15 56 4 57 13 58 13 60 9 61 6 62 14 63 20 64 4 65 17 66 3 18 7 40 18 46 9 51 12
15 0 15 1 15 2 11 3 4 6 9 8 1 9 16 10 1 11 4 12 15 13 16 14 13 4 14 5 17 7 6 16 18 17 8 18 14 19 4 20 14 21 18 22 8 23 4 24 10 25 18 26 20 27 16 28 13 29 16 30 2 31 3 32 17 33 11 34 10 35 7 37 7 38 13 39 9 40 13 41 12 42 12 43 14 44 2 45 10 46 2 47 17 48 17 49 18 51 7 52 4 54 11 55 15 56 19 58 18 59 2 60 5 61 5 62 13 63 3 64 7 65 17 66 18 36 16 50 16 53 6 57 11
16 0 3 1 3 2 2 3 1 4 14 5 4 6 1 7 13 8 17 9 18 10 19 11 14 12 1 14 1 15 18 13 2 17 5 18 12 19 3 20 3 21 13 22 2 23 6 24 14 25 4 26 16 28 16 29 7 30 6 31 8 32 6 33 1 34 11 35 11 36 10 38 14 39 14 40 16 41 18 42 14 43 18 44 5 45 16 46 11 47 13 48 9 49 3 50 12 51 7 53 16 54 18 56 6 57 13 58 11 60 7 61 10 62 12 63 5 64 8 65 18 66 17 27 7 37 1 52 19 55 20 59 9
17 1 13 2 15 3 19 5 5 6 6 7 12 8 14 9 2 10 7 11 6 12 6 13 8 14 11 15 8 16 5 0 16 4 7 18 19 19 3 20 19 21 15 22 9 23 3 24 9 25 8 26 17 27 4 28 9 29 1 30 11 31 3 32 1 33 18 34 12 36 18 37 1 38 2 39 14 40 17 41 10 42 2 43 15 44 11 45 6 46 7 47 13 48 4 49 16 50 16 51 1 53 7 54 14 55 3 56 16 57 16 59 10 60 5 61 8 62 14 63 12 64 8 65 9 66 4 52 14 58 8
18 0 4 1 5 2 9 3 3 4 12 5 1 6 15 7 11 9 18 10 3 11 4 12 17 13 1 15 14 16 12 17 19 8 19 14 7 19 10 20 3 21 10 22 15 24 15 25 14 26 16 28 15 30 8 31 9 32 1 33 5 34 16 35 20 36 14 37 16 38 4 39 19 40 1 41 16 42 12 43 12 44 11 45 5 46 4 48 5 49 5 50 15 51 17 52 10 53 7 54 6 55 7 57 17 59 4 60 12 62 14 63 3 64 15 66 18 23 18 47 2 56 2 58 10 61 18 65 10
19 0 7 2 16 3 14 4 2 5 7 6 16 7 8 8 20 9 18 10 3 11 3 12 13 13 1 14 4 15 4 16 3 17 3 18 10 1 2 20 7 21 13 22 12 23 6 24 5 25 5 26 20 27 3 28 2 29 11 30 15 31 19 32 8 33 7 34 1 35 14 36 7 38 9 39 1 40 2 41 12 42 5 43 6 44 13 45 6 46 4 47 11 48 15 49 5 50 9 52 18 53 11 54 16 55 9 56 11 57 15 58 17 59 14 60 16 61 7 62 8 63 7 64 6 65 16 66 16 37 11 51 18
20 1 8 3 8 4 18 5 17 6 15 7 4 8 6 9 15 10 18 11 2 12 10 14 10 15 14 16 3 17 19 18 3 19 7 0 19 2 6 13 17 21 10 22 17 23 8 24 16 25 8 26 17 27 19 28 18 29 9 30 3 31 5 33 7 34 3 35 17 36 13 38 20 39 9 40 3 41 19 42 20 43 20 44 5 45 18 46 17 47 8 48 15 49 9 50 5 51 1 52 18 53 9 54 8 55 6 57 3 58 12 59 17 60 18 61 15 62 19 63 2 64 20 65 2 66 19 32 5 37 15 56 17
21 0 19 2 16 3 17 4 2 5 7 6 19 7 3 8 10 9 11 10 1 11 20 12 20 13 6 14 3 15 18 16 13 17 15 18 10 19 13 20 10 1 12 22 1 23 1 24 3 25 15 26 7 27 4 28 7 29 10 30 8 31 2 33 20 34 13 35 8 36 2 37 4 38 3 39 5 40 9 41 3 42 15 43 5 44 6 45 3 47 20 48 1 49 17 50 3 51 15 52 20 53 19 54 7 56 4 57 4 58 13 59 13 60 3 61 8 62 20 63 17 64 16 65 18 66 18 32 5 46 11 55 15
22 0 13 1 10 2 12 3 5 4 7 5 12 6 17 7 14 8 17 9 18 10 5 11 16 12 20 13 6 14 4 15 8 16 2 17 9 18 15 19 12 20 17 21 1 23 11 24 10 25 2 26 7 27 19 28 5 29 3 30 2 31 6 32 14 33 4 34 13 35 17 36 5 37 14 38 14 39 15 40 19 41 17 42 7 43 18 45 13 46 10 47 4 48 17 49 1 50 16 51 14 52 10 53 17 54 5 56 14 57 7 58 4 59 3 60 4 61 7 62 16 63 10 64 3 65 15 66 16 44 5 55 14
23 0 19 1 18 2 8 4 13 5 9 6 5 7 18 8 5 9 20 10 20 11 1 12 12 13 20 14 1 15 4 16 6 17 3 19 6 20 8 21 1 22 11 3 5 18 18 24 3 25 20 26 12 27 12 28 7 29 14 30 15 31 10 32 3 33 17 34 7 35 15 36 14 37 1 38 10 39 18 40 10 41 17 42 16 43 19 44 4 45 8 46 6 47 7 48 4 49 7 50 12 51 8 52 8 53 5 54 17 56 11 58 1 59 14 60 19 61 11 63 6 64 2 65 9 66 9 55 19 57 16 62 9
24 0 3 1 8 2 7 3 15 4 15 6 1 7 16 8 12 9 12 10 12 11 5 12 8 13 10 14 2 15 10 16 14 17 9 18 15 19 5 20 16 21 3 22 10 23 3 5 20 25 12 26 12 27 1 28 16 29 3 30 1 31 2 32 14 33 3 34 9 35 1 36 20 37 11 39 15 40 18 41 17 42 11 44 15 45 15 46 7 47 13 49 4 51 5 52 9 53 2 55 18 56 18 57 11 58 19 59 7 60 10 61 1 64 13 65 19 66 15 38 16 43 6 48 5 54 19 62 10 63 7
25 0 18 1 9 2 4 3 20 4 3 5 3 6 10 8 3 9 20 10 6 12 14 13 12 14 1 15 18 16 4 17 8 18 14 19 5 20 8 21 15 22 2 23 20 24 12 7 18 11 14 26 15 27 13 28 5 29 7 30 9 31 20 32 7 33 3 34 2 35 15 36 1 37 16 38 17 39 8 40 18 41 16 43 15 44 14 45 11 46 15 47 16 48 15 49 9 50 11 51 14 52 7 53 5 54 14 55 8 56 4 57 3 58 14 60 2 61 11 62 9 63 17 64 19 65 8 66 10 42 16 59 8
26 1 1 2 3 3 20 4 5 5 6 6 14 8 20 9 10 10 10 11 11 12 19 13 17 14 3 15 20 16 16 17 17 18 16 19 20 20 17 21 7 22 7 23 12 24 12 25 15 0 11 7 18 27 5 28 10 29 4 30 18 31 14 32 8 33 18 34 4 35 12 36 16 37 5 38 1 40 4 41 4 42 14 44 17 45 19 46 16 47 2 48 15 49 14 51 18 54 19 55 11 57 8 58 12 59 4 60 19 61 7 62 1 63 8 64 19 66 16 39 1 50 6 52 5 53 15 56 8 65 14
27 0 5 1 7 2 5 3 18 4 11 5 13 6 1 8 7 9 18 10 17 11 18 13 18 14 18 15 16 17 4 19 3 20 19 21 4 22 19 23 12 24 1 25 13 26 5 7 20 12 11 16 7 28 1 29 15 30 19 31 8 32 12 33 8 34 12 35 18 36 11 37 5 38 18 39 16 40 5 42 15 43 12 44 18 45 7 47 8 48 13 49 18 50 7 51 16 52 4 53 18 54 14 55 9 56 15 57 10 58 1 59 13 60 2 61 16 62 6 63 15 64 18 65 16 66 8 41 17 46 16
28 0 16 1 14 2 2 3 11 4 3 5 18 6 12 7 3 8 3 9 12 10 6 12 12 13 1 14 16 15 13 16 16 17 9 18 15 19 2 20 18 21 7 22 5 23 7 24 16 25 5 26 10 27 1 11 10 29 2 30 16 31 19 32 11 33 17 34 5 35 11 36 7 37 6 38 18 39 7 40 19 41 10 42 17 43 17 44 15 45 5 46 17 47 13 48 1 49 5 50 20 51 13 52 12 53 18 54 10 55 16 56 5 57 7 58 4 59 6 60 10 61 19 62 3 63 16 64 19 65 14 66 18
29 0 9 1 8 2 15 3 2 4 14 5 19 6 1 7 1 9 7 10 1 11 8 12 14 13 13 14 12 15 16 16 7 17 1 19 11 20 9 21 10 22 3 23 14 24 3 25 7 26 4 27 15 28 2 8 19 30 12 31 5 32 13 33 1 34 4 36 19 37 1 38 15 39 1 40 16 41 17 42 17 43 19 44 17 45 17 46 18 47 19 48 5 49 13 50 2 51 11 52 18 53 13 55 19 56 8 57 12 58 13 59 9 60 12 61 5 62 20 63 2 64 18 65 5 66 12 35 15 54 20
30 0 15 1 19 2 2 3 8 4 12 5 15 6 20 7 9 8 10 9 7 10 19 11 10 12 8 13 4 14 14 15 2 16 6 17 11 18 8 19 15 20 3 21 8 22 2 23 15 24 1 25 9 26 18 27 19 28 16 29 12 31 7 33 6 34 19 35 19 36 13 37 9 38 9 39 1 40 13 41 9 42 6 43 8 44 12 45 1 46 18 47 3 48 19 49 14 51 17 52 3 53 7 54 13 55 6 56 10 57 18 58 20 59 6 60 4 61 8 62 8 63 17 64 11 66 14 32 13 50 10 65 18
31 0 7 1 11 2 17 3 8 4 14 5 9 8 13 9 1 10 11 11 12 12 6 13 17 14 15 15 3 16 8 17 3 18 9 19 19 20 5 21 2 22 6 23 10 24 2 25 20 26 14 27 8 28 19 29 5 30 7 6 6 7 6 32 14 33 16 34 18 36 1 38 4 39 3 40 15 41 10 42 19 43 2 44 11 45 3 46 15 47 8 48 2 49 8 50 4 51 15 52 9 54 7 55 13 56 5 57 6 58 20 59 11 60 1 61 8 62 2 63 19 64 12 65 17 66 15 35 13 37 5 53 13
32 0 15 1 16 2 7 3 15 4 16 5 4 6 13 7 5 8 14 9 16 10 1 12 13 13 7 14 16 15 17 16 6 17 1 18 1 19 8 22 14 23 3 24 14 25 7 26 8 27 12 28 11 29 13 31 14 11 17 20 5 21 5 30 13 33 13 35 20 36 14 37 7 38 17 39 8 40 2 41 15 42 11 43 14 44 2 45 19 46 7 47 10 48 10 49 8 50 15 51 4 52 10 53 11 54 19 55 2 57 9 58 10 59 4 60 10 62 3 63 13 64 12 65 16 66 10 34 16 56 8 61 4
33 1 8 3 12 5 4 6 8 7 9 8 11 10 14 11 19 12 20 13 12 14 12 15 11 16 1 17 18 18 5 19 7 20 7 21 20 22 4 23 17 24 3 25 3 26 18 27 8 28 17 29 1 30 6 31 16 32 13 0 20 2 16 4 16 9 13 34 2 37 16 38 4 39 1 40 17 41 9 42 11 43 18 45 3 46 8 47 10 49 8 50 16 51 2 52 13 53 6 54 13 55 8 56 11 57 17 58 10 60 18 61 11 62 11 63 15 64 16 65 8 66 3 44 4 48 14 59 2
34 0 7 1 19 3 7 4 4 5 6 6 15 7 5 8 7 9 4 10 13 11 5 12 14 13 3 14 9 15 10 16 11 17 12 18 16 19 1 20 3 21 13 22 13 23 7 24 9 25 2 26 4 27 12 28 5 29 4 30 19 31 18 33 2 2 20 32 16 35 11 36 4 37 13 38 19 39 12 40 20 41 17 42 3 43 4 44 16 45 14 46 4 47 3 48 19 49 14 50 12 51 16 52 18 53 3 54 10 55 17 57 3 58 9 59 16 60 16 61 14 62 3 63 12 64 9 65 18 56 6 66 4
35 0 14 1 10 2 7 3 8 5 12 6 9 7 4 8 19 9 18 11 11 12 1 13 5 14 5 15 7 16 11 18 20 19 14 20 17 21 8 22 17 23 15 24 1 25 15 26 12 27 18 28 11 30 19 32 20 34 11 10 17 29 15 31 13 36 10 37 13 38 17 39 5 40 8 41 8 42 19 43 5 44 12 45 4 46 2 47 4 48 6 49 14 50 16 51 5 53 3 54 14 55 7 56 2 59 12 60 5 61 18 62 7 63 15 64 17 65 17 66 13 52 3 57 4 58 18
36 0 2 1 4 2 15 3 4 4 11 5 4 6 18 7 14 8 18 11 13 12 13 13 14 14 10 16 10 17 18 18 14 19 7 20 13 21 2 22 5 23 14 24 20 25 1 26 16 27 11 28 7 29 19 30 13 31 1 32 14 34 4 35 10 10 16 15 16 37 20 38 3 39 6 40 14 41 8 42 13 43 12 44 18 45 4 46 8 48 16 49 15 50 2 51 7 54 19 55 13 56 15 57 12 58 10 59 17 60 5 61 6 62 5 63 14 64 13 65 10 66 14 47 19 52 1 53 3
37 0 2 1 2 2 15 3 8 4 1 5 2 6 18 7 14 8 8 9 19 10 3 11 7 12 11 13 1 14 6 15 7 17 1 18 16 21 4 22 14 23 1 24 11 25 16 26 5 27 5 28 6 29 1 30 9 32 7 33 16 34 13 35 13 36 20 16 1 19 11 20 15 31 5 38 1 39 8 40 16 41 8 42 2 43 9 44 3 46 7 47 6 48 10 49 18 50 4 51 17 52 7 53 7 54 8 55 12 57 3 58 9 60 13 62 10 63 14 64 3 65 2 66 7 56 18 59 13 61 17
38 0 9 1 15 2 8 3 2 4 3 5 5 6 9 7 19 8 4 9 17 10 16 12 2 13 1 14 2 15 13 16 14 17 2 18 4 19 9 20 20 21 3 22 14 23 10 25 17 26 1 27 18 28 18 29 15 30 9 31 4 32 17 33 4 34 19 35 17 36 3 37 1 11 5 24 16 39 8 40 4 41 9 42 3 43 14 44 5 45 9 46 10 47 14 49 14 50 12 51 17 52 12 53 10 56 15 57 12 58 1 59 4 60 12 62 17 63 17 64 13 65 1 66 1 48 7 55 19 61 1
39 0 8 1 8 2 4 4 13 5 5 6 14 8 9 9 4 11 9 12 18 13 4 14 6 15 9 16 14 17 14 18 19 19 1 20 9 21 5 22 15 23 18 24 15 25 8 27 16 28 7 29 1 30 1 31 3 32 8 33 1 34 12 35 5 36 6 37 8 38 8 3 11 7 5 10 18 26 1 40 2 41 17 42 15 43 15 44 14 45 12 46 5 47 14 48 11 49 15 50 14 53 12 54 9 55 3 56 14 57 20 58 1 59 5 60 6 61 6 62 11 63 16 64 20 66 14 51 3 52 17 65 11
40 0 3 1 20 2 12 6 11 7 18 9 14 10 8 11 6 12 9 13 15 15 13 16 16 17 17 18 1 19 2 20 3 21 9 22 19 23 10 24 18 25 18 26 4 27 5 28 19 29 16 30 13 31 15 32 2 33 17 34 20 35 8 36 14 37 16 38 4 39 2 3 10 5 19 14 18 41 19 42 13 44 14 45 12 46 12 47 18 48 15 49 10 50 12 51 17 52 6 54 1 56 17 57 13 58 11 59 17 60 5 61 19 62 18 63 8 64 14 65 12 66 14 43 16 55 9
41 0 2 2 13 3 14 4 3 5 9 6 1 7 2 8 7 9 9 10 16 12 13 13 17 14 17 15 12 16 18 17 10 18 16 19 12 20 19 21 3 22 17 23 17 24 17 25 16 26 4 28 10 29 17 30 9 31 10 32 15 33 9 34 17 35 8 36 8 37 8 38 9 39 17 40 19 1 18 11 2 27 17 42 19 43 18 44 2 45 15 46 3 47 9 48 10 49 12 50 18 51 20 52 15 54 10 55 10 56 14 57 7 58 13 60 15 62 10 63 18 64 2 65 16 66 1 53 4 59 14
42 0 6 1 19 2 3 3 5 4 5 5 18 6 2 8 17 9 20 10 15 11 20 12 11 13 14 14 18 15 12 16 14 17 2 18 12 19 5 20 20 21 15 22 7 23 16 24 11 26 14 27 15 28 17 29 17 30 6 31 19 32 11 33 11 34 3 35 19 36 13 37 2 38 3 39 15 40 13 41 19 7 11 25 16 43 3 44 9 46 17 47 11 49 11 51 11 52 3 53 2 54 13 55 14 56 16 57 11 58 2 59 1 60 20 61 2 62 6 64 1 65 17 66 7 48 1 50 17 63 13
43 0 11 1 7 2 13 3 1 4 13 5 15 6 18 7 3 8 14 9 5 10 18 11 14 12 11 13 2 14 3 15 14 16 18 17 15 18 12 19 6 20 20 21 5 22 18 23 19 25 15 27 12 28 17 29 19 30 8 31 2 32 14 33 18 34 4 35 5 36 12 37 9 38 14 39 15 41 18 42 3 24 6 40 16 44 1 45 10 46 4 47 10 48 19 49 15 50 8 51 13 52 16 53 12 54 10 55 6 56 2 57 14 58 10 59 7 60 9 61 10 62 11 63 5 64 7 65 8 66 6
44 1 6 2 20 3 13 4 4 5 10 6 7 7 9 8 12 9 19 10 2 11 11 12 8 13 20 14 16 15 2 16 5 17 11 18 11 19 13 20 5 21 6 23 4 24 15 25 14 26 17 27 18 28 15 29 17 30 12 31 11 32 2 34 16 35 12 36 18 37 3 38 5 39 14 40 14 41 2 42 9 43 1 0 20 22 5 33 4 45 15 46 12 47 8 48 16 49 5 50 10 52 5 53 19 54 17 56 4 57 17 58 16 59 3 60 13 61 11 62 20 63 16 64 8 65 9 66 6 51 6 55 17
45 0 14 1 14 3 4 4 19 5 9 7 15 8 15 9 20 10 15 11 12 12 4 14 18 15 10 16 16 17 6 18 5 19 6 20 18 21 3 22 13 23 8 24 15 25 11 26 19 27 7 28 5 29 17 30 1 31 3 32 19 33 3 34 14 35 4 36 4 38 9 39 12 40 12 41 15 43 10 44 15 2 9 6 15 13 13 46 9 47 10 48 5 49 14 51 17 53 18 54 5 55 8 56 16 57 7 58 7 59 3 60 19 61 3 62 16 64 9 65 3 66 20 50 3 52 18 63 13
46 0 2 1 14 2 6 3 14 4 6 5 4 6 12 7 2 8 6 9 17 10 20 11 18 12 13 13 19 15 2 16 11 17 7 18 4 19 4 20 17 22 10 23 6 24 7 25 15 26 16 28 17 29 18 30 18 31 15 32 7 33 8 34 4 35 2 36 8 37 7 38 10 39 5 40 12 41 3 42 17 43 4 44 12 45 9 14 9 21 11 27 16 47 6 48 10 49 17 50 17 51 15 52 15 53 12 54 9 55 20 56 3 57 13 58 20 59 2 61 18 62 11 63 7 64 13 65 11 66 17 60 15
47 0 1 1 10 2 12 3 5 4 2 5 9 6 2 7 11 8 11 9 6 10 6 11 1 12 18 13 1 14 5 15 17 16 13 17 13 19 11 20 8 21 20 22 4 23 7 24 13 25 16 26 2 27 8 28 13 29 19 30 3 31 8 32 10 33 10 34 3 35 4 37 6 38 14 39 14 40 18 41 9 42 11 43 10 44 8 45 10 46 6 18 2 36 19 48 4 49 9 51 4 52 13 53 6 54 18 55 8 56 14 57 20 58 10 59 13 60 14 61 7 62 5 63 3 64 10 65 14 66 1 50 1
48 0 17 1 3 2 4 3 7 4 2 5 11 6 17 8 13 9 15 10 14 11 3 12 1 14 2 15 17 16 9 17 4 18 5 19 15 20 15 21 1 22 17 23 4 25 15 26 15 27 13 28 1 29 5 30 19 31 2 32 10 34 19 35 6 36 16 37 10 39 11 40 15 41 10 43 19 44 16 45 5 46 10 47 4 7 3 13 14 24 5 33 14 38 7 42 1 49 13 50 5 51 10 52 2 53 11 54 4 55 20 56 1 59 9 60 1 61 12 63 2 64 7 65 15 66 9 57 5 58 11 62 17
49 0 13 1 3 2 4 3 17 4 7 5 3 6 9 7 13 8 18 9 10 10 1 11 11 12 16 13 9 14 7 15 18 16 3 17 16 18 5 19 5 20 9 21 17 22 1 23 7 24 4 25 9 26 14 27 18 28 5 29 13 30 14 31 8 32 8 33 8 34 14 35 14 36 15 37 18 38 14 39 15 40 10 41 12 42 11 43 15 44 5 45 14 46 17 47 9 48 13 51 20 52 7 53 13 54 1 55 10 56 13 57 11 58 2 59 13 60 5 61 10 62 18 63 20 64 17 65 3 66 7 50 11
50 0 12 1 10 3 19 4 3 5 20 6 15 7 14 8 11 9 10 10 18 11 15 12 1 13 9 14 14 16 12 17 16 18 15 19 9 20 5 21 3 22 16 23 12 25 11 27 7 28 20 29 2 31 4 32 15 33 16 34 12 35 16 36 2 37 4 38 12 39 14 40 12 41 18 43 8 44 10 46 17 48 5 2 13 15 16 26 6 30 10 42 17 45 3 47 1 49 11 51 14 53 14 54 5 55 19 57 16 58 16 59 19 60 10 61 15 62 8 63 3 64 7 65 11 66 9 52 8 56 5
51 0 3 1 15 2 11 3 4 4 6 5 20 6 11 7 4 8 5 9 18 10 14 11 3 12 7 13 7 15 7 16 7 17 1 18 17 20 1 21 15 22 14 23 8 24 5 25 14 26 18 27 16 28 13 29 11 30 17 31 15 32 4 33 2 34 16 35 5 36 7 37 17 38 17 40 17 41 20 42 11 43 13 45 17 46 15 47 4 48 10 49 20 50 14 14 12 19 18 39 3 44 6 52 10 53 3 54 20 55 8 56 7 57 11 58 2 59 19 60 9 61 9 63 10 64 14 65 1 66 6 62 5
52 0 17 1 20 2 13 3 15 4 20 6 13 7 13 8 8 10 7 11 5 12 8 13 1 14 4 15 4 18 10 19 18 20 18 21 20 22 10 23 8 24 9 25 7 27 4 28 12 29 18 30 3 31 9 32 10 33 13 34 18 37 7 38 12 40 6 41 15 42 3 43 16 44 5 46 15 47 13 48 2 49 7 51 10 5 6 9 2 16 19 17 14 26 5 35 3 36 1 39 17 45 18 50 8 53 11 54 1 55 20 56 17 57 10 58 5 59 19 60 4 61 7 62 11 63 6 65 11 66 6 64 14
53 0 8 1 14 2 11 3 18 4 4 5 6 6 5 7 6 8 9 9 3 10 19 11 7 12 5 13 17 14 13 16 16 17 7 18 7 19 11 20 9 21 19 22 17 23 5 24 2 25 5 27 18 28 18 29 13 30 7 32 11 33 6 34 3 35 3 37 7 38 10 39 12 42 2 43 12 44 19 45 18 46 12 47 6 48 11 49 13 50 14 51 3 52 11 15 6 26 15 31 13 36 3 41 4 54 6 55 8 56 14 57 9 58 9 59 20 60 12 61 2 62 4 63 11 64 19 66 18 65 12
54 0 2 1 11 3 4 4 11 5 18 6 3 7 13 8 8 9 20 10 3 11 8 12 14 13 8 14 1 15 11 16 18 17 14 18 6 19 16 20 8 21 7 22 5 23 17 25 14 26 19 27 14 28 10 30 13 31 7 32 19 33 13 34 10 35 14 36 19 37 8 39 9 40 1 41 10 42 13 43 10 44 17 45 5 46 9 47 18 48 4 49 1 50 5 51 20 52 1 53 6 2 7 24 19 29 20 55 6 56 9 57 2 58 19 59 7 60 3 61 15 62 11 63 2 64 9 65 14 66 6
55 0 7 2 4 3 15 4 4 5 14 6 20 7 18 8 6 9 8 10 9 11 17 12 14 13 8 14 15 15 15 17 3 18 7 19 9 20 6 24 18 25 8 26 11 27 9 28 16 29 19 30 6 31 13 32 2 33 8 34 17 35 7 36 13 37 12 39 3 41 10 42 14 43 6 45 8 46 20 47 8 48 20 49 10 50 19 51 8 52 20 53 8 54 6 16 20 21 15 22 14 23 19 38 19 40 9 44 17 56 20 58 12 59 4 60 15 61 6 62 3 63 3 64 3 65 16 57 1 66 19
56 0 2 1 7 2 9 3 13 4 6 5 8 6 9 8 2 9 19 11 19 12 20 13 10 14 4 15 19 16 6 17 16 19 11 21 4 22 14 23 11 24 18 25 4 27 15 28 5 29 8 30 10 31 5 33 11 35 2 36 15 38 15 39 14 40 17 41 14 42 16 43 2 44 4 45 16 46 3 47 14 48 1 49 13 51 7 52 17 53 14 54 9 55 20 7 9 10 3 18 2 20 17 26 8 32 8 34 6 37 18 50 5 57 3 58 1 59 20 60 10 62 8 63 5 65 14 66 9 61 13 64 12
57 0 18 1 16 2 14 3 7 4 4 5 15 6 2 7 11 8 15 9 16 11 14 12 16 13 12 14 13 16 13 17 16 18 17 19 15 20 3 21 4 22 7 24 11 25 3 26 8 27 10 28 7 29 12 30 18 31 6 32 9 33 17 34 3 36 12 37 3 38 12 39 20 40 13 41 7 42 11 43 14 44 17 45 7 46 13 47 20 49 11 50 16 51 11 52 10 53 9 54 2 56 3 10 3 15 11 23 16 35 4 48 5 55 1 58 12 59 13 60 19 61 1 63 13 64 8 65 2 66 19 62 2
58 0 15 1 1 2 14 3 14 4 12 5 6 6 10 7 10 8 18 9 4 10 4 11 15 12 2 13 19 14 13 15 18 16 11 19 17 20 12 21 13 22 4 23 1 24 19 25 14 26 12 27 1 28 4 29 13 30 20 31 20 32 10 33 10 34 9 36 10 37 9 38 1 39 1 40 11 41 13 42 2 43 10 44 16 45 7 46 20 47 10 49 2 50 16 51 2 52 5 53 9 54 19 55 12 56 1 57 12 17 8 18 10 35 18 48 11 59 18 60 4 61 1 63 7 64 11 65 20 66 7 62 6
59 0 5 1 18 2 8 4 9 5 5 6 10 7 1 8 18 9 2 10 11 12 6 13 4 15 2 17 10 18 4 19 14 20 17 21 13 22 3 23 14 24 7 26 4 27 13 28 6 29 9 30 6 31 11 32 4 34 16 35 12 36 17 38 4 39 5 40 17 42 1 43 7 44 3 45 3 46 2 47 13 48 9 49 13 50 19 51 19 52 19 53 20 54 7 55 4 56 20 57 13 58 18 3 4 11 19 16 9 25 8 33 2 37 13 41 14 60 19 61 7 62 12 63 3 64 2 65 14 66 20
60 0 9 1 13 2 20 3 6 5 16 6 9 7 20 8 11 9 11 10 12 11 17 12 20 13 4 14 9 15 5 16 7 17 5 18 12 19 16 20 18 21 3 22 4 23 19 24 10 25 2 26 19 27 2 28 10 29 12 30 4 31 1 32 10 33 18 34 16 35 5 36 5 37 13 38 12 39 6 40 5 41 15 42 20 43 9 44 13 45 19 47 14 48 1 49 5 50 10 51 9 52 4 53 12 54 3 55 15 56 10 57 19 58 4 59 19 4 6 46 15 61 12 62 9 63 8 64 3 66 9 65 12
61 1 3 2 8 3 17 5 18 7 19 8 18 10 8 11 20 12 15 13 9 14 6 15 5 16 10 17 8 19 7 20 15 21 8 22 7 23 11 24 1 25 11 26 7 27 16 28 19 29 5 30 8 31 8 33 11 34 14 35 18 36 6 39 6 40 19 42 2 43 10 44 11 45 3 46 18 47 7 48 12 49 10 50 15 51 9 52 7 53 2 54 15 55 6 57 1 58 1 59 7 60 12 0 8 4 9 6 2 9 19 18 18 32 4 37 17 38 1 56 13 62 20 63 11 64 10 65 9 66 7
62 0 10 1 8 2 2 3 10 4 9 5 7 6 2 7 6 8 2 9 19 10 7 11 7 12 17 13 15 14 14 15 13 16 12 17 14 18 14 19 8 20 19 21 20 22 16 25 9 26 1 27 6 28 3 29 20 30 8 31 2 32 3 33 11 34 3 35 7 36 5 37 10 38 17 39 11 40 18 41 10 42 6 43 11 44 20 45 16 46 11 47 5 49 18 50 8 52 11 53 4 54 11 55 3 56 8 59 12 60 9 61 20 23 9 24 10 48 17 51 5 57 2 58 6 63 8 64 6 66 15
63 0 14 1 7 2 13 3 20 4 19 5 15 6 15 7 14 8 11 9 18 10 4 11 7 12 2 13 4 14 20 15 3 16 5 17 12 18 3 19 7 20 2 21 17 22 10 23 6 25 17 26 8 27 15 28 16 29 2 30 17 31 19 32 13 33 15 34 12 35 15 36 14 37 14 38 17 39 16 40 8 41 18 43 5 44 16 46 7 47 3 48 2 49 20 50 3 51 10 52 6 53 11 54 2 55 3 56 5 57 13 58 7 59 3 60 8 61 11 62 8 24 7 42 13 45 13 64 9 66 17 65 12
64 0 11 1 12 3 8 4 5 5 16 6 13 7 2 8 19 9 7 10 9 11 8 12 9 13 8 14 4 15 7 16 8 17 8 18 15 19 6 20 20 21 16 22 3 23 2 24 13 25 19 26 19 27 18 28 19 29 18 30 11 31 12 32 12 33 16 34 9 35 17 36 13 37 3 38 13 39 20 40 14 41 2 42 1 43 7 44 8 45 9 46 13 47 10 48 7 49 17 50 7 51 14 53 19 54 9 55 3 57 8 58 11 59 2 60 3 61 10 62 6 63 9 2 15 52 14 56 12 65 17 66 2
65 0 14 1 4 2 14 3 12 4 18 5 7 6 1 7 4 8 2 9 8 10 1 11 4 12 5 13 16 14 17 15 17 16 18 17 9 19 16 20 2 21 18 22 15 23 9 24 19 25 8 27 16 28 14 29 5 31 17 32 16 33 8 34 18 35 17 36 10 37 2 38 1 40 12 41 16 42 17 43 8 44 9 45 3 46 11 47 14 48 15 49 3 50 11 51 1 52 11 54 14 55 16 56 14 57 2 58 20 59 14 61 9 64 17 18 10 26 14 30 18 39 11 53 12 60 12 63 12 66 2
66 0 13 1 10 2 2 3 6 4 11 5 15 6 12 8 9 9 16 10 10 11 14 12 19 13 8 14 3 15 18 16 17 17 4 18 18 19 16 20 19 21 18 22 16 23 9 24 15 25 10 26 16 27 8 28 18 29 12 30 14 31 15 32 10 33 3 35 13 36 14 37 7 38 1 39 14 40 14 41 1 42 7 43 6 44 6 45 20 46 17 47 1 48 9 49 7 50 9 51 6 52 6 53 18 54 6 56 9 57 19 58 7 59 20 60 9 61 7 62 15 63 17 64 2 65 2 7 6 34 4 55 19
