55
0 9 17 11 18 19 9 29 16 50 4 1 14
1 0 14 9 17 39 15
2 4 5 8 7 10 19 17 13 25 9 35 2 52 1
3 7 4 26 14 30 3 28 10
4 2 5 16 6 25 14 31 6 34 16 15 12 23 5
5 42 15 47 18
6 31 5 42 20 40 7
7 3 4
8 2 7 25 5 32 9
9 0 17 1 17 50 5
10 2 19 36 9
11 0 18 36 7 43 5
12 18 7 52 14 29 18 36 6
13 15 12 22 8 32 9 41 1 42 11 44 18 46 11
14 39 20 31 4
15 13 12 4 12 21 6 35 11 37 3 49 9 51 12
16 4 6 23 2 25 3
17 2 13 18 13 25 12
18 12 7 17 13 29 3 44 1
19 0 9 32 16 39 2 41 2
20 25 18 31 16 34 11 51 6 53 4 54 20
21 15 6 27 10 25 17
22 13 8
23 16 2 4 5 47 11
24 31 11 36 8 42 15 53 3
25 2 9 4 14 8 5 16 3 20 18 17 12 21 17 37 15 36 6
26 3 14 43 15
27 21 10 40 17 41 17
28 3 10 32 2 37 4 54 14
29 0 16 18 3 12 18
30 3 3
31 4 6 6 5 20 16 24 11 14 4 39 5
32 13 9 19 16 28 2 8 9 43 9 50 10
33 41 11
34 4 16 20 11 46 9
35 2 2 15 11
36 24 8 10 9 11 7 12 6 25 6
37 25 15 28 4 15 3 38 13 46 8
38 37 13 46 6 53 20
39 1 15 14 20 19 2 31 5 45 18
40 27 17 6 7 43 10 47 1
41 13 1 19 2 27 17 33 11
42 5 15 6 20 13 11 24 15
43 26 15 32 9 40 10 11 5 52 9
44 13 18 18 1 45 10 53 19
45 39 18 44 10
46 34 9 37 8 38 6 13 11
47 5 18 23 11 40 1
48 52 4
49 15 9 54 1
50 0 4 9 5 32 10
51 20 6 15 12
52 2 1 12 14 43 9 48 4 53 8
53 20 4 24 3 38 20 44 19 52 8
54 20 20 28 14 49 1
