91
0 1 5 2 11 3 2 5 7 6 13 7 15 8 16 9 7 10 20 11 18 14 20 15 14 16 13 17 11 18 16 19 19 20 13 21 4 22 18 23 4 24 15 25 10 26 15 28 3 29 17 30 15 31 15 32 10 33 20 34 10 35 15 36 3 37 9 38 12 39 4 40 5 41 18 42 16 43 13 44 10 45 10 47 16 48 6 49 17 50 20 51 12 52 3 53 16 54 18 56 18 57 16 58 5 59 14 60 7 62 19 63 7 64 9 65 18 66 15 67 13 68 15 69 17 70 18 71 7 72 9 73 13 74 9 75 7 77 9 78 11 79 3 80 12 81 17 82 15 83 6 85 4 86 6 87 14 88 5 89 18 90 9 4 13 12 5 13 7 27 3 46 15 55 19 61 16 84 3
1 0 5 2 6 3 9 4 19 5 17 6 5 7 8 8 18 9 6 10 8 11 12 12 5 13 11 14 17 15 19 16 6 17 17 18 2 19 1 20 2 21 3 22 17 23 13 24 13 25 7 26 18 27 2 28 4 29 13 30 20 31 16 32 9 33 20 34 13 35 6 36 20 37 8 38 8 39 5 40 10 41 2 42 2 43 8 44 20 45 1 46 11 47 3 49 20 50 14 51 15 52 11 53 8 54 6 55 13 56 20 57 8 58 13 59 15 60 2 63 20 65 16 66 12 69 13 70 13 71 2 72 4 73 4 75 10 76 2 77 15 78 14 79 5 80 17 81 2 82 16 83 17 84 1 85 6 86 20 87 5 88 12 89 13 90 5 48 2 61 10 62 16 64 1 67 9 68 6 74 15
2 0 11 1 6 3 13 4 8 5 3 6 9 7 16 8 16 9 15 10 18 11 16 12 16 13 12 14 17 15 2 16 12 17 20 18 11 19 7 20 13 21 3 22 2 24 4 25 11 26 15 27 13 28 1 29 5 30 14 31 14 32 16 33 2 34 13 35 8 38 15 39 8 40 1 41 7 42 6 43 20 44 5 45 12 46 18 47 18 48 6 49 18 50 19 52 10 53 20 54 19 55 9 58 1 59 20 60 15 61 6 62 3 63 2 64 16 65 4 66 3 67 20 68 3 69 11 70 2 72 14 73 20 74 7 75 14 76 13 77 4 78 6 79 1 80 10 81 13 82 1 83 2 84 3 85 16 86 4 87 14 88 19 89 4 90 2 23 16 36 1 37 8 51 7 56 14 57 4 71 19
3 0 2 1 9 2 13 4 3 5 18 6 1 8 19 9 17 10 19 11 4 13 10 15 3 16 2 18 19 19 1 20 20 21 10 22 12 23 1 24 5 25 6 26 19 27 2 28 20 29 12 30 3 31 15 32 14 33 20 34 9 35 1 36 16 37 20 38 20 39 20 40 12 41 3 42 19 43 2 44 17 45 6 46 4 47 10 48 11 49 1 50 1 51 11 52 2 53 16 54 1 55 5 56 3 57 9 58 15 59 7 60 12 61 19 62 17 63 13 64 5 65 7 67 7 68 7 70 19 71 7 72 3 73 8 74 19 75 12 76 20 77 16 78 18 79 2 80 9 81 19 82 18 83 9 84 9 85 10 86 15 87 8 90 5 7 9 12 19 14 3 17 7 66 9 69 12 88 15 89 2
4 1 19 2 8 3 3 0 13 5 15 7 11 8 6 9 13 10 10 11 4 12 11 13 3 14 17 15 17 16 1 17 4 18 9 19 4 20 9 21 19 22 6 23 3 24 7 25 13 26 8 27 13 28 13 30 16 31 5 32 13 35 18 36 9 38 2 40 10 41 8 42 20 43 14 44 3 45 4 46 5 47 14 48 4 49 9 50 11 53 3 54 5 55 11 56 10 57 18 58 2 59 8 60 8 61 5 62 2 63 3 64 4 66 7 67 3 68 8 70 4 71 15 73 8 74 14 76 20 77 16 78 6 79 4 80 13 81 14 82 14 83 11 85 18 86 10 87 1 88 18 89 6 6 3 29 9 33 6 34 17 39 1 51 1 52 6 65 7 69 7 72 13 75 15 84 4 90 3
5 0 7 1 17 2 3 3 18 4 15 6 12 7 20 9 14 10 17 11 6 12 12 13 13 14 5 15 9 16 5 17 7 20 15 21 13 22 16 23 4 24 20 25 19 26 16 27 20 28 11 29 5 30 10 31 5 32 11 33 20 34 19 35 1 36 19 37 19 38 9 39 7 41 17 42 5 43 15 44 12 45 5 46 11 47 3 48 19 49 15 50 5 51 15 52 17 53 7 54 12 55 2 56 1 57 10 59 7 61 17 62 11 63 8 64 11 65 15 66 17 67 2 68 14 69 15 70 3 71 3 72 17 73 17 74 1 75 20 76 18 78 4 79 20 80 11 81 16 82 6 83 16 84 17 85 17 86 17 87 10 88 19 89 15 90 7 8 7 18 11 19 19 40 10 60 20 77 8
6 0 13 1 5 2 9 3 1 5 12 4 3 7 15 8 3 9 1 10 15 11 2 12 4 13 5 14 10 15 15 17 14 18 3 19 6 20 8 21 14 22 9 24 7 25 11 26 12 27 13 28 17 29 9 30 4 31 12 32 19 33 20 34 1 35 10 36 16 38 5 39 7 40 12 41 13 43 15 44 17 45 16 46 8 47 20 48 6 49 14 50 16 51 19 52 14 53 19 54 12 55 4 56 10 57 11 58 20 60 5 61 19 62 9 63 9 64 1 65 20 66 5 67 8 68 4 69 12 70 6 71 8 72 7 73 5 74 15 75 3 76 13 78 19 79 11 80 6 81 16 82 10 83 8 84 3 85 14 87 20 88 5 89 15 90 5 16 18 23 12 37 9 42 20 59 8 77 16 86 18
7 0 15 1 8 2 16 4 11 5 20 6 15 3 9 9 16 10 6 12 11 13 10 14 4 15 20 16 19 17 17 19 2 20 14 21 20 22 3 23 19 24 14 25 10 27 20 28 19 29 11 30 13 31 12 32 7 33 4 34 15 35 3 37 14 38 15 39 20 40 20 42 12 43 15 45 5 46 2 47 5 48 1 49 1 50 10 51 3 53 12 55 15 56 8 57 7 58 17 59 6 60 13 61 6 62 4 63 16 64 12 65 7 66 8 67 8 68 5 69 18 71 8 73 17 74 9 75 14 76 3 77 2 78 1 79 10 81 15 82 12 83 14 84 13 85 19 86 11 87 4 88 5 89 6 90 10 8 10 11 16 18 13 26 19 36 19 44 15 52 7 54 12 70 3 72 8 80 20
8 0 16 1 18 2 16 3 19 4 6 6 3 5 7 7 10 9 7 10 7 11 1 12 6 13 6 15 2 16 5 17 10 18 5 19 2 20 17 21 18 22 5 23 12 24 1 25 12 26 14 27 6 28 4 29 11 30 7 31 11 32 15 33 16 34 19 35 4 36 9 37 19 39 10 41 18 42 14 43 8 44 11 45 4 46 10 47 13 48 17 49 18 50 12 51 16 52 8 53 10 54 17 56 20 57 13 58 13 59 1 60 4 61 16 62 7 63 2 64 8 65 6 66 10 67 1 68 7 69 9 70 3 71 16 72 20 75 1 76 7 78 3 79 10 80 1 81 4 82 14 83 3 84 15 85 18 86 17 87 6 88 5 89 7 90 10 14 8 38 8 40 3 55 1 73 8 74 18 77 3
9 0 7 1 6 2 15 3 17 4 13 5 14 6 1 7 16 8 7 10 17 12 13 13 7 14 17 16 18 17 3 18 9 19 9 20 14 21 20 22 13 23 5 25 15 26 18 27 17 29 12 30 4 31 14 32 17 33 20 35 10 36 17 37 3 39 13 40 18 41 19 42 18 43 17 44 15 45 14 47 17 48 17 49 6 50 5 51 12 52 7 53 6 54 13 55 2 56 15 57 10 58 17 59 16 60 2 61 14 62 4 63 14 64 1 65 15 67 14 68 8 69 2 70 11 71 20 72 13 73 10 74 13 75 8 76 20 77 11 78 2 79 12 80 3 81 2 82 17 83 19 84 19 85 3 86 3 87 5 88 20 89 14 90 8 11 6 15 16 24 3 28 4 38 8 46 4 66 19
10 0 20 1 8 2 18 3 19 4 10 5 17 6 15 7 6 8 7 9 17 11 5 12 19 13 11 14 19 15 19 16 18 17 4 18 20 19 12 20 6 21 11 22 4 23 1 24 14 25 2 26 16 27 9 28 1 29 6 30 3 31 18 32 7 33 9 34 10 35 5 36 3 37 5 38 18 39 17 40 16 41 11 42 20 43 7 44 9 45 16 46 14 47 18 48 20 49 11 50 3 51 12 53 7 54 5 55 7 56 3 57 12 58 17 59 13 60 1 61 11 62 2 64 6 65 1 66 15 67 12 68 5 69 16 70 3 71 8 72 19 75 18 76 8 77 11 78 15 79 7 80 8 81 9 82 17 83 9 84 7 85 17 86 19 87 5 88 2 89 8 90 17 52 9 63 19 73 3 74 4
11 0 18 1 12 2 16 3 4 4 4 5 6 6 2 8 1 10 5 7 16 9 6 12 19 13 18 14 3 15 2 16 12 17 3 18 1 19 11 21 20 22 8 23 17 24 20 25 3 26 16 28 12 29 3 30 3 31 18 32 1 33 8 34 11 35 3 36 9 37 20 38 3 39 15 40 5 42 16 43 6 44 16 46 20 47 18 48 6 50 12 52 18 53 5 54 15 55 18 56 5 57 13 58 12 59 3 60 18 61 12 62 11 63 16 64 8 66 1 67 16 68 2 69 12 70 3 71 5 72 15 73 10 74 3 75 15 76 2 77 17 78 6 79 8 80 12 81 14 82 15 83 8 84 7 85 3 86 15 88 16 89 4 20 14 27 2 41 2 49 10 65 19 87 4 90 19
12 1 5 2 16 4 11 5 12 6 4 7 11 8 6 9 13 10 19 11 19 0 5 3 19 14 5 15 5 16 15 17 13 18 12 20 9 21 1 22 3 23 1 24 8 25 8 27 20 28 6 29 6 30 15 31 1 32 8 33 20 34 2 35 8 36 16 37 12 38 18 39 16 40 1 41 7 42 16 43 4 45 14 46 14 47 15 49 20 51 19 52 17 53 19 55 17 56 8 57 7 58 11 59 13 60 7 61 15 62 7 63 15 64 12 65 17 66 13 68 7 69 13 70 9 72 15 74 19 75 19 76 11 78 7 79 12 80 17 81 17 82 20 83 1 84 15 85 16 86 16 88 4 89 12 90 8 13 18 19 11 26 8 44 19 48 14 50 4 54 17 67 6 71 4 73 1 77 20 87 16
13 1 11 2 12 3 10 4 3 5 13 6 5 7 10 8 6 9 7 10 11 11 18 0 7 12 18 14 4 15 15 16 14 17 17 18 3 19 10 20 2 23 8 24 12 25 10 26 6 27 13 28 5 29 6 30 7 32 10 33 16 34 20 35 6 36 4 37 12 38 9 39 14 40 8 41 11 42 7 43 11 44 7 45 18 46 5 47 9 48 11 49 12 50 5 51 16 52 11 53 8 54 14 55 10 56 16 57 14 58 16 59 9 60 5 62 15 63 3 64 15 65 11 66 6 67 16 68 19 69 7 70 19 71 17 72 12 73 17 74 12 75 9 76 10 77 20 78 19 79 16 80 5 81 3 82 14 83 8 84 20 88 1 89 9 90 9 21 11 22 7 61 6 85 17 86 18 87 11
14 0 20 1 17 2 17 4 17 5 5 6 10 7 4 9 17 10 19 11 3 12 5 13 4 3 3 8 8 15 18 16 6 17 4 18 2 19 4 20 18 21 10 22 1 23 9 24 11 25 3 26 7 27 17 28 9 29 9 30 14 31 19 32 16 33 1 35 7 36 19 39 16 42 14 43 15 44 3 45 15 46 18 47 20 48 19 49 14 50 6 52 15 53 14 54 2 55 17 56 19 57 16 58 13 60 8 61 5 62 6 63 4 64 2 65 18 66 7 68 17 70 12 71 4 72 14 74 12 75 7 76 14 77 11 78 16 79 12 80 7 81 14 82 18 83 5 84 11 85 6 86 19 87 19 88 20 89 3 90 11 37 2 38 20 40 19 41 11 51 17 59 3 67 2 69 19
15 0 14 1 19 2 2 3 3 4 17 5 9 6 15 7 20 8 2 10 19 11 2 12 5 13 15 14 18 9 16 17 4 18 18 19 5 20 14 21 1 22 11 23 17 24 3 25 15 26 18 27 16 28 19 29 15 30 3 31 18 32 11 33 13 34 3 36 5 37 12 39 4 40 9 41 2 42 2 43 20 44 11 45 10 46 3 47 13 48 4 50 6 51 5 53 13 54 5 55 15 56 16 57 1 58 12 59 1 60 4 61 15 62 6 63 9 64 15 66 4 67 19 68 3 69 11 70 4 71 10 72 11 73 6 74 12 75 4 76 9 77 7 79 18 80 15 81 1 82 13 84 3 85 7 87 19 88 15 89 17 90 2 16 2 35 7 38 20 49 13 52 6 65 15 78 8 83 11 86 1
16 0 13 1 6 2 12 3 2 4 1 5 5 7 19 8 5 9 18 10 18 11 12 12 15 13 14 14 6 6 18 15 2 17 8 19 12 21 6 22 12 23 6 24 13 25 9 26 12 27 6 28 2 30 6 31 18 32 14 33 17 34 8 35 2 36 5 37 4 38 8 40 12 41 15 42 18 43 10 44 12 45 16 46 15 47 18 49 9 50 4 51 3 52 5 53 11 54 13 55 19 56 11 57 13 58 14 59 1 60 18 61 17 62 14 63 15 64 12 66 18 67 17 68 17 69 12 70 12 72 7 73 15 74 4 75 2 76 15 77 5 78 13 79 15 81 19 83 10 84 18 86 5 87 20 88 11 89 7 90 18 18 10 20 16 29 13 39 18 48 14 65 12 71 13 82 15 85 2
17 0 11 1 17 2 20 4 4 5 7 6 14 7 17 8 10 9 3 10 4 11 3 12 13 13 17 14 4 15 4 16 8 3 7 18 1 19 6 20 4 21 20 22 1 23 2 24 19 25 15 26 7 27 11 28 4 29 19 30 16 31 13 32 5 33 20 34 10 35 4 36 14 38 2 39 8 40 4 41 19 42 5 43 4 44 19 45 13 47 3 48 18 49 2 50 11 51 2 52 12 53 13 54 7 55 3 56 18 57 15 58 4 59 3 60 12 61 9 62 1 63 14 64 3 65 1 66 14 67 12 69 8 70 10 71 9 72 14 73 14 75 8 77 10 78 8 79 1 80 3 81 20 82 14 83 3 84 4 85 13 86 20 87 14 88 20 89 20 90 15 37 9 46 4 68 5 74 16 76 11
18 0 16 1 2 2 11 3 19 4 9 6 3 8 5 9 9 10 20 11 1 12 12 13 3 14 2 15 18 17 1 5 11 7 13 16 10 19 15 20 10 21 5 22 14 23 12 24 9 25 6 26 2 28 15 29 12 30 10 32 15 33 18 34 19 38 18 39 9 40 13 41 5 42 20 43 12 45 17 46 2 47 11 48 14 49 10 50 7 51 20 52 5 53 10 54 12 55 17 56 14 57 18 58 17 59 3 60 11 61 18 62 11 64 18 66 3 67 14 68 17 69 5 70 14 71 4 72 7 73 5 74 7 75 10 76 15 78 15 79 15 80 1 82 11 83 8 85 2 86 5 87 16 88 17 89 17 90 7 27 13 31 9 35 11 36 18 44 11 63 14 65 10 77 16 81 2 84 17
19 0 19 1 1 2 7 3 1 4 4 6 6 7 2 8 2 9 9 10 12 11 11 13 10 14 4 15 5 16 12 17 6 18 15 5 19 12 11 20 10 21 1 22 4 24 10 26 20 27 4 28 14 31 18 32 6 33 9 34 10 35 20 36 13 39 5 40 11 42 7 43 2 44 7 45 7 47 1 48 10 49 3 50 19 51 10 52 20 53 3 55 16 56 12 57 13 58 9 59 20 60 17 61 5 62 14 64 8 65 9 66 7 67 17 68 2 69 6 70 9 71 18 72 11 73 11 74 12 75 1 77 16 78 6 79 6 80 9 82 6 84 3 85 5 86 4 87 19 88 16 90 13 23 15 25 20 29 15 30 20 37 20 38 9 41 15 46 9 54 11 63 8 76 16 81 20 83 13 89 20
20 0 13 1 2 2 13 3 20 4 9 5 15 6 8 7 14 8 17 9 14 10 6 12 9 13 2 14 18 15 14 17 4 18 10 19 10 11 14 16 16 21 7 22 18 23 4 24 8 25 14 27 17 28 17 29 7 30 17 31 10 32 12 33 2 34 8 36 8 37 1 38 8 39 18 40 15 41 4 42 9 43 7 45 19 46 17 47 15 48 16 49 8 50 1 51 10 52 12 53 8 54 17 55 8 56 6 57 3 58 17 59 5 60 19 61 5 62 5 63 19 65 12 66 17 67 20 68 5 70 6 71 9 72 14 73 14 74 19 75 9 76 1 77 13 78 2 79 1 80 8 81 1 83 6 84 16 85 17 86 15 87 4 88 2 89 16 90 12 26 3 35 6 44 11 64 19 69 6 82 15
21 0 4 1 3 2 3 3 10 4 19 5 13 6 14 7 20 8 18 9 20 10 11 11 20 12 1 14 10 15 1 16 6 17 20 18 5 19 1 20 7 13 11 22 1 23 4 24 4 25 4 26 4 27 7 28 20 29 7 30 8 31 15 32 18 33 1 34 5 35 5 37 8 38 14 39 18 40 2 41 18 42 6 43 3 44 6 45 4 47 3 48 7 50 16 51 18 52 6 53 5 54 9 55 14 56 16 57 11 58 19 59 1 60 15 61 9 62 13 63 1 64 15 65 20 66 3 67 18 68 1 71 14 72 17 73 7 74 8 75 6 76 20 77 11 78 8 79 12 80 3 81 9 82 14 83 10 84 14 85 2 86 4 88 20 89 3 90 14 36 14 46 4 49 11 69 5 70 5
22 0 18 1 17 2 2 3 12 4 6 5 16 6 9 7 3 8 5 9 13 10 4 11 8 12 3 14 1 15 11 16 12 17 1 18 14 19 4 20 18 21 1 13 7 23 2 24 12 26 10 28 7 29 12 30 9 31 3 33 4 34 8 35 13 36 14 37 14 38 20 39 13 40 3 41 16 42 12 43 20 44 3 46 3 47 2 48 9 49 6 50 13 51 8 52 3 53 20 55 3 56 3 57 16 58 9 59 18 60 2 61 20 62 7 64 6 65 5 66 12 67 1 68 17 69 11 70 9 71 18 73 11 74 13 75 8 76 20 77 3 78 13 79 10 81 12 82 15 83 3 85 9 86 4 87 11 88 20 89 16 90 19 25 13 32 17 45 9 54 17 72 5 80 8 84 4
23 0 4 1 13 3 1 4 3 5 4 7 19 8 12 9 5 10 1 11 17 12 1 13 8 14 9 15 17 16 6 17 2 18 12 20 4 21 4 22 2 2 16 6 12 19 15 24 2 26 8 27 7 28 20 30 10 31 6 32 12 33 18 34 12 35 2 36 13 38 11 39 1 40 9 41 13 42 2 43 19 45 9 46 20 47 16 48 2 49 10 50 1 51 4 53 2 54 20 55 3 56 2 57 3 59 17 60 15 61 1 62 3 63 5 64 8 65 12 66 6 67 8 68 11 69 5 70 5 71 7 72 12 73 8 74 6 75 14 76 12 77 4 78 1 79 8 80 18 81 12 82 20 83 4 84 9 85 11 86 4 87 2 88 12 89 3 90 6 25 14 29 5 37 14 44 9 52 16 58 14
24 0 15 1 13 2 4 3 5 4 7 5 20 6 7 7 14 8 1 10 14 11 20 12 8 13 12 14 11 15 3 16 13 17 19 18 9 19 10 20 8 21 4 22 12 23 2 9 3 25 19 26 17 27 12 28 10 29 13 30 3 31 13 32 7 33 3 34 13 35 1 36 17 37 8 38 9 40 3 41 18 42 20 43 9 44 14 45 2 46 14 47 1 48 14 49 6 51 10 52 10 53 14 54 18 55 15 56 5 58 14 59 7 60 1 61 10 62 9 64 4 67 20 68 14 69 16 70 5 71 4 72 3 73 18 74 4 75 19 76 15 77 4 78 18 79 2 81 12 82 3 83 12 84 9 86 11 87 5 88 17 89 13 39 5 50 16 57 8 63 5 65 19 66 5 80 1 85 5 90 10
25 0 10 1 7 2 11 3 6 4 13 5 19 6 11 7 10 8 12 9 15 10 2 11 3 12 8 13 10 14 3 15 15 16 9 17 15 18 6 20 14 21 4 24 19 19 20 22 13 23 14 26 3 27 11 28 8 29 17 30 4 32 13 33 14 34 4 35 3 36 12 37 19 38 16 39 1 40 3 41 7 43 3 44 8 45 5 46 17 47 17 48 17 49 9 50 20 53 15 55 16 56 15 57 8 58 17 59 5 60 19 62 18 63 12 64 1 65 9 66 16 67 19 68 2 69 5 70 12 71 15 72 2 73 14 74 20 75 4 77 19 78 13 80 1 81 14 82 17 83 20 84 6 85 10 86 6 87 14 88 7 89 9 90 8 31 8 42 4 51 2 52 16 54 16 61 1 79 12
26 0 15 1 18 2 15 3 19 4 8 5 16 6 12 8 14 9 18 10 16 11 16 13 6 14 7 15 18 16 12 17 7 18 2 19 20 21 4 22 10 23 8 24 17 25 3 7 19 12 8 20 3 27 5 28 19 29 6 30 11 31 7 32 5 33 10 34 9 35 9 36 14 37 8 38 9 39 18 40 1 41 10 42 1 43 4 44 11 45 8 46 5 47 17 48 20 50 9 51 15 52 16 53 10 54 18 55 3 56 3 57 13 58 3 59 1 60 17 61 19 62 16 64 8 65 10 66 15 67 11 68 5 69 13 70 6 71 9 72 3 73 11 74 19 75 16 76 5 77 8 79 2 80 1 81 9 83 9 84 16 85 14 86 1 87 18 88 10 89 2 90 16 63 10 82 7
27 1 2 2 13 3 2 4 13 5 20 6 13 7 20 8 6 9 17 10 9 12 20 13 13 14 17 15 16 16 6 17 11 19 4 20 17 21 7 23 7 24 12 25 11 26 5 0 3 11 2 18 13 29 16 30 16 31 1 32 10 33 18 34 3 35 16 36 8 37 15 38 14 39 14 40 20 41 15 42 19 44 12 45 10 46 20 47 7 48 6 49 18 50 9 52 5 53 19 54 7 55 7 56 15 57 2 58 15 59 20 60 20 61 12 62 19 63 19 64 8 65 3 66 7 67 3 68 6 69 20 70 19 71 1 72 4 74 10 75 16 76 1 77 14 78 17 79 10 80 16 81 8 82 2 83 12 84 4 85 5 86 6 87 20 88 11 90 18 28 20 51 10 73 18 89 1
28 0 3 1 4 2 1 3 20 4 13 5 11 6 17 7 19 8 4 10 1 11 12 12 6 13 5 14 9 15 19 16 2 17 4 18 15 19 14 20 17 21 20 22 7 23 20 24 10 25 8 26 19 9 4 27 20 29 12 31 17 32 14 33 6 34 5 35 5 37 13 38 13 39 2 40 15 41 5 42 7 43 6 44 12 45 7 46 8 48 10 49 19 50 18 51 2 52 8 53 14 54 8 55 1 56 1 57 15 58 19 59 19 60 1 61 13 62 1 64 20 65 16 66 13 68 12 69 11 70 5 71 11 72 12 73 11 74 15 75 15 76 19 77 13 78 11 79 6 80 1 81 13 83 12 84 3 85 2 86 9 88 16 89 18 30 18 36 14 47 8 63 20 67 20 82 5 87 5 90 4
29 0 17 1 13 2 5 3 12 5 5 6 9 7 11 8 11 9 12 10 6 11 3 12 6 13 6 14 9 15 15 17 19 18 12 20 7 21 7 22 12 24 13 25 17 26 6 27 16 28 12 4 9 16 13 19 15 23 5 30 16 31 13 32 10 33 8 36 11 37 12 38 16 39 18 40 4 41 12 43 2 44 10 45 8 48 8 49 19 50 19 51 19 52 4 53 17 54 5 55 16 56 4 57 16 58 7 59 8 60 8 61 7 62 5 63 12 64 1 65 1 66 6 67 4 68 2 69 8 70 5 71 18 72 16 73 6 74 4 77 4 78 3 79 12 80 18 81 8 82 5 83 3 84 2 86 11 88 7 89 15 90 3 34 7 35 19 42 7 46 5 47 4 75 6 76 19 87 6
30 0 15 1 20 2 14 3 3 4 16 5 10 6 4 7 13 8 7 9 4 10 3 11 3 12 15 13 7 14 14 15 3 16 6 17 16 18 10 20 17 21 8 22 9 23 10 24 3 25 4 26 11 27 16 29 16 19 20 28 18 31 7 32 14 33 13 34 1 35 6 38 19 39 7 40 15 41 20 42 15 43 19 44 11 45 20 46 1 47 8 48 17 49 5 50 8 52 14 53 16 54 9 56 12 57 2 58 20 59 5 61 17 62 19 63 10 64 8 65 4 66 1 67 15 68 16 69 5 70 14 73 13 75 13 76 5 78 14 79 8 80 1 81 13 82 4 84 15 85 14 86 13 87 12 88 3 89 13 90 2 36 18 51 15 55 10 60 2 71 6 72 13 74 3 77 1
31 0 15 1 16 2 14 3 15 4 5 5 5 6 12 7 12 8 11 9 14 10 18 11 18 12 1 14 19 15 18 16 18 17 13 19 18 20 10 21 15 22 3 23 6 24 13 26 7 27 1 28 17 29 13 30 7 18 9 25 8 32 11 34 13 35 12 36 10 37 19 38 6 39 19 40 5 41 8 42 3 43 11 44 1 45 18 47 18 48 1 49 20 50 19 51 12 52 9 53 6 54 5 55 17 56 11 57 13 58 17 59 2 60 4 61 13 62 4 63 8 64 15 65 10 66 15 67 20 69 13 70 19 71 1 72 9 73 12 74 3 76 6 77 12 78 4 79 20 80 7 81 3 82 19 83 4 84 9 85 9 86 13 87 10 88 10 89 17 90 4 33 9 46 4 68 6
32 0 10 1 9 2 16 3 14 4 13 5 11 6 19 7 7 8 15 9 17 10 7 11 1 12 8 13 10 14 16 15 11 16 14 17 5 18 15 19 6 20 12 21 18 23 12 24 7 25 13 26 5 27 10 28 14 29 10 30 14 31 11 22 17 33 14 35 2 36 6 37 17 38 4 40 3 41 9 42 4 43 16 44 10 45 11 46 7 47 4 48 10 49 9 50 5 51 10 52 7 53 7 54 1 57 15 58 13 59 11 60 5 61 12 62 10 63 8 64 9 65 14 66 17 67 17 69 19 71 19 72 12 73 14 74 2 75 4 76 12 77 19 78 19 80 8 81 17 82 15 83 11 84 18 85 13 86 14 87 6 88 7 89 6 90 18 34 8 39 3 55 13 56 8 68 14 70 15 79 14
33 0 20 1 20 2 2 3 20 5 20 6 20 7 4 8 16 9 20 10 9 11 8 12 20 13 16 14 1 15 13 16 17 17 20 18 18 19 9 20 2 21 1 22 4 23 18 24 3 25 14 26 10 27 18 28 6 29 8 30 13 32 14 4 6 31 9 34 10 36 3 37 11 38 7 39 14 40 7 41 4 42 5 43 12 44 6 46 20 47 20 48 7 49 7 50 17 51 19 52 18 53 20 54 15 55 12 56 5 58 13 59 6 60 8 61 6 62 14 63 3 64 16 65 7 67 3 68 6 69 17 70 15 71 5 72 11 73 20 74 6 75 19 76 1 77 6 78 19 79 6 80 6 81 8 82 7 83 20 84 18 85 19 86 17 87 10 88 19 89 18 90 6 35 15 45 17 57 18 66 4
34 0 10 1 13 2 13 3 9 5 19 6 1 7 15 8 19 10 10 11 11 12 2 13 20 15 3 16 8 17 10 18 19 19 10 20 8 21 5 22 8 23 12 24 13 25 4 26 9 27 3 28 5 30 1 31 13 33 10 4 17 29 7 32 8 35 10 36 2 37 14 38 8 39 16 40 2 43 15 44 16 45 17 46 9 47 9 48 9 49 15 50 8 51 19 52 5 53 5 55 3 56 2 57 15 58 6 59 9 60 3 61 16 62 13 63 20 64 17 65 6 66 9 67 14 68 9 69 12 70 10 71 19 72 12 73 5 74 13 75 15 76 11 77 11 78 9 79 9 80 11 81 4 82 11 83 9 84 19 86 16 87 8 88 17 89 14 90 15 41 20 42 1 85 6
35 0 15 1 6 2 8 3 1 4 18 5 1 6 10 7 3 8 4 9 10 10 5 11 3 12 8 13 6 14 7 16 2 17 4 19 20 21 5 22 13 23 2 24 1 25 3 26 9 27 16 28 5 30 6 31 12 32 2 34 10 15 7 18 11 20 6 29 19 33 15 36 2 37 7 38 1 39 7 40 8 41 19 42 19 44 4 45 8 46 5 48 8 49 11 50 8 51 1 52 18 53 2 54 13 55 4 56 8 57 19 58 18 59 15 60 7 61 7 62 18 64 6 65 20 67 5 69 12 70 9 71 3 72 12 73 18 75 15 76 1 77 3 78 9 79 7 81 10 82 20 83 6 84 20 85 1 86 10 87 14 88 1 89 15 90 16 43 13 47 1 63 6 66 5 68 5 74 8 80 15
36 0 3 1 20 3 16 4 9 5 19 6 16 8 9 9 17 10 3 11 9 12 16 13 4 14 19 15 5 16 5 17 14 19 13 20 8 22 14 23 13 24 17 25 12 26 14 27 8 29 11 31 10 32 6 33 3 34 2 35 2 2 1 7 19 18 18 21 14 28 14 30 18 37 18 38 10 39 2 40 5 41 1 42 19 43 12 44 17 45 10 46 6 47 3 48 4 50 1 51 3 52 20 53 3 54 20 55 8 56 2 57 9 59 2 60 10 62 4 63 8 64 5 65 5 66 12 67 2 68 6 69 8 70 3 71 19 72 18 74 1 75 20 76 10 77 7 78 10 80 19 81 1 82 7 83 1 84 1 85 2 86 4 87 8 88 16 89 13 90 18 49 19 58 15 61 17 79 8
37 0 9 1 8 3 20 5 19 7 14 8 19 9 3 10 5 11 20 12 12 13 12 15 12 16 4 20 1 21 8 22 14 24 8 25 19 26 8 27 15 28 13 29 12 31 19 32 17 33 11 34 14 35 7 36 18 2 8 6 9 14 2 17 9 19 20 23 14 38 20 39 15 40 18 41 17 42 4 43 13 44 15 45 19 46 14 47 1 48 9 49 18 50 5 51 17 52 20 53 11 54 17 55 14 56 5 57 15 59 13 60 3 61 10 62 4 63 18 64 8 65 2 66 19 67 11 68 12 69 2 71 18 73 9 74 7 75 2 77 13 78 7 79 11 80 14 81 13 82 6 83 5 84 1 85 17 86 12 87 2 90 10 58 2 70 15 72 12 76 5 88 16 89 14
38 0 12 1 8 2 15 3 20 4 2 5 9 6 5 7 15 10 18 11 3 12 18 13 9 16 8 17 2 18 18 20 8 21 14 22 20 23 11 24 9 25 16 26 9 27 14 28 13 29 16 30 19 31 6 32 4 33 7 34 8 35 1 36 10 37 20 8 8 9 8 14 20 15 20 19 9 39 19 40 9 41 11 42 19 43 15 44 4 45 12 46 16 47 1 48 11 49 8 50 2 52 5 54 19 56 9 58 14 59 7 60 18 61 4 62 3 63 14 64 8 65 17 66 13 67 3 68 10 69 19 71 12 72 2 73 11 74 16 75 16 76 6 78 19 79 7 80 19 81 14 82 18 83 4 84 13 86 15 87 8 88 2 89 5 90 7 51 8 53 20 55 11 57 16 70 16 85 2
39 0 4 1 5 2 8 3 20 5 7 6 7 7 20 8 10 9 13 10 17 11 15 12 16 13 14 14 16 15 4 17 8 18 9 19 5 20 18 21 18 22 13 23 1 25 1 26 18 27 14 28 2 29 18 30 7 31 19 33 14 34 16 35 7 36 2 37 15 38 19 4 1 16 18 24 5 32 3 40 20 41 20 42 11 43 17 44 9 45 11 46 14 47 8 48 16 49 12 50 19 51 13 52 8 53 2 56 3 57 6 58 12 59 4 60 8 61 18 62 8 63 3 64 15 65 2 66 7 68 14 69 2 70 16 72 1 73 13 74 20 75 18 76 14 77 12 78 17 79 7 81 20 82 5 83 7 84 1 85 7 86 19 87 1 88 6 89 11 90 15 54 15 55 10 67 11 71 11 80 20
40 0 5 1 10 2 1 3 12 4 10 6 12 7 20 9 18 10 16 11 5 12 1 13 8 15 9 16 12 17 4 18 13 19 11 20 15 21 2 22 3 23 9 24 3 25 3 26 1 27 20 28 15 29 4 30 15 31 5 32 3 33 7 34 2 35 8 36 5 37 18 38 9 39 20 5 10 8 3 14 19 41 19 42 12 43 18 44 17 46 2 48 18 49 20 50 5 52 10 53 4 54 2 56 9 57 3 58 20 59 2 60 18 61 11 62 3 63 5 64 16 65 19 66 11 67 20 68 6 69 7 70 7 71 5 72 19 73 12 74 10 75 11 76 4 77 12 78 20 79 17 80 20 81 3 82 11 83 16 84 19 86 20 87 3 88 12 45 10 51 3 55 14 85 4 89 9
41 0 18 1 2 2 7 3 3 4 8 5 17 6 13 8 18 9 19 10 11 12 7 13 11 15 2 16 15 17 19 18 5 20 4 21 18 22 16 23 13 24 18 25 7 26 10 27 15 28 5 29 12 30 20 31 8 32 9 33 4 35 19 36 1 37 17 38 11 39 20 40 19 11 2 14 11 19 15 34 20 42 8 43 9 44 8 46 19 47 3 48 4 49 6 50 3 51 16 52 13 54 20 55 18 56 8 57 10 58 13 59 9 60 20 62 2 63 15 64 1 66 13 67 8 68 6 69 9 70 3 72 16 73 13 74 20 75 3 77 3 78 19 79 5 80 20 81 7 82 6 83 16 84 16 85 6 87 6 88 20 89 2 90 13 45 20 53 13 61 3 65 6 71 7 76 17
42 0 16 1 2 2 6 3 19 4 20 5 5 7 12 8 14 9 18 10 20 11 16 12 16 13 7 14 14 15 2 16 18 17 5 18 20 19 7 20 9 21 6 22 12 23 2 24 20 26 1 27 19 28 7 30 15 31 3 32 4 33 5 35 19 36 19 37 4 38 19 39 11 40 12 41 8 6 20 25 4 29 7 34 1 43 7 45 6 46 6 47 1 48 12 49 3 51 3 52 14 53 2 54 17 55 4 56 12 57 1 58 19 59 10 60 6 61 16 62 15 64 15 65 19 66 14 67 6 68 19 69 13 70 6 71 4 72 15 73 13 74 8 75 17 76 5 77 15 78 7 79 2 80 16 81 20 82 1 83 18 84 12 85 20 86 10 89 2 90 13 44 11 50 18 63 9 87 14 88 14
43 0 13 1 8 2 20 3 2 4 14 5 15 6 15 7 15 8 8 9 17 10 7 11 6 12 4 13 11 14 15 15 20 16 10 17 4 18 12 19 2 20 7 21 3 22 20 23 19 24 9 25 3 26 4 28 6 29 2 30 19 31 11 32 16 33 12 34 15 36 12 37 13 38 15 39 17 40 18 41 9 42 7 35 13 44 3 45 6 46 15 47 10 48 4 49 14 50 7 51 6 52 7 53 16 54 8 55 10 56 20 58 15 59 20 61 14 63 4 65 8 66 16 67 9 68 16 69 9 71 17 72 2 73 14 74 1 75 10 76 4 77 17 78 20 79 14 80 4 81 1 82 13 83 12 84 10 85 20 86 20 87 17 88 5 90 13 57 20 60 1 62 1 70 13 89 9
44 0 10 1 20 2 5 3 17 4 3 5 12 6 17 8 11 9 15 10 9 11 16 13 7 14 3 15 11 16 12 17 19 19 7 21 6 22 3 24 14 25 8 26 11 27 12 28 12 29 10 30 11 31 1 32 10 33 6 34 16 35 4 36 17 37 15 38 4 39 9 40 17 41 8 43 3 7 15 12 19 18 11 20 11 23 9 42 11 45 4 46 16 47 11 48 3 51 1 52 16 54 12 55 13 56 1 57 18 58 7 59 12 60 5 61 10 62 20 63 16 64 6 65 6 66 15 67 10 68 14 69 5 70 5 71 4 72 12 73 19 75 2 76 13 77 2 79 20 80 14 81 4 82 10 85 13 86 5 87 3 88 15 89 1 90 20 49 15 53 6 74 2 78 18 83 16 84 15
45 0 10 1 1 2 12 3 6 4 4 5 5 6 16 7 5 8 4 9 14 10 16 12 14 13 18 14 15 15 10 16 16 17 13 18 17 19 7 20 19 21 4 23 9 24 2 25 5 26 8 27 10 28 7 29 8 30 20 31 18 32 11 34 17 35 8 36 10 37 19 38 12 39 11 42 6 43 6 44 4 22 9 33 17 40 10 41 20 46 1 47 2 48 16 50 20 52 15 53 5 54 14 55 15 56 8 58 20 60 6 61 4 62 12 63 19 64 19 65 11 66 16 67 6 68 10 69 19 71 5 72 4 73 15 74 5 75 16 76 7 77 5 78 8 79 7 80 18 82 2 83 9 84 6 85 4 86 2 87 9 88 14 90 18 49 15 51 17 57 9 59 13 70 13 81 2
46 1 11 2 18 3 4 4 5 5 11 6 8 7 2 8 10 10 14 11 20 12 14 13 5 14 18 15 3 16 15 18 2 20 17 22 3 23 20 24 14 25 17 26 5 27 20 28 8 30 1 32 7 33 20 34 9 35 5 36 6 37 14 38 16 39 14 40 2 41 19 42 6 43 15 44 16 45 1 0 15 9 4 17 4 19 9 21 4 29 5 31 4 47 12 48 4 49 1 50 13 51 4 52 18 54 15 55 10 56 15 57 4 58 10 59 11 60 5 61 12 62 9 63 11 65 4 66 5 67 17 68 14 69 9 70 7 71 13 73 4 74 14 75 12 76 6 77 10 79 13 80 10 81 17 83 17 84 7 85 9 86 8 87 19 88 1 89 17 90 12 64 12 78 5 82 18
47 0 16 1 3 2 18 3 10 4 14 5 3 6 20 7 5 8 13 9 17 10 18 11 18 12 15 13 9 14 20 15 13 16 18 17 3 18 11 19 1 20 15 21 3 22 2 23 16 24 1 25 17 26 17 27 7 30 8 31 18 32 4 33 20 34 9 36 3 37 1 38 1 39 8 41 3 42 1 43 10 44 11 45 2 46 12 28 8 29 4 35 1 48 10 49 15 50 1 51 20 52 5 53 11 54 6 55 7 56 12 57 10 58 20 59 18 60 16 61 2 62 3 65 7 66 4 67 2 68 20 69 14 70 9 71 12 72 5 73 16 74 20 75 5 76 4 77 5 78 5 79 6 80 2 82 2 83 14 84 11 85 15 86 15 87 12 88 13 89 11 90 15 63 7 64 6 81 11
48 0 6 2 6 3 11 4 4 5 19 6 6 7 1 8 17 9 17 10 20 11 6 13 11 14 19 15 4 17 18 18 14 19 10 20 16 21 7 22 9 23 2 24 14 25 17 26 20 27 6 28 10 29 8 30 17 31 1 32 10 33 7 34 9 35 8 36 4 37 9 38 11 39 16 40 18 41 4 42 12 43 4 44 3 45 16 46 4 47 10 1 2 12 14 16 14 49 15 50 5 52 7 53 15 54 12 55 14 57 13 58 3 59 6 60 16 61 3 62 11 63 10 64 3 65 18 67 8 68 15 69 17 70 19 71 19 72 6 73 8 74 3 75 8 76 14 77 11 78 9 79 20 80 7 81 3 82 8 83 13 84 15 85 12 86 15 89 2 90 6 56 11 66 6 87 19 88 16
49 0 17 1 20 2 18 3 1 4 9 5 15 6 14 7 1 8 18 9 6 10 11 12 20 13 12 14 14 16 9 17 2 18 10 19 3 20 8 22 6 23 10 24 6 25 9 27 18 28 19 29 19 30 5 31 20 32 9 33 7 34 15 35 11 37 18 38 8 39 12 40 20 41 6 42 3 43 14 46 1 47 15 48 15 11 10 15 13 21 11 36 19 44 15 45 15 51 10 52 20 53 10 54 17 55 7 56 20 57 18 58 13 59 1 60 1 61 2 62 16 63 14 64 1 65 16 67 8 68 2 69 13 70 4 71 20 72 1 73 16 74 2 75 7 76 8 77 8 78 13 79 14 80 13 81 9 83 8 84 18 85 4 86 14 87 12 88 3 89 14 90 10 50 18 66 5 82 14
50 0 20 1 14 2 19 3 1 4 11 5 5 6 16 7 10 8 12 9 5 10 3 11 12 13 5 14 6 15 6 16 4 17 11 18 7 19 19 20 1 21 16 22 13 23 1 25 20 26 9 27 9 28 18 29 19 30 8 31 19 32 5 33 17 34 8 35 8 36 1 37 5 38 2 39 19 40 5 41 3 43 7 45 20 46 13 47 1 48 5 12 4 24 16 42 18 49 18 51 11 52 18 53 5 54 12 55 10 56 5 57 10 58 2 59 17 60 15 61 19 63 19 65 8 66 17 67 10 68 14 69 17 70 2 71 10 72 1 73 12 74 10 75 8 76 7 77 16 79 13 80 12 81 8 82 13 83 18 86 20 87 7 88 4 89 1 90 17 62 17 64 5 78 5 84 6 85 10
51 0 12 1 15 3 11 5 15 6 19 7 3 8 16 9 12 10 12 12 19 13 16 15 5 16 3 17 2 18 20 19 10 20 10 21 18 22 8 23 4 24 10 26 15 28 2 29 19 31 12 32 10 33 19 34 19 35 1 36 3 37 17 39 13 41 16 42 3 43 6 44 1 46 4 47 20 49 10 50 11 2 7 4 1 14 17 25 2 27 10 30 15 38 8 40 3 45 17 52 10 53 20 54 8 55 3 57 2 58 2 59 16 60 19 61 14 62 8 63 9 64 20 66 17 68 10 69 6 70 3 71 2 72 1 74 9 75 3 76 17 77 12 78 15 79 7 80 4 81 15 82 3 83 9 84 1 85 9 86 14 87 4 88 1 89 1 90 14 56 7 65 5 67 20 73 3
52 0 3 1 11 2 10 3 2 5 17 6 14 8 8 9 7 11 18 12 17 13 11 14 15 16 5 17 12 18 5 19 20 20 12 21 6 22 3 24 10 26 16 27 5 28 8 29 4 30 14 31 9 32 7 33 18 34 5 35 18 36 20 37 20 38 5 39 8 40 10 41 13 42 14 43 7 44 16 45 15 46 18 47 5 48 7 49 20 50 18 51 10 4 6 7 7 10 9 15 6 23 16 25 16 53 6 54 4 56 16 57 17 58 4 59 4 60 17 61 20 63 14 65 8 66 6 67 3 68 17 69 15 70 18 71 18 72 1 73 11 74 14 75 11 76 4 77 7 80 2 81 17 82 4 85 2 87 7 88 3 89 18 90 9 55 10 62 17 64 2 78 7 83 5 84 2
53 0 16 1 8 2 20 3 16 4 3 5 7 6 19 7 12 8 10 9 6 10 7 11 5 12 19 13 8 14 14 15 13 16 11 17 13 18 10 19 3 20 8 21 5 22 20 23 2 24 14 25 15 26 10 27 19 28 14 29 17 30 16 31 6 32 7 33 20 34 5 35 2 36 3 37 11 39 2 40 4 42 2 43 16 45 5 47 11 48 15 49 10 50 5 51 20 52 6 38 20 41 13 44 6 54 4 55 13 56 18 57 16 59 20 60 4 61 9 62 14 63 15 64 7 65 9 66 2 67 4 68 17 69 13 70 18 71 2 72 9 73 7 74 4 75 4 76 10 77 4 78 12 79 16 80 12 81 2 82 9 83 7 84 8 85 18 86 6 87 1 88 16 89 3 58 3 90 3
54 0 18 1 6 2 19 3 1 4 5 5 12 6 12 8 17 9 13 10 5 11 15 13 14 14 2 15 5 16 13 17 7 18 12 20 17 21 9 23 20 24 18 26 18 27 7 28 8 29 5 30 9 31 5 32 1 33 15 35 13 36 20 37 17 38 19 40 2 41 20 42 17 43 8 44 12 45 14 46 15 47 6 48 12 49 17 50 12 51 8 52 4 53 4 7 12 12 17 19 11 22 17 25 16 39 15 55 16 56 4 57 1 58 2 59 4 60 8 61 4 62 10 63 5 64 3 65 2 66 6 67 18 68 18 69 18 70 16 71 17 72 3 73 2 74 15 75 10 76 7 77 14 78 9 79 19 80 6 81 3 82 1 84 20 85 4 86 4 87 7 88 10 89 11 90 20 83 18
55 1 13 2 9 3 5 4 11 5 2 6 4 7 15 9 2 10 7 11 18 12 17 13 10 14 17 15 15 16 19 17 3 18 17 19 16 20 8 21 14 22 3 23 3 24 15 25 16 26 3 27 7 28 1 29 16 31 17 33 12 34 3 35 4 36 8 37 14 41 18 42 4 43 10 44 13 45 15 46 10 47 7 48 14 49 7 50 10 51 3 53 13 54 16 0 19 8 1 30 10 32 13 38 11 39 10 40 14 52 10 56 20 58 20 59 8 60 5 61 18 62 2 64 16 65 17 66 5 67 12 68 6 69 5 70 12 71 8 72 19 73 7 74 13 75 9 76 11 79 18 80 12 81 7 83 20 84 2 85 11 86 20 87 9 88 7 89 17 90 13 63 10 77 4 78 9 82 16
56 0 18 1 20 3 3 4 10 5 1 6 10 7 8 8 20 9 15 10 3 11 5 12 8 13 16 14 19 15 16 16 11 17 18 18 14 19 12 20 6 21 16 22 3 23 2 24 5 25 15 26 3 27 15 28 1 29 4 30 12 31 11 33 5 34 2 35 8 36 2 37 5 38 9 39 3 40 9 41 8 42 12 43 20 44 1 45 8 46 15 47 12 49 20 50 5 52 16 53 18 54 4 55 20 2 14 32 8 48 11 51 7 57 5 58 15 59 14 60 2 61 11 62 17 63 4 64 9 66 16 69 16 70 10 71 15 72 8 73 9 74 12 75 2 76 9 77 1 78 2 79 11 80 14 81 5 82 9 83 18 84 20 85 3 86 9 87 17 88 3 89 13 90 15 65 18 67 12 68 1
57 0 16 1 8 3 9 4 18 5 10 6 11 7 7 8 13 9 10 10 12 11 13 12 7 13 14 14 16 15 1 16 13 17 15 18 18 19 13 20 3 21 11 22 16 23 3 25 8 26 13 27 2 28 15 29 16 30 2 31 13 32 15 34 15 35 19 36 9 37 15 39 6 40 3 41 10 42 1 44 18 46 4 47 10 48 13 49 18 50 10 51 2 52 17 53 16 54 1 56 5 2 4 24 8 33 18 38 16 43 20 45 9 58 13 60 12 61 7 62 6 63 11 64 17 65 2 66 12 67 17 69 16 70 17 71 16 72 7 73 6 74 18 75 6 76 13 77 18 78 2 79 12 80 3 81 20 82 17 83 5 84 12 85 9 86 11 87 8 88 12 89 4 90 3 59 6 68 10
58 0 5 1 13 2 1 3 15 4 2 6 20 7 17 8 13 9 17 10 17 11 12 12 11 13 16 14 13 15 12 16 14 17 4 18 17 19 9 20 17 21 19 22 9 24 14 25 17 26 3 27 15 28 19 29 7 30 20 31 17 32 13 33 13 34 6 35 18 38 14 39 12 40 20 41 13 42 19 43 15 44 7 45 20 46 10 47 20 48 3 49 13 50 2 51 2 52 4 54 2 55 20 56 15 57 13 23 14 36 15 37 2 53 3 59 13 60 20 61 18 62 2 63 17 64 17 65 8 67 9 69 20 71 15 72 3 73 19 74 7 75 17 76 14 77 16 78 6 80 9 81 6 82 5 83 12 84 18 86 9 87 6 89 5 90 8 66 12 68 10 70 2 79 15 85 20 88 18
59 0 14 1 15 2 20 3 7 4 8 5 7 7 6 8 1 9 16 10 13 11 3 12 13 13 9 15 1 16 1 17 3 18 3 19 20 20 5 21 1 22 18 23 17 24 7 25 5 26 1 27 20 28 19 29 8 30 5 31 2 32 11 33 6 34 9 35 15 36 2 37 13 38 7 39 4 40 2 41 9 42 10 43 20 44 12 46 11 47 18 48 6 49 1 50 17 51 16 52 4 53 20 54 4 55 8 56 14 58 13 6 8 14 3 45 13 57 6 60 11 61 13 62 4 63 5 64 13 65 15 66 5 67 4 68 2 70 10 71 4 72 3 73 9 74 17 75 4 77 11 78 12 79 9 80 16 81 5 82 4 83 16 84 18 86 18 87 8 88 7 89 7 90 19 69 19 76 10 85 11
60 0 7 1 2 2 15 3 12 4 8 6 5 7 13 8 4 9 2 10 1 11 18 12 7 13 5 14 8 15 4 16 18 17 12 18 11 19 17 20 19 21 15 22 2 23 15 24 1 25 19 26 17 27 20 28 1 29 8 31 4 32 5 33 8 34 3 35 7 36 10 37 3 38 18 39 8 40 18 41 20 42 6 44 5 45 6 46 5 47 16 48 16 49 1 50 15 51 19 52 17 53 4 54 8 55 5 56 2 57 12 58 20 59 11 5 20 30 2 43 1 61 16 62 11 63 5 64 5 65 11 66 9 67 9 68 20 69 1 71 5 72 2 73 5 74 4 75 11 77 20 78 1 79 7 80 19 81 15 83 7 84 4 85 15 86 14 87 20 88 20 89 8 90 20 70 8 76 8 82 12
61 2 6 3 19 4 5 5 17 6 19 7 6 8 16 9 14 10 11 11 12 12 15 14 5 15 15 16 17 17 9 18 18 19 5 20 5 21 9 22 20 23 1 24 10 26 19 27 12 28 13 29 7 30 17 31 13 32 12 33 6 34 16 35 7 37 10 38 4 39 18 40 11 42 16 43 14 44 10 45 4 46 12 47 2 48 3 49 2 50 19 51 14 52 20 53 9 54 4 55 18 56 11 57 7 58 18 59 13 60 16 0 16 1 10 13 6 25 1 36 17 41 3 62 11 63 9 64 14 65 17 66 14 67 18 68 13 69 14 70 9 71 12 72 4 73 19 74 9 75 19 76 13 77 13 78 7 79 17 80 5 81 8 82 5 83 6 84 19 85 10 86 3 87 5 88 4 89 20 90 13
62 0 19 2 3 3 17 4 2 5 11 6 9 7 4 8 7 9 4 10 2 11 11 12 7 13 15 14 6 15 6 16 14 17 1 18 11 19 14 20 5 21 13 22 7 23 3 24 9 25 18 26 16 27 19 28 1 29 5 30 19 31 4 32 10 33 14 34 13 35 18 36 4 37 4 38 3 39 8 40 3 41 2 42 15 44 20 45 12 46 9 47 3 48 11 49 16 51 8 53 14 54 10 55 2 56 17 57 6 58 2 59 4 60 11 61 11 1 16 43 1 50 17 52 17 63 13 64 16 65 4 66 1 67 7 68 12 69 9 70 4 71 4 72 20 73 19 74 11 75 18 76 19 77 20 78 17 79 1 80 3 81 12 82 1 84 16 85 15 86 12 87 11 88 18 89 11 90 20 83 8
63 0 7 1 20 2 2 3 13 4 3 5 8 6 9 7 16 8 2 9 14 11 16 12 15 13 3 14 4 15 9 16 15 17 14 20 19 21 1 23 5 25 12 27 19 29 12 30 10 31 8 32 8 33 3 34 20 36 8 37 18 38 14 39 3 40 5 41 15 43 4 44 16 45 19 46 11 48 10 49 14 50 19 51 9 52 14 53 15 54 5 56 4 57 11 58 17 59 5 60 5 61 9 62 13 10 19 18 14 19 8 24 5 26 10 28 20 35 6 42 9 47 7 55 10 64 16 65 12 66 14 67 5 70 6 71 10 72 11 73 2 74 13 75 1 76 2 77 8 78 7 79 7 80 16 81 9 82 18 83 9 84 12 85 10 86 11 87 20 88 8 90 1 68 8 69 1 89 16
64 0 9 2 16 3 5 4 4 5 11 6 1 7 12 8 8 9 1 10 6 11 8 12 12 13 15 14 2 15 15 16 12 17 3 18 18 19 8 21 15 22 6 23 8 24 4 25 1 26 8 27 8 28 20 29 1 30 8 31 15 32 9 33 16 34 17 35 6 36 5 37 8 38 8 39 15 40 16 41 1 42 15 44 6 45 19 48 3 49 1 51 20 53 7 54 3 55 16 56 9 57 17 58 17 59 13 60 5 61 14 62 16 63 16 1 1 20 19 46 12 47 6 50 5 52 2 65 9 66 20 67 15 68 11 69 13 70 1 71 11 72 5 73 5 74 7 75 16 76 2 77 11 78 13 79 15 80 15 81 7 82 18 85 20 86 12 87 9 88 8 89 14 90 7 83 5 84 1
65 0 18 1 16 2 4 3 7 5 15 6 20 7 7 8 6 9 15 10 1 12 17 13 11 14 18 17 1 19 9 20 12 21 20 22 5 23 12 25 9 26 10 27 3 28 16 29 1 30 4 31 10 32 14 33 7 34 6 35 20 36 5 37 2 38 17 39 2 40 19 42 19 43 8 44 6 45 11 46 4 47 7 48 18 49 16 50 8 52 8 53 9 54 2 55 17 57 2 58 8 59 15 60 11 61 17 62 4 63 12 64 9 4 7 11 19 15 15 16 12 18 10 24 19 41 6 51 5 56 18 66 4 67 6 68 16 69 14 70 17 71 1 72 4 73 17 74 11 75 2 76 1 77 2 78 6 79 10 80 15 81 17 82 2 83 1 84 11 85 19 86 6 87 2 88 7 89 8 90 7
66 0 15 1 12 2 3 4 7 5 17 6 5 7 8 8 10 10 15 11 1 12 13 13 6 14 7 15 4 16 18 17 14 18 3 19 7 20 17 21 3 22 12 23 6 25 16 26 15 27 7 28 13 29 6 30 1 31 15 32 17 34 9 36 12 37 19 38 13 39 7 40 11 41 13 42 14 43 16 44 15 45 16 46 5 47 4 50 17 51 17 52 6 53 2 54 6 55 5 56 16 57 12 59 5 60 9 61 14 62 1 63 14 64 20 65 4 3 9 9 19 24 5 33 4 35 5 48 6 49 5 58 12 67 14 68 7 70 18 71 13 72 14 73 17 74 17 75 16 76 12 77 5 78 9 79 14 80 18 81 4 82 18 83 4 84 1 85 13 86 3 88 13 89 19 90 2 69 2 87 9
67 0 13 2 20 3 7 4 3 5 2 6 8 7 8 8 1 9 14 10 12 11 16 13 16 15 19 16 17 17 12 18 14 19 17 20 20 21 18 22 1 23 8 24 20 25 19 26 11 27 3 29 4 30 15 31 20 32 17 33 3 34 14 35 5 36 2 37 11 38 3 40 20 41 8 42 6 43 9 44 10 45 6 46 17 47 2 48 8 49 8 50 10 52 3 53 4 54 18 55 12 57 17 58 9 59 4 60 9 61 18 62 7 63 5 64 15 65 6 66 14 1 9 12 6 14 2 28 20 39 11 51 20 56 12 69 1 70 14 71 8 72 7 73 6 74 20 75 14 76 8 77 11 78 5 79 20 81 18 82 12 85 9 86 11 88 19 90 5 68 6 80 11 83 11 84 5 87 9 89 7
68 0 15 2 3 3 7 4 8 5 14 6 4 7 5 8 7 9 8 10 5 11 2 12 7 13 19 14 17 15 3 16 17 18 17 19 2 20 5 21 1 22 17 23 11 24 14 25 2 26 5 27 6 28 12 29 2 30 16 33 6 34 9 36 6 37 12 38 10 39 14 40 6 41 6 42 19 43 16 44 14 45 10 46 14 47 20 48 15 49 2 50 14 51 10 52 17 53 17 54 18 55 6 59 2 60 20 61 13 62 12 64 11 65 16 66 7 1 6 17 5 31 6 32 14 35 5 56 1 57 10 58 10 63 8 67 6 69 18 70 18 71 4 73 1 75 5 76 12 77 3 78 20 79 3 80 6 81 9 82 14 83 18 84 16 85 4 86 16 87 6 88 20 89 3 90 19 72 9 74 18
69 0 17 1 13 2 11 5 15 6 12 7 18 8 9 9 2 10 16 11 12 12 13 13 7 15 11 16 12 17 8 18 5 19 6 22 11 23 5 24 16 25 5 26 13 27 20 28 11 29 8 30 5 31 13 32 19 33 17 34 12 35 12 36 8 37 2 38 19 39 2 40 7 41 9 42 13 43 9 44 5 45 19 46 9 47 14 48 17 49 13 50 17 51 6 52 15 53 13 54 18 55 5 56 16 57 16 58 20 60 1 61 14 62 9 64 13 65 14 67 1 68 18 3 12 4 7 14 19 20 6 21 5 59 19 63 1 66 2 71 17 72 15 73 2 74 1 76 15 78 12 79 12 80 12 81 9 82 3 83 15 85 4 86 3 87 8 88 19 89 20 90 16 70 1 75 14 77 5 84 7
70 0 18 1 13 2 2 3 19 4 4 5 3 6 6 8 3 9 11 10 3 11 3 12 9 13 19 14 12 15 4 16 12 17 10 18 14 19 9 20 6 22 9 23 5 24 5 25 12 26 6 27 19 28 5 29 5 30 14 31 19 33 15 34 10 35 9 36 3 39 16 40 7 41 3 42 6 44 5 46 7 47 9 48 19 49 4 50 2 51 3 52 18 53 18 54 16 55 12 56 10 57 17 59 10 61 9 62 4 63 6 64 1 65 17 66 18 67 14 68 18 7 3 21 5 32 15 37 15 38 16 43 13 45 13 58 2 60 8 69 1 71 1 72 16 73 1 74 19 75 4 76 2 77 15 79 12 80 12 82 4 83 4 84 6 85 16 86 15 87 8 88 13 89 8 78 15 81 11 90 16
71 0 7 1 2 3 7 4 15 5 3 6 8 7 8 8 16 9 20 10 8 11 5 13 17 14 4 15 10 17 9 18 4 19 18 20 9 21 14 22 18 23 7 24 4 25 15 26 9 27 1 28 11 29 18 31 1 32 19 33 5 34 19 35 3 36 19 37 18 38 12 40 5 42 4 43 17 44 4 45 5 46 13 47 12 48 19 49 20 50 10 51 2 52 18 53 2 54 17 55 8 56 15 57 16 58 15 59 4 60 5 61 12 62 4 63 10 64 11 65 1 66 13 67 8 68 4 69 17 70 1 2 19 12 4 16 13 30 6 39 11 41 7 72 9 73 6 74 20 75 1 76 10 77 2 78 1 79 10 80 17 81 2 82 11 83 1 84 11 86 6 87 9 88 2 89 19 90 10 85 20
72 0 9 1 4 2 14 3 3 5 17 6 7 8 20 9 13 10 19 11 15 12 15 13 12 14 14 15 11 16 7 17 14 18 7 19 11 20 14 21 17 23 12 24 3 25 2 26 3 27 4 28 12 29 16 31 9 32 12 33 11 34 12 35 12 36 18 38 2 39 1 40 19 41 16 42 15 43 2 44 12 45 4 47 5 48 6 49 1 50 1 51 1 52 1 53 9 54 3 55 19 56 8 57 7 58 3 59 3 60 2 61 4 62 20 63 11 64 5 65 4 66 14 67 7 69 15 70 16 71 9 4 13 7 8 22 5 30 13 37 12 68 9 73 20 74 13 75 15 76 16 77 1 78 8 79 11 80 7 81 13 82 6 83 8 84 8 85 3 86 8 87 15 88 8 89 8 90 2
73 0 13 1 4 2 20 3 8 4 8 5 17 6 5 7 17 9 10 11 10 13 17 15 6 16 15 17 14 18 5 19 11 20 14 21 7 22 11 23 8 24 18 25 14 26 11 28 11 29 6 30 13 31 12 32 14 33 20 34 5 35 18 37 9 38 11 39 13 40 12 41 13 42 13 43 14 44 19 45 15 46 4 47 16 48 8 49 16 50 12 52 11 53 7 54 2 55 7 56 9 57 6 58 19 59 9 60 5 61 19 62 19 63 2 64 5 65 17 66 17 67 6 68 1 69 2 70 1 71 6 72 20 8 8 10 3 12 1 27 18 51 3 74 14 75 6 76 7 77 1 78 9 79 17 80 3 81 4 82 18 83 13 84 1 85 17 86 13 87 9 88 17 89 2 90 5
74 0 9 2 7 3 19 4 14 5 1 6 15 7 9 9 13 11 3 12 19 13 12 14 12 15 12 16 4 18 7 19 12 20 19 21 8 22 13 23 6 24 4 25 20 26 19 27 10 28 15 29 4 31 3 32 2 33 6 34 13 36 1 37 7 38 16 39 20 40 10 41 20 42 8 43 1 45 5 46 14 47 20 48 3 49 2 50 10 51 9 52 14 53 4 54 15 55 13 56 12 57 18 58 7 59 17 60 4 61 9 62 11 63 13 64 7 65 11 66 17 67 20 69 1 70 19 71 20 72 13 73 14 1 15 8 18 10 4 17 16 30 3 35 8 44 2 68 18 75 13 76 5 77 8 78 9 79 9 81 1 82 1 84 20 85 4 86 4 89 7 80 15 83 7 87 1
75 0 7 1 10 2 14 3 12 5 20 6 3 7 14 8 1 9 8 10 18 11 15 12 19 13 9 14 7 15 4 16 2 17 8 18 10 19 1 20 9 21 6 22 8 23 14 24 19 25 4 26 16 27 16 28 15 30 13 32 4 33 19 34 15 35 15 36 20 37 2 38 16 39 18 40 11 41 3 42 17 43 10 44 2 45 16 46 12 47 5 48 8 49 7 50 8 51 3 52 11 53 4 54 10 55 9 56 2 57 6 58 17 59 4 60 11 61 19 62 18 63 1 64 16 65 2 66 16 67 14 68 5 70 4 71 1 72 15 73 6 74 13 4 15 29 6 69 14 77 2 78 14 79 1 80 18 81 11 82 6 83 7 84 9 85 14 86 14 87 3 88 13 89 11 90 8 76 12
76 1 2 2 13 3 20 4 20 5 18 6 13 7 3 8 7 9 20 10 8 11 2 12 11 13 10 14 14 15 9 16 15 18 15 20 1 21 20 22 20 23 12 24 15 26 5 27 1 28 19 30 5 31 6 32 12 33 1 34 11 35 1 36 10 38 6 39 14 40 4 42 5 43 4 44 13 45 7 46 6 47 4 48 14 49 8 50 7 51 17 52 4 53 10 54 7 55 11 56 9 57 13 58 14 61 13 62 19 63 2 64 2 65 1 66 12 67 8 68 12 69 15 70 2 71 10 72 16 73 7 74 5 17 11 19 16 29 19 37 5 41 17 59 10 60 8 75 12 77 7 78 15 79 20 80 15 81 15 82 7 83 18 84 15 85 10 86 13 87 14 88 4 89 10 90 4
77 0 9 1 15 2 4 3 16 4 16 7 2 9 11 10 11 11 17 13 20 14 11 15 7 16 5 17 10 19 16 20 13 21 11 22 3 23 4 24 4 25 19 26 8 27 14 28 13 29 4 31 12 32 19 33 6 34 11 35 3 36 7 37 13 39 12 40 12 41 3 42 15 43 17 44 2 45 5 46 10 47 5 48 11 49 8 50 16 51 12 52 7 53 4 54 14 56 1 57 18 58 16 59 11 60 20 61 13 62 20 63 8 64 11 65 2 66 5 67 11 68 3 70 15 71 2 72 1 73 1 74 8 75 2 76 7 5 8 6 16 8 3 12 20 18 16 30 1 55 4 69 5 78 2 79 2 80 5 81 3 82 11 83 12 84 11 85 15 87 18 88 3 89 18 90 5 86 20
78 0 11 1 14 2 6 3 18 4 6 5 4 6 19 7 1 8 3 9 2 10 15 11 6 12 7 13 19 14 16 16 13 17 8 18 15 19 6 20 2 21 8 22 13 23 1 24 18 25 13 27 17 28 11 29 3 30 14 31 4 32 19 33 19 34 9 35 9 36 10 37 7 38 19 39 17 40 20 41 19 42 7 43 20 45 8 47 5 48 9 49 13 51 15 53 12 54 9 56 2 57 2 58 6 59 12 60 1 61 7 62 17 63 7 64 13 65 6 66 9 67 5 68 20 69 12 71 1 72 8 73 9 74 9 75 14 76 15 77 2 15 8 44 18 46 5 50 5 52 7 55 9 70 15 79 14 80 12 81 19 82 16 83 2 84 20 85 7 86 7 87 5 88 14 89 18 90 12
79 0 3 1 5 2 1 3 2 4 4 5 20 6 11 7 10 8 10 9 12 10 7 11 8 12 12 13 16 14 12 15 18 16 15 17 1 18 15 19 6 20 1 21 12 22 10 23 8 24 2 26 2 27 10 28 6 29 12 30 8 31 20 33 6 34 9 35 7 37 11 38 7 39 7 40 17 41 5 42 2 43 14 44 20 45 7 46 13 47 6 48 20 49 14 50 13 51 7 53 16 54 19 55 18 56 11 57 12 59 9 60 7 61 17 62 1 63 7 64 15 65 10 66 14 67 20 68 3 69 12 70 12 71 10 72 11 73 17 74 9 75 1 76 20 77 2 78 14 25 12 32 14 36 8 58 15 80 17 81 19 83 11 85 7 86 4 88 3 90 8 82 13 84 13 87 11 89 5
80 0 12 1 17 2 10 3 9 4 13 5 11 6 6 8 1 9 3 10 8 11 12 12 17 13 5 14 7 15 15 17 3 18 1 19 9 20 8 21 3 23 18 25 1 26 1 27 16 28 1 29 18 30 1 31 7 32 8 33 6 34 11 36 19 37 14 38 19 40 20 41 20 42 16 43 4 44 14 45 18 46 10 47 2 48 7 49 13 50 12 51 4 52 2 53 12 54 6 55 12 56 14 57 3 58 9 59 16 60 19 61 5 62 3 63 16 64 15 65 15 66 18 68 6 69 12 70 12 71 17 72 7 73 3 75 18 76 15 77 5 78 12 79 17 7 20 22 8 24 1 35 15 39 20 67 11 74 15 82 1 83 4 84 17 89 13 90 11 81 3 85 11 86 19 87 19 88 14
81 0 17 1 2 2 13 3 19 4 14 5 16 6 16 7 15 8 4 9 2 10 9 11 14 12 17 13 3 14 14 15 1 16 19 17 20 20 1 21 9 22 12 23 12 24 12 25 14 26 9 27 8 28 13 29 8 30 13 31 3 32 17 33 8 34 4 35 10 36 1 37 13 38 14 39 20 40 3 41 7 42 20 43 1 44 4 46 17 48 3 49 9 50 8 51 15 52 17 53 2 54 3 55 7 56 5 57 20 58 6 59 5 60 15 61 8 62 12 63 9 64 7 65 17 66 4 67 18 68 9 69 9 71 2 72 13 73 4 74 1 75 11 76 15 77 3 78 19 79 19 18 2 19 20 45 2 47 11 70 11 80 3 82 4 83 16 84 17 85 20 86 3 87 14 88 14 89 17 90 9
82 0 15 1 16 2 1 3 18 4 14 5 6 6 10 7 12 8 14 9 17 10 17 11 15 12 20 13 14 14 18 15 13 17 14 18 11 19 6 21 14 22 15 23 20 24 3 25 17 27 2 29 5 30 4 31 19 32 15 33 7 34 11 35 20 36 7 37 6 38 18 39 5 40 11 41 6 42 1 43 13 44 10 45 2 47 2 48 8 50 13 51 3 52 4 53 9 54 1 56 9 57 17 58 5 59 4 61 5 62 1 63 18 64 18 65 2 66 18 67 12 68 14 69 3 70 4 71 11 72 6 73 18 74 1 75 6 76 7 77 11 78 16 80 1 81 4 16 15 20 15 26 7 28 5 46 18 49 14 55 16 60 12 79 13 83 6 84 4 85 15 86 18 88 13 89 11 90 10 87 4
83 0 6 1 17 2 2 3 9 4 11 5 16 6 8 7 14 8 3 9 19 10 9 11 8 12 1 13 8 14 5 16 10 17 3 18 8 20 6 21 10 22 3 23 4 24 12 25 20 26 9 27 12 28 12 29 3 31 4 32 11 33 20 34 9 35 6 36 1 37 5 38 4 39 7 40 16 41 16 42 18 43 12 45 9 46 17 47 14 48 13 49 8 50 18 51 9 53 7 55 20 56 18 57 5 58 12 59 16 60 7 61 6 63 9 65 1 66 4 68 18 69 15 70 4 71 1 72 8 73 13 75 7 76 18 77 12 78 2 79 11 80 4 81 16 82 6 15 11 19 13 44 16 52 5 54 18 62 8 64 5 67 11 74 7 84 10 85 10 86 14 87 7 88 4 89 7 90 10
84 1 1 2 3 3 9 5 17 6 3 7 13 8 15 9 19 10 7 11 7 12 15 13 20 14 11 15 3 16 18 17 4 19 3 20 16 21 14 23 9 24 9 25 6 26 16 27 4 28 3 29 2 30 15 31 9 32 18 33 18 34 19 35 20 36 1 37 1 38 13 39 1 40 19 41 16 42 12 43 10 45 6 46 7 47 11 48 15 49 18 51 1 53 8 54 20 55 2 56 20 57 12 58 18 59 18 60 4 61 19 62 16 63 12 65 11 66 1 68 16 70 6 71 11 72 8 73 1 74 20 75 9 76 15 77 11 78 20 80 17 81 17 82 4 83 10 0 3 4 4 18 17 22 4 44 15 50 6 52 2 64 1 67 5 69 7 79 13 85 2 86 17 87 6 88 20 89 7 90 6
85 0 4 1 6 2 16 3 10 4 18 5 17 6 14 7 19 8 18 9 3 10 17 11 3 12 16 14 6 15 7 17 13 18 2 19 5 20 17 21 2 22 9 23 11 25 10 26 14 27 5 28 2 30 14 31 9 32 13 33 19 35 1 36 2 37 17 39 7 41 6 42 20 43 20 44 13 45 4 46 9 47 15 48 12 49 4 51 9 52 2 53 18 54 4 55 11 56 3 57 9 60 15 61 10 62 15 63 10 64 20 65 19 66 13 67 9 68 4 69 4 70 16 72 3 73 17 74 4 75 14 76 10 77 15 78 7 79 7 81 20 82 15 83 10 84 2 13 17 16 2 24 5 34 6 38 2 40 4 50 10 58 20 59 11 71 20 80 11 86 20 87 9 88 1 89 14 90 2
86 0 6 1 20 2 4 3 15 4 10 5 17 7 11 8 17 9 3 10 19 11 15 12 16 14 19 16 5 17 20 18 5 19 4 20 15 21 4 22 4 23 4 24 11 25 6 26 1 27 6 28 9 29 11 30 13 31 13 32 14 33 17 34 16 35 10 36 4 37 12 38 15 39 19 40 20 42 10 43 20 44 5 45 2 46 8 47 15 48 15 49 14 50 20 51 14 53 6 54 4 55 20 56 9 57 11 58 9 59 18 60 14 61 3 62 12 63 11 64 12 65 6 66 3 67 11 68 16 69 3 70 15 71 6 72 8 73 13 74 4 75 14 76 13 78 7 79 4 81 3 82 18 83 14 84 17 85 20 6 18 13 18 15 1 77 20 80 19 87 19 88 17 89 2 90 8
87 0 14 1 5 2 14 3 8 4 1 5 10 6 20 7 4 8 6 9 5 10 5 14 19 15 19 16 20 17 14 18 16 19 19 20 4 22 11 23 2 24 5 25 14 26 18 27 20 30 12 31 10 32 6 33 10 34 8 35 14 36 8 37 2 38 8 39 1 40 3 41 6 43 17 44 3 45 9 46 19 47 12 49 12 50 7 51 4 52 7 53 1 54 7 55 9 56 17 57 8 58 6 59 8 60 20 61 5 62 11 63 20 64 9 65 2 68 6 69 8 70 8 71 9 72 15 73 9 75 3 76 14 77 18 78 5 81 14 83 7 84 6 85 9 86 19 11 4 12 16 13 11 28 5 29 6 42 14 48 19 66 9 67 9 74 1 79 11 80 19 82 4 88 14 89 10 90 4
88 0 5 1 12 2 19 4 18 5 19 6 5 7 5 8 5 9 20 10 2 11 16 12 4 13 1 14 20 15 15 16 11 17 20 18 17 19 16 20 2 21 20 22 20 23 12 24 17 25 7 26 10 27 11 28 16 29 7 30 3 31 10 32 7 33 19 34 17 35 1 36 16 38 2 39 6 40 12 41 20 43 5 44 15 45 14 46 1 47 13 49 3 50 4 51 1 52 3 53 16 54 10 55 7 56 3 57 12 59 7 60 20 61 4 62 18 63 8 64 8 65 7 66 13 67 19 68 20 69 19 70 13 71 2 72 8 73 17 75 13 76 4 77 3 78 14 79 3 81 14 82 13 83 4 84 20 85 1 86 17 87 14 3 15 37 16 42 14 48 16 58 18 80 14 89 20 90 17
89 0 18 1 13 2 4 4 6 5 15 6 15 7 6 8 7 9 14 10 8 11 4 12 12 13 9 14 3 15 17 16 7 17 20 18 17 20 16 21 3 22 16 23 3 24 13 25 9 26 2 28 18 29 15 30 13 31 17 32 6 33 18 34 14 35 15 36 13 38 5 39 11 41 2 42 2 44 1 46 17 47 11 48 2 49 14 50 1 51 1 52 18 53 3 54 11 55 17 56 13 57 4 58 5 59 7 60 8 61 20 62 11 64 14 65 8 66 19 68 3 69 20 70 8 71 19 72 8 73 2 74 7 75 11 76 10 77 18 78 18 80 13 81 17 82 11 83 7 84 7 85 14 86 2 87 10 88 20 3 2 19 20 27 1 37 14 40 9 43 9 63 16 67 7 79 5 90 18
90 0 9 1 5 2 2 3 5 5 7 6 5 7 10 8 10 9 8 10 17 12 8 13 9 14 11 15 2 16 18 17 15 18 7 19 13 20 12 21 14 22 19 23 6 25 8 26 16 27 18 29 3 30 2 31 4 32 18 33 6 34 15 35 16 36 18 37 10 38 7 39 15 41 13 42 13 43 13 44 20 45 18 46 12 47 15 48 6 49 10 50 17 51 14 52 9 54 20 55 13 56 15 57 3 58 8 59 19 60 20 61 13 62 20 63 1 64 7 65 7 66 2 67 5 68 19 69 16 71 10 72 2 73 5 75 8 76 4 77 5 78 12 79 8 80 11 81 9 82 10 83 10 84 6 85 2 86 8 88 17 89 18 4 3 11 19 24 10 28 4 53 3 70 16 87 4
