29
0 1 10 28 3
1 0 10 8 3 10 6 11 11 14 7 20 11 25 18 28 17 13 16 18 4 24 10
2 22 6 10 20 14 20
3 15 18 24 5 16 13
4 7 10 9 8 21 15
5 20 4 27 6
6 9 4 11 18 23 20 27 8 28 17
7 4 10 26 20 10 5 11 8 19 12 21 3
8 1 3
9 4 8 6 4 20 19
10 1 6 2 20 7 5 28 14 27 3
11 1 11 6 18 7 8 26 16
12 13 12 27 2 18 3 19 16
13 12 12 1 16 15 7 25 2
14 1 7 2 20 24 15 26 12
15 3 18 13 7 18 5 24 2 25 6 27 18
16 3 13 25 7
17 26 14
18 15 5 1 4 12 3 22 14
19 7 12 12 16 26 19
20 1 11 5 4 9 19
21 4 15 7 3
22 2 6 18 14
23 6 20
24 3 5 14 15 15 2 1 10
25 1 18 13 2 15 6 16 7
26 7 20 11 16 17 14 19 19 14 12
27 5 6 12 2 15 18 6 8 10 3
28 0 3 1 17 10 14 6 17
