43
0 1 3 3 14 5 4 6 2 7 4 9 11 10 15 11 11 13 11 14 3 15 13 16 1 17 10 18 16 19 12 20 11 21 11 22 6 23 20 24 11 25 4 28 15 29 12 30 8 31 7 32 11 34 15 35 8 36 15 37 6 38 10 39 6 40 18 41 20 42 11 2 10 4 20 8 19 12 15 26 14 27 10 33 5
1 0 3 2 2 3 7 4 11 5 6 6 2 8 19 9 10 10 18 11 8 12 11 13 13 14 1 15 8 16 6 17 20 18 18 19 20 20 4 21 7 22 17 25 18 26 11 27 11 28 10 29 19 30 18 31 16 32 17 33 12 34 19 35 12 36 14 37 19 38 12 39 18 40 12 42 14 7 19 23 13 24 15 41 19
2 1 2 0 10 3 12 4 20 5 9 6 18 7 9 8 3 9 5 11 12 12 16 14 17 15 5 17 13 18 18 19 2 20 19 21 18 22 3 23 6 25 15 26 20 27 6 28 20 29 2 30 17 31 10 32 5 33 11 34 5 35 4 36 6 37 6 38 18 39 1 40 10 41 14 42 3 10 11 13 18 16 13 24 3
3 0 14 1 7 2 12 4 17 5 8 6 4 7 8 9 13 10 17 12 18 13 5 14 19 15 14 16 17 17 12 20 20 21 1 22 5 23 2 24 2 26 6 27 3 28 10 29 3 30 16 31 9 32 12 33 8 34 2 35 17 36 2 37 11 38 1 40 5 41 19 42 14 8 15 11 20 18 6 19 20 25 13
4 1 11 2 20 3 17 0 20 5 3 6 17 7 11 8 6 9 8 10 14 11 16 12 18 13 9 14 5 15 11 16 17 17 19 18 20 19 20 20 17 21 4 22 20 24 11 25 1 26 2 27 20 28 20 30 18 31 3 33 17 34 1 35 4 36 17 37 6 38 3 39 17 40 4 41 10 42 5 23 13 29 19 32 2
5 0 4 1 6 2 9 3 8 4 3 6 20 9 12 10 15 11 19 12 6 13 18 14 17 15 16 16 16 18 20 19 6 20 14 21 6 23 3 24 14 25 8 26 20 27 11 28 13 29 17 31 16 32 11 33 2 34 19 37 16 39 12 40 17 41 18 42 16 7 12 8 14 17 9 30 19 35 4 36 3 38 1
6 0 2 1 2 2 18 3 4 4 17 5 20 7 14 8 7 9 4 10 6 11 8 12 4 13 17 14 17 15 7 16 8 17 18 18 13 19 7 21 5 22 16 23 5 24 6 25 3 26 2 28 12 29 18 30 14 31 18 33 3 34 7 35 13 36 13 37 18 38 2 39 3 40 8 42 20 20 10 32 1 41 16
7 0 4 2 9 3 8 4 11 6 14 1 19 5 12 8 16 9 14 10 16 11 15 12 9 13 7 14 12 15 9 16 11 18 11 19 1 20 1 21 12 22 11 23 5 24 7 25 16 26 12 28 5 29 2 30 5 31 8 32 6 33 10 34 17 37 18 38 15 39 11 40 6 41 17 42 19 17 4 27 4 35 15 36 12
8 1 19 2 3 4 6 6 7 7 16 0 19 3 15 5 14 9 1 10 12 11 5 12 16 14 19 15 3 16 1 17 6 18 3 19 6 20 1 23 12 24 15 25 11 26 16 27 18 28 5 29 6 30 2 33 19 34 13 35 13 36 15 37 16 38 16 39 11 40 3 41 2 42 6 13 16 21 19 22 12 31 8
9 0 11 1 10 2 5 3 13 4 8 5 12 6 4 7 14 8 1 10 12 11 7 13 7 14 10 15 12 16 12 17 8 18 20 19 17 20 10 21 18 22 2 23 8 24 11 25 7 26 18 27 14 28 11 29 13 30 12 31 11 32 7 33 17 35 9 37 10 38 20 39 8 40 14 41 9 42 15 12 10 34 6 36 9
10 0 15 1 18 3 17 4 14 5 15 6 6 7 16 8 12 9 12 2 11 11 5 12 20 13 17 14 11 15 18 16 15 17 20 18 18 19 15 20 6 21 1 22 15 23 5 24 7 25 14 26 4 27 19 28 19 29 4 30 19 31 17 33 19 34 7 35 7 36 13 37 20 38 5 39 19 41 1 42 19 32 7 40 10
11 0 11 1 8 2 12 4 16 5 19 6 8 7 15 8 5 9 7 10 5 3 20 12 11 13 6 14 18 15 11 16 20 17 4 18 1 20 9 21 14 22 7 23 15 24 9 25 2 26 16 27 18 29 8 31 5 32 18 33 20 34 1 35 4 36 9 37 2 38 14 39 12 40 13 41 19 42 20 19 1 30 15
12 1 11 2 16 3 18 4 18 5 6 6 4 7 9 8 16 10 20 11 11 0 15 9 10 13 19 14 9 15 9 16 8 17 8 18 12 19 3 20 4 22 2 23 10 24 8 25 12 26 7 27 18 28 14 29 5 30 14 31 8 32 20 33 8 34 5 35 9 36 14 37 11 38 4 39 1 40 17 41 14 21 3 42 14
13 0 11 1 13 3 5 4 9 5 18 6 17 7 7 9 7 10 17 11 6 12 19 2 18 8 16 14 5 15 19 17 6 18 13 19 15 20 10 21 19 22 18 23 1 24 19 25 13 26 10 28 16 29 17 30 18 31 18 32 9 34 8 35 15 36 16 37 10 38 1 39 8 40 16 41 9 42 1 16 17 27 19 33 1
14 0 3 1 1 2 17 3 19 4 5 5 17 6 17 7 12 8 19 9 10 10 11 11 18 12 9 13 5 15 7 17 17 18 6 19 11 21 16 22 5 23 19 24 7 26 5 27 6 28 13 29 13 30 6 32 7 33 2 35 14 36 17 37 5 38 4 39 2 40 19 16 12 20 5 25 10 31 1 34 18 41 17 42 18
15 0 13 1 8 2 5 3 14 4 11 5 16 6 7 7 9 8 3 9 12 10 18 11 11 12 9 13 19 14 7 17 11 18 2 19 11 20 3 21 4 22 4 23 10 24 15 25 3 26 6 27 8 28 19 29 10 30 1 31 19 32 18 33 5 35 14 36 2 37 13 38 8 39 3 40 20 41 20 42 18 16 7
16 0 1 1 6 3 17 4 17 5 16 6 8 7 11 8 1 9 12 10 15 11 20 12 8 2 13 13 17 14 12 15 7 18 15 19 7 20 12 21 4 22 19 23 3 24 6 25 4 26 10 27 8 28 10 29 3 30 4 31 8 32 17 34 12 35 7 36 12 37 11 38 14 39 1 40 6 41 10 42 1 17 1 33 18
17 0 10 1 20 2 13 3 12 4 19 6 18 8 6 9 8 10 20 11 4 12 8 13 6 14 17 15 11 5 9 7 4 16 1 18 14 19 16 20 12 21 6 22 15 23 1 25 6 26 7 27 18 28 12 29 18 30 3 31 1 34 13 35 2 36 9 37 3 38 13 39 11 40 15 41 17 42 13 33 4
18 0 16 1 18 2 18 4 20 5 20 6 13 7 11 8 3 9 20 10 18 11 1 12 12 13 13 14 6 15 2 16 15 17 14 3 6 20 17 21 12 22 4 23 12 24 15 25 8 26 13 27 18 28 16 29 6 30 7 31 13 32 14 33 8 34 19 36 16 37 19 38 15 39 10 40 11 41 12 42 14 19 3 35 2
19 0 12 1 20 2 2 4 20 5 6 6 7 7 1 8 6 9 17 10 15 12 3 13 15 14 11 15 11 16 7 17 16 3 20 11 1 18 3 20 9 22 9 24 13 25 12 26 17 27 6 28 6 29 15 32 8 33 16 34 20 36 12 37 7 38 16 39 8 40 5 41 2 42 8 21 5 23 20 30 1 31 8
20 0 11 1 4 2 19 3 20 4 17 5 14 7 1 8 1 9 10 10 6 11 9 12 4 13 10 15 3 16 12 17 12 18 17 19 9 6 10 14 5 21 10 22 17 23 5 24 3 25 2 26 3 27 5 28 16 29 19 30 5 31 16 32 18 33 10 34 1 35 9 36 8 37 6 38 9 39 6 41 17 42 6 40 19
21 0 11 1 7 2 18 3 1 4 4 5 6 6 5 7 12 9 18 10 1 11 14 13 19 14 16 15 4 16 4 17 6 18 12 20 10 8 19 12 3 19 5 23 12 24 18 25 12 27 7 28 12 29 19 30 8 31 13 32 11 34 20 35 16 36 3 37 5 38 6 39 11 40 7 42 9 22 11 26 4 33 2 41 10
22 0 6 1 17 2 3 3 5 4 20 6 16 7 11 9 2 10 15 11 7 12 2 13 18 14 5 15 4 16 19 17 15 18 4 19 9 20 17 8 12 21 11 23 17 24 9 26 1 27 14 28 4 29 13 30 11 31 4 32 13 33 20 34 3 35 10 36 8 37 1 38 4 39 3 41 8 42 18 25 20 40 2
23 0 20 2 6 3 2 5 3 6 5 7 5 8 12 9 8 10 5 11 15 12 10 13 1 14 19 15 10 16 3 17 1 18 12 20 5 21 12 22 17 1 13 4 13 19 20 24 3 25 10 26 18 27 11 28 2 29 3 30 6 31 20 32 2 33 18 34 13 35 9 36 5 37 7 38 11 39 15 40 16 41 17 42 18
24 0 11 3 2 4 11 5 14 6 6 7 7 8 15 9 11 10 7 11 9 12 8 13 19 14 7 15 15 16 6 18 15 19 13 20 3 21 18 22 9 23 3 1 15 2 3 25 12 26 16 27 6 28 14 29 18 30 7 31 14 32 6 33 17 34 2 35 13 36 14 37 15 39 11 40 10 41 17 42 2 38 20
25 0 4 1 18 2 15 4 1 5 8 6 3 7 16 8 11 9 7 10 14 11 2 12 12 13 13 15 3 16 4 17 6 18 8 19 12 20 2 21 12 23 10 24 12 3 13 14 10 22 20 26 3 27 15 28 16 29 11 30 11 31 11 32 13 33 16 34 4 35 4 37 6 38 15 39 12 40 10 41 11 42 15
26 1 11 2 20 3 6 4 2 5 20 6 2 7 12 8 16 9 18 10 4 11 16 12 7 13 10 14 5 15 6 16 10 17 7 18 13 19 17 20 3 22 1 23 18 24 16 25 3 0 14 21 4 27 1 28 14 29 14 30 5 31 2 32 15 33 8 34 13 35 1 36 4 37 8 38 6 40 13 41 11 42 12 39 8
27 1 11 2 6 3 3 4 20 5 11 8 18 9 14 10 19 11 18 12 18 14 6 15 8 16 8 17 18 18 18 19 6 20 5 21 7 22 14 23 11 24 6 25 15 26 1 0 10 7 4 13 19 28 9 29 6 30 12 31 10 32 14 33 10 34 12 35 1 36 15 37 16 38 18 39 10 40 9 41 20 42 2
28 0 15 1 10 2 20 3 10 4 20 5 13 6 12 7 5 8 5 9 11 10 19 12 14 13 16 14 13 15 19 16 10 17 12 18 16 19 6 20 16 21 12 22 4 23 2 24 14 25 16 26 14 27 9 29 9 30 10 31 14 32 5 33 15 34 19 35 19 36 2 37 16 38 8 39 18 40 2 42 18 41 15
29 0 12 1 19 2 2 3 3 5 17 6 18 7 2 8 6 9 13 10 4 11 8 12 5 13 17 14 13 15 10 16 3 17 18 18 6 19 15 20 19 21 19 22 13 23 3 24 18 25 11 26 14 27 6 28 9 4 19 30 13 32 20 33 3 34 18 35 7 36 11 37 5 38 7 41 13 42 2 31 9 39 11 40 7
30 0 8 1 18 2 17 3 16 4 18 6 14 7 5 8 2 9 12 10 19 12 14 13 18 14 6 15 1 16 4 17 3 18 7 20 5 21 8 22 11 23 6 24 7 25 11 26 5 27 12 28 10 29 13 5 19 11 15 19 1 31 3 32 8 33 13 34 14 36 3 37 13 38 12 39 18 41 8 42 7 35 20 40 11
31 0 7 1 16 2 10 3 9 4 3 5 16 6 18 7 8 9 11 10 17 11 5 12 8 13 18 15 19 16 8 17 1 18 13 20 16 21 13 22 4 23 20 24 14 25 11 26 2 27 10 28 14 30 3 8 8 14 1 19 8 29 9 32 12 34 1 35 1 36 18 37 13 38 12 39 20 41 10 42 1 33 7 40 6
32 0 11 1 17 2 5 3 12 5 11 7 6 9 7 11 18 12 20 13 9 14 7 15 18 16 17 18 14 19 8 20 18 21 11 22 13 23 2 24 6 25 13 26 15 27 14 28 5 29 20 30 8 31 12 4 2 6 1 10 7 33 5 34 7 35 9 36 6 37 10 38 5 39 1 40 15 41 19 42 20
33 1 12 2 11 3 8 4 17 5 2 6 3 7 10 8 19 9 17 10 19 11 20 12 8 14 2 15 5 18 8 19 16 20 10 22 20 23 18 24 17 25 16 26 8 27 10 28 15 29 3 30 13 32 5 0 5 13 1 16 18 17 4 21 2 31 7 35 1 36 13 37 11 39 17 40 16 34 6 41 6 42 19
34 0 15 1 19 2 5 3 2 4 1 5 19 6 7 7 17 8 13 10 7 11 1 12 5 13 8 16 12 17 13 18 19 19 20 20 1 21 20 22 3 23 13 24 2 25 4 26 13 27 12 28 19 29 18 30 14 31 1 32 7 9 6 14 18 33 6 35 5 36 2 39 18 40 17 41 11 42 8 37 7 38 8
35 0 8 1 12 2 4 3 17 4 4 6 13 8 13 9 9 10 7 11 4 12 9 13 15 14 14 15 14 16 7 17 2 20 9 21 16 22 10 23 9 24 13 25 4 26 1 27 1 28 19 29 7 31 1 32 9 33 1 34 5 5 4 7 15 18 2 30 20 36 15 37 2 38 9 39 12 41 16 42 7 40 2
36 0 15 1 14 2 6 3 2 4 17 6 13 8 15 10 13 11 9 12 14 13 16 14 17 15 2 16 12 17 9 18 16 19 12 20 8 21 3 22 8 23 5 24 14 26 4 27 15 28 2 29 11 30 3 31 18 32 6 33 13 34 2 35 15 5 3 7 12 9 9 40 13 41 18 42 20 37 5 38 16 39 14
37 0 6 1 19 2 6 3 11 4 6 5 16 6 18 7 18 8 16 9 10 10 20 11 2 12 11 13 10 14 5 15 13 16 11 17 3 18 19 19 7 20 6 21 5 22 1 23 7 24 15 25 6 26 8 27 16 28 16 29 5 30 13 31 13 32 10 33 11 35 2 34 7 36 5 38 17 39 8 40 19 41 13 42 7
38 0 10 1 12 2 18 3 1 4 3 6 2 7 15 8 16 9 20 10 5 11 14 12 4 13 1 14 4 15 8 16 14 17 13 18 15 19 16 20 9 21 6 22 4 23 11 25 15 26 6 27 18 28 8 29 7 30 12 31 12 32 5 35 9 37 17 5 1 24 20 34 8 36 16 39 3 40 3 41 1 42 17
39 0 6 1 18 2 1 4 17 5 12 6 3 7 11 8 11 9 8 10 19 11 12 12 1 13 8 14 2 15 3 16 1 17 11 18 10 19 8 20 6 21 11 22 3 23 15 24 11 25 12 27 10 28 18 30 18 31 20 32 1 33 17 34 18 35 12 37 8 38 3 26 8 29 11 36 14 40 4 41 18 42 13
40 0 18 1 12 2 10 3 5 4 4 5 17 6 8 7 6 8 3 9 14 11 13 12 17 13 16 14 19 15 20 16 6 17 15 18 11 19 5 21 7 23 16 24 10 25 10 26 13 27 9 28 2 32 15 33 16 34 17 36 13 37 19 38 3 39 4 10 10 20 19 22 2 29 7 30 11 31 6 35 2 41 9 42 16
41 0 20 2 14 3 19 4 10 5 18 7 17 8 2 9 9 10 1 11 19 12 14 13 9 15 20 16 10 17 17 18 12 19 2 20 17 22 8 23 17 24 17 25 11 26 11 27 20 29 13 30 8 31 10 32 19 34 11 35 16 36 18 37 13 38 1 39 18 40 9 1 19 6 16 14 17 21 10 28 15 33 6 42 8
42 0 11 1 14 2 3 3 14 4 5 5 16 6 20 7 19 8 6 9 15 10 19 11 20 13 1 15 18 16 1 17 13 18 14 19 8 20 6 21 9 22 18 23 18 24 2 25 15 26 12 27 2 28 18 29 2 30 7 31 1 32 20 34 8 35 7 36 20 37 7 38 17 39 13 40 16 12 14 14 18 33 19 41 8
