35
0 1 17 2 18 4 19 5 5 6 14 7 1 8 12 9 19 10 8 11 5 12 15 13 15 14 2 15 18 16 10 17 7 18 17 19 11 20 5 21 16 22 16 23 14 24 15 25 12 26 3 27 19 28 3 29 17 30 18 31 9 32 11 33 13 34 10 3 20
1 0 17 2 20 3 14 4 19 5 18 6 16 7 11 8 4 9 16 10 18 11 20 12 13 13 17 14 14 15 5 16 4 19 15 20 8 21 10 22 10 23 5 24 19 25 1 26 7 27 8 28 2 29 12 30 17 31 14 32 2 33 9 34 15 17 10 18 11
2 0 18 1 20 3 19 4 5 5 11 6 18 7 7 8 18 9 12 10 5 11 7 12 15 13 8 15 8 17 13 18 11 19 19 20 18 21 1 22 18 23 9 27 2 28 5 29 8 30 14 31 7 33 14 34 13 14 19 16 17 24 15 25 7 26 12 32 12
3 1 14 2 19 0 20 4 16 5 9 6 2 7 11 8 19 9 3 10 7 11 4 12 8 13 15 14 18 15 2 16 6 17 10 18 7 19 1 20 20 21 8 22 7 23 14 24 4 26 16 28 16 29 19 30 18 31 9 32 13 33 6 34 11 25 9 27 8
4 0 19 1 19 2 5 3 16 5 11 6 9 7 9 8 11 10 18 11 19 12 17 13 8 14 5 15 7 17 12 18 19 19 16 20 13 21 12 23 8 24 6 25 12 26 16 27 16 28 20 29 18 30 13 31 5 32 2 33 1 34 18 9 18 16 12 22 3
5 0 5 1 18 2 11 3 9 4 11 6 8 7 10 8 4 9 1 10 19 11 2 12 18 13 16 14 4 15 9 16 4 17 10 18 18 19 18 20 1 21 13 22 5 23 16 24 4 25 2 26 3 28 12 29 7 30 9 31 4 32 6 33 13 34 2 27 17
6 0 14 1 16 2 18 3 2 4 9 5 8 7 9 8 1 9 5 10 17 11 14 12 16 13 5 14 8 15 16 16 19 17 9 19 20 20 15 21 12 22 18 23 16 27 7 31 3 32 8 33 16 34 20 18 14 24 16 25 1 26 18 29 17 30 16
7 0 1 1 11 2 7 3 11 4 9 5 10 6 9 8 19 9 3 10 14 12 18 13 6 14 4 16 5 17 19 18 1 19 13 20 19 21 4 22 13 23 1 24 1 25 7 26 14 28 10 29 15 31 10 32 17 33 8 34 2 11 1 15 15 27 14 30 14
8 0 12 1 4 2 18 3 19 4 11 5 4 6 1 7 19 9 3 10 13 11 9 12 13 13 7 14 2 15 12 16 6 17 6 18 13 19 3 21 6 22 19 23 20 24 6 25 6 26 6 27 11 28 8 29 4 30 17 31 12 32 4 33 8 34 3 20 19
9 0 19 1 16 2 12 3 3 5 1 6 5 7 3 8 3 4 18 10 20 11 12 12 13 13 9 14 10 16 14 17 7 18 18 20 19 21 9 22 5 24 18 25 19 26 16 27 20 28 5 29 20 30 6 31 12 32 3 33 15 34 7 15 8 19 2 23 16
10 0 8 1 18 2 5 3 7 4 18 5 19 6 17 7 14 8 13 9 20 11 11 12 13 13 12 14 8 16 20 17 12 18 17 19 16 20 7 21 7 22 2 23 4 24 5 25 1 26 1 29 17 30 18 31 10 32 4 33 18 34 7 15 5 27 13 28 3
11 0 5 1 20 2 7 3 4 4 19 5 2 6 14 8 9 9 12 10 11 7 1 12 15 13 9 14 9 15 14 16 3 17 15 19 19 20 9 21 3 22 18 23 15 24 20 25 16 26 16 27 16 28 3 29 20 30 11 31 6 32 18 33 11 34 8 18 9
12 0 15 1 13 2 15 3 8 4 17 5 18 6 16 7 18 8 13 9 13 10 13 11 15 13 17 14 19 15 1 16 5 17 5 18 3 19 6 20 9 21 9 22 11 23 13 24 6 26 3 28 6 29 2 30 12 32 3 33 6 25 20 27 10 31 18 34 14
13 0 15 1 17 2 8 3 15 4 8 5 16 6 5 7 6 8 7 9 9 10 12 11 9 12 17 14 6 15 14 16 10 17 12 18 12 19 12 20 18 21 15 22 17 23 4 24 13 25 2 26 14 27 16 28 19 29 19 30 12 31 10 32 20 33 1 34 6
14 0 2 1 14 3 18 4 5 5 4 6 8 7 4 8 2 9 10 10 8 11 9 12 19 13 6 2 19 15 18 16 10 17 9 18 18 19 17 21 18 22 4 23 12 24 11 25 4 26 14 27 13 28 10 30 16 31 5 33 7 34 12 20 13 29 17 32 4
15 0 18 1 5 2 8 3 2 4 7 5 9 6 16 8 12 11 14 12 1 13 14 14 18 7 15 9 8 10 5 16 19 17 14 18 19 19 5 20 12 21 6 22 7 23 12 24 11 25 15 26 7 27 4 28 10 29 16 30 16 32 20 33 18 34 1 31 17
16 0 10 1 4 3 6 5 4 6 19 7 5 8 6 9 14 10 20 11 3 12 5 13 10 14 10 15 19 2 17 4 12 17 17 18 12 19 14 20 19 21 3 22 17 23 9 24 7 25 20 26 12 28 14 29 19 30 5 31 18 32 20 34 10 27 4 33 6
17 0 7 2 13 3 10 4 12 5 10 6 9 7 19 8 6 9 7 10 12 11 15 12 5 13 12 14 9 15 14 16 17 1 10 18 13 19 8 20 16 21 8 22 15 23 11 24 20 25 14 26 16 27 15 28 2 29 2 30 6 31 19 32 11 33 2 34 19
18 0 17 2 11 3 7 4 19 5 18 7 1 8 13 9 18 10 17 12 3 13 12 14 18 15 19 16 12 17 13 1 11 6 14 11 9 19 4 21 16 22 19 24 7 25 14 26 8 27 4 29 19 30 1 31 2 32 13 33 8 34 12 20 4 28 18
19 0 11 1 15 2 19 3 1 4 16 5 18 6 20 7 13 8 3 10 16 11 19 12 6 13 12 14 17 15 5 16 14 17 8 18 4 9 2 21 1 22 20 23 16 24 20 25 11 26 12 27 6 28 17 30 12 31 9 32 3 33 3 34 13 20 1 29 15
20 0 5 1 8 2 18 3 20 4 13 5 1 6 15 7 19 9 19 10 7 11 9 12 9 13 18 15 12 16 19 17 16 8 19 14 13 18 4 19 1 21 20 22 14 23 17 24 3 25 4 26 9 27 16 28 7 29 4 31 17 32 16 33 5 34 4 30 12
21 0 16 1 10 2 1 3 8 4 12 5 13 6 12 7 4 8 6 9 9 10 7 11 3 12 9 13 15 14 18 15 6 16 3 17 8 18 16 19 1 20 20 22 12 23 11 24 17 25 7 26 11 27 12 28 18 29 12 30 8 31 1 32 6 33 12 34 8
22 0 16 1 10 2 18 3 7 5 5 6 18 7 13 8 19 9 5 10 2 11 18 12 11 13 17 14 4 15 7 16 17 17 15 18 19 19 20 20 14 21 12 4 3 23 1 24 13 26 12 27 10 28 1 29 12 30 11 31 19 32 5 33 3 25 12 34 14
23 0 14 1 5 2 9 3 14 4 8 5 16 6 16 7 1 8 20 10 4 11 15 12 13 13 4 14 12 15 12 16 9 17 11 19 16 20 17 21 11 22 1 9 16 24 5 25 16 26 16 27 5 28 20 29 10 30 13 31 4 32 11 33 12 34 13
24 0 15 1 19 3 4 4 6 5 4 7 1 8 6 9 18 10 5 11 20 12 6 13 13 14 11 15 11 16 7 17 20 18 7 19 20 20 3 21 17 22 13 23 5 2 15 6 16 25 6 26 1 27 2 28 5 29 20 30 11 31 19 32 5 33 6 34 11
25 0 12 1 1 4 12 5 2 7 7 8 6 9 19 10 1 11 16 13 2 14 4 15 15 16 20 17 14 18 14 19 11 20 4 21 7 23 16 24 6 2 7 3 9 6 1 12 20 22 12 26 12 27 7 28 17 29 17 30 6 31 15 33 2 32 2 34 15
26 0 3 1 7 3 16 4 16 5 3 7 14 8 6 9 16 10 1 11 16 12 3 13 14 14 14 15 7 16 12 17 16 18 8 19 12 20 9 21 11 22 12 23 16 24 1 25 12 2 12 6 18 27 2 28 18 29 13 30 11 31 13 32 12 33 3 34 3
27 0 19 1 8 2 2 4 16 6 7 8 11 9 20 11 16 13 16 14 13 15 4 17 15 18 4 19 6 20 16 21 12 22 10 23 5 24 2 25 7 26 2 3 8 5 17 7 14 10 13 12 10 16 4 29 6 30 8 31 3 33 8 34 3 28 11 32 7
28 0 3 1 2 2 5 3 16 4 20 5 12 7 10 8 8 9 5 11 3 12 6 13 19 14 10 15 10 16 14 17 2 19 17 20 7 21 18 22 1 23 20 24 5 25 17 26 18 10 3 18 18 27 11 29 8 30 12 31 3 32 19 33 5 34 6
29 0 17 1 12 2 8 3 19 4 18 5 7 7 15 8 4 9 20 10 17 11 20 12 2 13 19 15 16 16 19 17 2 18 19 20 4 21 12 22 12 23 10 24 20 25 17 26 13 27 6 28 8 6 17 14 17 19 15 30 14 32 20 34 5 31 9 33 8
30 0 18 1 17 2 14 3 18 4 13 5 9 8 17 9 6 10 18 11 11 12 12 13 12 14 16 15 16 16 5 17 6 18 1 19 12 21 8 22 11 23 13 24 11 25 6 26 11 27 8 28 12 29 14 6 16 7 14 20 12 31 15 32 13 33 16 34 17
31 0 9 1 14 2 7 3 9 4 5 5 4 6 3 7 10 8 12 9 12 10 10 11 6 13 10 14 5 16 18 17 19 18 2 19 9 20 17 21 1 22 19 23 4 24 19 25 15 26 13 27 3 28 3 30 15 12 18 15 17 29 9 32 13 33 12 34 14
32 0 11 1 2 3 13 4 2 5 6 6 8 7 17 8 4 9 3 10 4 11 18 12 3 13 20 15 20 16 20 17 11 18 13 19 3 20 16 21 6 22 5 23 11 24 5 26 12 28 19 29 20 30 13 31 13 2 12 14 4 25 2 27 7 33 2 34 7
33 0 13 1 9 2 14 3 6 4 1 5 13 6 16 7 8 8 8 9 15 10 18 11 11 12 6 13 1 14 7 15 18 17 2 18 8 19 3 20 5 21 12 22 3 23 12 24 6 25 2 26 3 27 8 28 5 30 16 31 12 32 2 16 6 29 8 34 9
34 0 10 1 15 2 13 3 11 4 18 5 2 6 20 7 2 8 3 9 7 10 7 11 8 13 6 14 12 15 1 16 10 17 19 18 12 19 13 20 4 23 13 24 11 26 3 27 3 29 5 30 17 31 14 32 7 33 9 12 14 21 8 22 14 25 15 28 6
