75
0 20 14 53 18
1 20 16 32 10 43 5 4 1
2 51 4 8 10 9 5 72 16
3 10 20 45 6 4 7
4 1 1 3 7 51 17 72 16
5 9 13 33 13 42 8 74 7
6 54 13 59 4 13 9
7 14 5 21 3 64 17 19 8 44 20 49 8
8 2 10 42 14 56 11
9 5 13 2 5 12 16 22 5 23 7 63 7
10 3 20 37 13 61 19
11 49 19 26 12 52 14
12 9 16 45 14 46 10
13 6 9 33 7
14 7 5 26 13 35 4 44 18
15 30 10 33 5 42 17 50 19 51 2 54 5
16 53 16 74 12
17 36 14 51 16
18 24 13 25 9 46 2 73 1
19 7 8 73 10
20 0 14 1 16 46 2 33 12
21 7 3 30 17 64 15 69 18
22 9 5 50 9
23 9 7 68 13 71 5 39 17 64 8
24 18 13 32 4 73 20
25 18 9
26 14 13 11 12 67 10
27 74 17
28 33 3 47 20 37 8 74 20
29 30 1 48 15 62 20 54 18
30 15 10 29 1 21 17 62 20 38 9 49 7
31 54 5
32 1 10 24 4
33 5 13 13 7 15 5 28 3 20 12 50 12 54 16
34 74 7
35 14 4 59 15 64 10 67 20 65 10
36 17 14 46 8 64 20 67 16
37 10 13 28 8 42 16
38 30 9 66 15 74 15
39 23 17 56 11
40 57 19 65 7 70 2
41 64 15
42 5 8 8 14 15 17 37 16
43 1 5 72 15 51 16 70 3
44 7 20 14 18 61 14 64 5 68 8
45 3 6 12 14 48 6 64 12 46 18
46 18 2 20 2 36 8 12 10 45 18 61 9 62 11
47 28 20 63 16 70 18 73 12
48 29 15 45 6
49 11 19 7 8 30 7 61 6 66 16 70 16
50 15 19 22 9 33 12 64 14
51 2 4 4 17 15 2 17 16 43 16 73 6
52 11 14 59 17 60 14 69 2
53 0 18 16 16 61 10 69 15
54 6 13 15 5 31 5 33 16 29 18
55 59 12
56 39 11 8 11 65 15 72 19
57 40 19 69 18
58 66 7 71 16
59 6 4 35 15 52 17 55 12 62 18 63 11
60 52 14 67 15
61 10 19 44 14 49 6 53 10 46 9 73 16
62 29 20 30 20 59 18 46 11 66 1
63 9 7 47 16 59 11 67 14
64 7 17 35 10 36 20 41 15 44 5 45 12 50 14 21 15 23 8
65 40 7 56 15 35 10
66 38 15 49 16 58 7 62 1
67 26 10 35 20 63 14 36 16 60 15 72 6
68 23 13 44 8
69 53 15 21 18 52 2 57 18
70 40 2 47 18 49 16 43 3
71 23 5 58 16
72 43 15 56 19 67 6 2 16 4 16
73 18 1 19 10 47 12 51 6 61 16 24 20
74 5 7 27 17 34 7 16 12 28 20 38 15
