93
0 1 18 2 16 3 18 4 17 5 9 6 19 8 19 9 14 10 11 12 7 13 3 14 19 15 18 16 1 17 8 18 11 19 5 20 14 21 13 22 6 23 17 24 9 25 12 26 16 27 10 28 14 29 16 30 4 32 14 33 1 34 14 35 10 38 11 39 15 40 5 42 19 43 10 45 4 46 9 47 15 48 13 49 7 50 5 51 13 52 9 53 11 54 7 55 2 56 8 57 9 58 1 59 7 60 11 61 18 62 7 63 6 64 6 65 6 66 17 67 5 68 5 69 2 70 9 71 1 72 5 73 1 74 16 75 2 76 14 77 11 78 12 79 2 81 19 82 18 83 20 84 2 85 20 86 17 87 6 88 3 89 2 90 12 91 2 92 11 7 7 11 11 31 17 36 14 41 6 44 3 80 14
1 0 18 2 7 3 13 6 3 7 17 8 19 10 14 12 14 14 12 15 12 17 2 18 13 19 19 21 17 22 3 23 16 24 12 25 13 26 16 29 15 30 11 31 17 32 5 33 6 34 12 35 9 36 12 37 8 38 12 39 4 41 14 43 20 44 6 45 13 46 7 47 9 48 19 49 3 50 10 51 8 52 13 53 12 54 20 55 5 56 19 57 17 58 19 59 7 60 13 61 1 62 18 63 18 64 20 65 14 67 18 68 3 70 8 71 10 72 16 73 18 74 8 75 6 76 9 77 10 78 13 79 11 80 5 81 12 82 3 83 16 84 13 85 17 86 16 87 7 88 3 89 11 90 18 91 3 92 5 4 5 5 2 9 6 20 16 27 4 28 10 40 4 42 10 66 2 69 12
2 0 16 1 7 3 9 4 4 5 6 6 20 7 15 9 6 10 12 11 20 12 14 13 14 15 19 16 15 18 20 20 1 21 19 22 3 23 4 24 4 26 5 27 11 28 14 29 17 30 13 32 13 33 8 34 3 35 17 36 10 37 7 38 18 39 3 41 20 42 17 43 9 45 19 46 18 47 6 49 7 51 8 52 20 53 5 55 20 56 7 57 8 58 18 59 15 60 17 61 13 63 6 64 14 65 17 66 16 67 4 68 17 69 2 70 11 71 12 72 16 74 11 75 7 76 20 77 13 78 4 80 15 82 4 83 20 84 3 85 1 86 19 87 14 89 14 90 18 91 1 92 5 8 12 14 18 17 20 19 3 25 11 31 12 44 6 48 14 50 16 54 13 62 9 73 6 79 1 81 12 88 4
3 0 18 1 13 2 9 4 2 6 13 7 5 8 17 9 19 10 17 11 17 12 4 13 3 14 1 15 7 16 3 17 1 19 19 20 10 21 10 22 7 23 2 24 4 25 12 26 5 27 7 28 12 30 11 31 5 32 1 33 2 34 6 38 19 39 19 40 2 41 5 42 7 43 3 44 7 45 3 46 15 48 1 49 6 50 20 51 10 52 8 55 13 57 7 58 8 59 9 60 14 62 5 63 2 64 1 65 7 66 10 67 9 69 5 70 13 72 15 73 2 74 6 75 11 76 10 77 5 78 12 79 11 80 20 81 15 82 14 83 18 84 9 85 8 86 3 87 13 88 15 89 19 91 15 92 8 5 11 18 4 29 14 35 3 37 3 47 10 53 11 54 13 56 4 61 15 68 18 71 19 90 10
4 0 17 2 4 3 2 1 5 5 5 6 10 7 3 8 12 9 13 10 2 12 5 13 17 14 20 15 16 16 6 17 4 18 11 19 8 21 4 22 2 23 7 24 17 25 12 26 18 27 5 28 16 29 20 30 13 31 11 32 9 33 2 34 12 35 12 36 7 37 1 39 10 40 17 41 8 42 1 43 17 45 17 46 14 47 2 48 16 49 10 50 1 51 10 52 14 53 13 54 10 55 12 56 3 59 15 60 16 61 9 62 10 63 18 64 7 65 8 66 5 67 15 68 9 69 5 71 15 72 14 73 14 74 5 75 13 76 18 77 2 78 13 79 16 80 17 81 6 82 15 83 3 84 18 85 5 86 13 88 14 89 14 91 4 92 11 11 3 20 13 38 13 44 4 57 14 70 19 87 2 90 8
5 0 9 2 6 4 5 1 2 3 11 6 1 7 16 8 17 9 11 10 1 12 2 13 6 14 2 15 17 16 19 17 3 18 10 19 4 20 3 21 19 22 14 23 12 24 9 25 8 26 9 27 10 30 10 31 2 32 12 33 15 34 8 35 6 36 9 37 19 38 7 39 7 40 5 43 12 44 11 45 10 46 19 47 2 48 12 49 11 50 7 52 2 53 14 54 10 55 1 56 10 57 2 59 20 60 8 62 2 63 9 64 20 65 6 66 18 67 14 68 5 70 17 71 12 72 6 73 2 74 19 75 18 76 13 77 4 78 11 79 2 80 20 81 7 82 14 83 18 84 17 85 19 86 10 87 11 88 20 89 19 90 5 91 20 92 4 11 1 28 1 29 20 41 16 42 13 58 1 61 2 69 14
6 0 19 1 3 2 20 3 13 4 10 5 1 7 16 8 11 9 12 10 10 11 19 12 19 13 14 14 3 15 15 16 10 17 3 18 13 19 2 20 7 21 16 22 1 23 13 24 16 25 20 26 6 27 3 29 1 31 17 32 11 33 13 34 19 36 12 37 8 38 20 39 18 40 6 41 7 42 9 43 11 44 4 45 15 46 11 47 5 48 1 49 1 50 8 51 10 52 8 53 3 54 20 55 5 56 11 57 6 58 7 59 15 60 7 61 18 63 19 64 13 66 5 67 1 69 11 70 19 71 9 72 12 73 4 75 14 76 2 77 18 78 13 79 3 83 8 84 2 85 9 86 18 87 2 88 5 89 2 90 10 91 6 92 9 28 15 30 3 35 14 62 14 65 2 68 3 74 7 81 6 82 8
7 1 17 2 15 3 5 4 3 5 16 6 16 0 7 8 13 9 16 10 9 11 1 12 19 14 2 15 11 16 19 18 5 19 11 20 19 21 12 22 11 23 12 24 8 25 8 26 17 27 15 28 6 29 19 31 20 34 3 35 13 36 19 37 10 38 12 40 7 41 2 42 3 43 16 44 12 46 6 48 10 49 4 50 1 51 10 54 5 57 20 58 15 59 9 60 9 61 5 62 13 63 1 64 17 65 5 66 4 67 18 68 20 69 14 70 10 71 16 72 15 73 16 74 10 75 7 76 2 77 9 78 13 79 5 80 4 81 1 82 10 84 10 85 16 86 12 87 8 88 8 89 18 90 3 91 17 92 4 13 12 17 9 30 3 32 15 33 8 39 9 47 19 52 2 53 4 55 1 56 6 83 16
8 0 19 1 19 3 17 4 12 5 17 6 11 7 13 2 12 10 8 12 13 13 20 14 3 15 1 16 13 17 13 18 15 19 13 20 14 21 14 22 6 23 12 24 6 25 19 27 14 28 2 29 14 30 16 31 7 32 2 35 12 36 7 37 6 38 8 40 8 41 20 42 18 43 4 44 14 45 20 46 4 47 2 50 15 51 11 52 17 53 5 54 10 55 14 56 5 57 5 58 9 59 3 60 1 61 7 62 12 63 1 64 6 65 7 66 12 67 14 68 10 69 10 70 19 71 2 72 19 73 1 74 3 76 7 77 19 78 16 80 7 81 18 82 3 83 6 84 8 86 18 88 14 89 13 90 14 91 2 92 1 9 11 11 17 26 15 33 9 34 14 39 20 48 18 49 17 75 20 85 18 87 8
9 0 14 2 6 3 19 4 13 5 11 6 12 7 16 1 6 8 11 10 14 11 7 12 12 13 7 14 17 15 2 16 5 17 5 18 6 19 10 20 19 21 20 23 15 24 15 25 17 26 12 27 8 28 17 29 1 30 2 31 15 32 15 33 4 34 2 35 16 36 7 38 7 39 5 40 8 41 17 42 11 43 8 44 6 45 14 47 10 48 17 49 4 50 20 51 11 52 11 53 13 54 13 55 17 57 4 58 12 59 2 60 12 61 14 63 3 64 6 65 5 66 11 67 7 68 20 70 7 71 18 72 9 73 20 74 18 75 11 77 11 78 12 79 14 80 3 81 9 82 15 83 2 84 17 85 15 86 3 87 2 88 6 89 15 90 4 91 14 92 2 22 19 37 19 46 15 56 12 62 8 76 16
10 0 11 1 14 2 12 3 17 4 2 5 1 6 10 7 9 8 8 9 14 11 9 12 4 13 7 14 17 15 9 16 10 17 19 20 11 21 10 23 8 24 20 25 5 27 1 28 1 29 7 31 6 32 16 33 18 34 20 36 3 37 5 38 9 39 20 40 17 41 20 42 12 43 15 44 12 45 20 46 14 47 12 48 12 49 3 50 2 51 3 52 19 53 2 54 18 55 2 57 9 58 10 59 8 60 4 61 18 62 10 63 1 64 11 65 9 67 14 68 16 69 20 70 13 71 5 72 20 73 4 74 7 75 11 76 5 77 3 78 6 79 4 80 16 81 11 82 16 83 1 84 4 85 5 86 16 87 14 88 19 89 20 90 4 91 12 92 12 19 14 22 15 26 15 30 3 35 20 66 20
11 2 20 3 17 6 19 7 1 9 7 10 9 0 11 4 3 5 1 8 17 12 6 13 18 14 12 16 3 17 2 18 18 19 16 20 6 22 13 23 12 24 4 25 1 26 20 27 19 28 12 29 19 30 5 31 17 32 2 33 12 34 15 35 5 36 14 38 13 39 11 40 17 41 12 42 9 43 11 44 5 46 5 47 14 48 11 49 19 51 18 52 6 53 13 54 2 55 7 57 16 59 17 60 6 61 13 62 3 63 2 64 2 65 1 66 19 67 17 68 1 69 5 70 11 71 2 72 12 73 18 74 4 75 14 76 4 77 14 78 15 79 16 80 13 81 7 83 19 84 1 85 13 86 1 87 6 88 5 89 19 90 18 91 1 92 17 15 12 21 17 37 6 45 6 50 10 56 19 58 1 82 16
12 0 7 1 14 2 14 3 4 4 5 5 2 6 19 7 19 8 13 9 12 10 4 11 6 15 1 16 9 17 18 18 5 19 9 20 18 21 14 22 5 23 3 24 2 25 19 26 8 27 1 28 2 29 17 30 2 31 20 32 18 33 12 34 13 35 16 37 17 38 8 39 2 41 13 42 11 43 14 44 1 45 4 46 5 47 7 48 2 49 9 50 3 51 4 53 15 54 3 55 16 56 2 57 18 58 18 59 18 61 13 62 10 64 4 65 3 66 20 67 17 68 16 69 20 71 7 72 16 74 15 75 6 76 15 77 5 78 14 79 11 80 7 81 11 82 14 83 9 84 9 85 18 87 8 88 4 89 5 90 14 91 11 92 15 13 4 14 11 36 20 40 3 52 3 60 13 63 12 70 2 73 5 86 8
13 0 3 2 14 3 3 4 17 5 6 6 14 8 20 9 7 10 7 11 18 7 12 12 4 14 4 15 17 16 20 17 19 18 3 19 14 20 2 21 13 22 6 24 11 25 15 26 7 27 16 28 13 29 9 30 16 31 11 32 2 33 6 34 10 35 10 36 12 39 1 40 3 41 6 42 2 44 15 45 2 46 11 48 9 49 9 50 6 51 15 52 8 53 12 54 17 55 13 56 13 57 2 58 19 59 2 60 11 61 8 62 2 64 12 65 20 66 7 67 6 68 19 69 2 70 5 71 15 73 14 74 6 75 5 76 9 78 18 79 16 80 18 81 16 82 8 83 19 84 14 85 5 86 20 89 1 90 2 91 8 92 14 23 5 37 6 63 14 77 14 87 15 88 16
14 0 19 1 12 3 1 4 20 5 2 6 3 7 2 8 3 9 17 10 17 11 12 13 4 2 18 12 11 15 14 16 16 17 3 18 11 20 20 21 9 22 1 23 5 24 19 26 16 27 4 28 20 29 17 30 17 31 9 32 18 33 16 34 5 35 8 36 1 37 7 38 15 40 1 41 19 42 17 43 4 44 18 46 8 47 17 48 5 49 12 51 18 52 5 53 19 54 13 55 11 56 10 57 16 58 3 59 7 60 20 61 7 62 9 63 2 64 10 65 12 66 18 67 13 68 20 69 14 70 16 71 20 72 6 73 13 74 1 75 5 76 7 79 6 80 6 81 10 83 1 84 5 85 4 86 12 87 4 88 8 89 15 90 1 92 8 19 20 25 4 39 4 45 17 50 18 77 9 78 15 82 10 91 19
15 0 18 1 12 2 19 3 7 4 16 5 17 6 15 7 11 8 1 9 2 10 9 12 1 13 17 14 14 11 12 17 9 18 11 19 17 20 20 21 5 22 4 23 10 24 12 25 19 27 4 28 16 29 6 30 10 31 7 32 11 33 19 34 8 36 1 37 15 38 6 39 6 40 6 41 8 42 1 44 4 45 3 46 15 48 13 49 10 50 9 51 20 52 19 53 12 54 20 55 9 56 16 57 11 58 11 59 16 60 2 61 15 62 3 63 11 64 19 65 11 66 15 67 15 68 8 69 6 71 1 72 13 73 19 74 13 75 7 76 2 77 11 78 3 79 13 80 18 81 7 82 20 84 8 85 9 86 10 89 1 90 7 91 6 92 2 16 20 26 7 35 18 43 3 47 10 70 12 87 18 88 19
16 0 1 2 15 3 3 4 6 5 19 6 10 7 19 8 13 9 5 10 10 11 3 12 9 13 20 14 16 15 20 19 6 20 5 21 10 23 20 24 3 25 18 26 20 28 8 29 17 30 5 31 1 32 19 33 10 34 13 35 16 36 11 37 16 38 6 40 13 41 6 43 6 44 17 45 15 46 12 48 9 49 14 50 5 51 1 52 2 53 16 54 16 56 4 57 19 58 17 59 20 60 6 61 14 62 7 63 2 64 6 66 19 67 20 68 6 69 8 70 16 71 7 72 4 73 16 74 19 76 18 77 9 78 13 79 19 80 18 82 12 83 20 85 15 86 4 87 8 88 16 90 7 91 11 22 9 27 16 39 10 42 20 55 15 65 13 75 12 81 16 84 8 89 13 92 8
17 0 8 1 2 3 1 4 4 5 3 6 3 8 13 9 5 10 19 11 2 12 18 13 19 14 3 15 9 2 20 7 9 18 8 19 13 20 6 21 12 22 20 23 10 26 8 27 14 28 8 29 6 30 8 31 20 32 12 33 7 34 12 35 17 36 5 38 10 39 7 40 6 41 10 42 6 43 15 44 18 45 16 46 15 47 14 48 7 49 20 50 19 51 6 52 10 53 2 54 18 55 1 56 2 57 10 58 15 59 11 60 5 62 2 63 1 64 3 66 8 68 2 69 9 70 15 71 14 72 8 73 12 74 6 75 19 76 14 77 6 78 17 80 6 81 8 82 19 83 5 84 10 85 9 86 2 87 3 89 2 90 2 91 14 92 1 24 11 25 11 37 12 61 8 65 9 67 3 79 6
18 0 11 1 13 2 20 4 11 5 10 6 13 7 5 8 15 9 6 11 18 12 5 13 3 14 11 15 11 17 8 3 4 19 8 21 8 24 20 25 4 26 2 27 9 28 7 30 2 31 9 32 20 33 13 34 1 36 15 37 11 38 8 39 8 40 1 41 10 42 14 43 16 44 1 45 17 46 11 47 12 48 8 49 8 52 18 53 9 54 12 55 14 56 7 57 9 58 12 61 14 62 9 63 13 64 4 65 1 66 17 67 15 68 16 69 10 70 13 71 10 72 16 73 5 74 8 75 12 77 15 78 16 79 3 80 20 81 11 82 6 83 13 84 4 86 15 87 14 88 11 89 11 90 14 91 11 20 15 22 10 29 18 35 7 50 12 51 1 59 16 60 18 76 6 85 6 92 7
19 0 5 1 19 3 19 4 8 5 4 6 2 7 11 8 13 9 10 11 16 12 9 13 14 15 17 16 6 17 13 18 8 2 3 10 14 14 20 21 3 22 1 23 10 24 1 26 13 27 4 28 4 29 10 30 11 32 10 33 7 34 17 36 2 37 20 38 12 41 18 42 14 43 18 44 9 45 14 46 9 47 15 48 5 49 8 50 5 51 15 52 15 53 7 54 18 55 18 56 5 57 17 58 2 59 3 60 16 61 19 62 11 63 20 64 7 65 20 66 11 67 10 68 10 69 13 71 5 72 3 73 14 74 18 75 17 76 13 77 12 78 20 79 1 80 13 81 8 82 16 83 8 84 7 85 18 86 5 87 5 88 10 89 3 90 17 91 14 20 3 25 2 31 12 35 7 39 16 40 1 70 8 92 4
20 0 14 2 1 3 10 5 3 6 7 7 19 8 14 9 19 10 11 11 6 12 18 13 2 14 20 15 20 16 5 17 6 1 16 4 13 18 15 19 3 21 16 22 20 23 15 24 16 25 9 26 15 27 16 28 4 30 15 31 20 32 2 33 19 34 8 36 17 37 12 38 10 39 19 40 8 41 4 42 10 43 10 44 3 45 11 46 13 47 17 48 16 49 11 50 7 51 5 52 7 53 15 54 14 55 11 57 3 58 10 59 16 60 9 61 15 62 5 63 16 65 2 66 6 67 10 68 2 69 18 70 6 71 5 72 9 73 5 74 17 75 20 76 2 77 8 78 18 79 4 80 14 81 7 82 4 83 10 84 9 85 14 86 18 87 19 88 19 89 14 91 17 92 13 29 6 35 7 56 16 64 5
21 0 13 1 17 2 19 3 10 4 4 5 19 6 16 7 12 8 14 9 20 10 10 12 14 13 13 14 9 15 5 16 10 17 12 18 8 19 3 20 16 11 17 22 6 23 20 24 17 25 19 26 1 27 10 28 7 29 10 30 17 31 15 32 18 33 3 34 17 35 12 36 7 37 14 38 7 39 6 41 17 42 15 43 11 44 12 45 4 46 3 47 9 49 11 51 19 52 9 53 19 54 17 55 14 56 4 57 3 58 6 59 13 60 18 61 1 63 3 64 17 65 1 66 3 67 8 68 11 70 6 71 15 72 13 73 9 74 2 75 3 76 17 77 16 79 8 80 2 82 20 83 7 85 17 86 13 88 4 89 10 90 16 91 6 92 13 40 5 48 14 50 20 62 20 69 19 78 1 81 4 84 3 87 5
22 0 6 1 3 2 3 3 7 4 2 5 14 6 1 7 11 8 6 11 13 12 5 13 6 14 1 15 4 17 20 19 1 20 20 21 6 9 19 10 15 16 9 18 10 23 16 24 5 25 1 27 14 28 13 29 5 30 12 31 13 32 12 33 13 34 12 35 7 37 12 38 18 39 16 40 10 41 13 42 14 43 7 44 7 45 18 46 3 47 20 48 2 49 11 50 15 51 11 52 3 53 3 54 5 55 10 56 6 57 9 59 8 60 4 61 12 62 7 63 1 64 13 65 14 66 12 69 19 70 5 71 9 72 17 73 20 74 20 75 7 76 12 77 19 78 20 79 12 81 17 82 7 83 18 84 19 85 17 86 13 87 12 88 6 89 15 90 19 91 3 92 20 26 12 36 7 58 12 67 10 68 14 80 4
23 0 17 1 16 2 4 3 2 4 7 5 12 6 13 7 12 8 12 9 15 10 8 11 12 12 3 14 5 15 10 16 20 17 10 19 10 20 15 21 20 22 16 13 5 24 20 25 16 26 18 27 3 28 16 29 3 30 2 31 18 32 17 33 2 34 10 35 20 36 9 37 2 38 7 39 5 40 14 41 11 42 1 43 20 44 8 46 14 47 16 48 6 49 16 50 11 51 10 52 3 53 14 55 3 56 4 57 13 58 15 59 18 60 6 61 8 62 7 63 5 65 7 66 6 68 17 69 18 71 4 72 13 73 14 74 3 75 5 76 1 78 4 79 9 80 10 81 7 82 9 83 4 84 1 85 1 86 8 87 14 89 17 90 3 91 6 92 6 45 14 54 15 64 14 67 3 70 11 77 19 88 18
24 0 9 1 12 2 4 3 4 4 17 5 9 6 16 7 8 8 6 9 15 10 20 11 4 12 2 13 11 14 19 15 12 16 3 18 20 19 1 20 16 21 17 22 5 23 20 17 11 25 6 26 7 28 18 29 10 30 11 31 10 32 12 33 6 34 3 36 9 37 19 39 2 40 12 41 17 42 8 43 1 44 2 45 16 46 3 47 8 48 4 49 2 50 14 51 16 52 20 53 5 54 5 55 2 56 16 57 5 58 14 59 1 60 11 61 12 62 11 63 8 64 2 65 17 66 1 67 5 68 8 69 8 70 12 71 4 72 18 73 15 74 6 75 19 76 12 77 14 78 15 79 12 80 6 81 13 82 13 84 12 85 16 86 7 87 17 88 9 89 6 90 2 91 14 27 20 35 5 38 13 83 19 92 2
25 0 12 1 13 3 12 4 12 5 8 6 20 7 8 8 19 9 17 10 5 11 1 12 19 13 15 15 19 16 18 18 4 20 9 21 19 22 1 23 16 24 6 2 11 14 4 17 11 19 2 26 19 28 13 29 16 30 6 32 13 33 14 34 6 35 3 36 16 38 20 40 18 41 13 42 3 43 8 44 16 45 18 46 17 48 12 50 13 51 7 52 2 53 17 54 4 55 6 56 20 57 20 58 4 59 10 60 16 61 14 62 1 63 8 64 20 65 5 66 17 67 4 68 12 69 1 71 10 73 16 75 17 76 2 77 19 78 10 79 5 80 14 81 10 82 12 83 16 84 8 85 5 86 9 87 17 88 12 89 5 91 4 92 18 31 18 37 18 39 3 49 18 70 8 72 1 74 20 90 19
26 0 16 1 16 2 5 3 5 4 18 5 9 6 6 7 17 9 12 11 20 12 8 13 7 14 16 16 20 17 8 18 2 19 13 20 15 21 1 23 18 24 7 25 19 8 15 10 15 15 7 22 12 27 14 28 10 29 14 30 10 31 10 32 15 33 1 34 20 35 16 36 1 37 13 38 20 39 14 40 10 41 8 42 5 43 17 44 15 45 16 46 6 47 3 48 20 49 14 50 15 51 9 52 2 53 20 54 5 55 13 56 2 57 20 59 13 60 13 61 16 62 6 63 8 64 9 65 13 66 19 67 18 68 1 69 17 70 16 71 8 72 14 73 18 74 15 75 9 76 8 77 2 78 16 79 14 80 11 81 19 82 1 83 5 84 6 85 11 86 9 87 17 88 3 89 16 90 9 91 9 92 18 58 16
27 0 10 2 11 3 7 4 5 5 10 6 3 7 15 8 14 9 8 10 1 11 19 12 1 13 16 14 4 15 4 17 14 18 9 19 4 20 16 21 10 22 14 23 3 26 14 1 4 16 16 24 20 28 4 29 17 31 9 32 9 33 13 34 11 35 10 36 3 37 17 38 5 39 2 40 17 41 13 42 9 43 6 45 10 46 4 47 1 48 16 49 1 50 20 51 13 52 7 53 15 54 15 55 8 56 7 57 20 58 18 59 7 60 8 62 19 64 13 65 8 66 6 67 20 68 8 69 11 70 9 71 1 72 18 73 16 75 19 76 18 77 14 78 16 79 16 80 12 81 9 82 9 83 3 85 8 86 1 87 15 88 8 89 15 90 16 91 1 92 18 30 5 44 17 61 17 63 15 74 18 84 9
28 0 14 2 14 3 12 4 16 7 6 8 2 9 17 10 1 11 12 12 2 13 13 14 20 15 16 16 8 17 8 18 7 19 4 20 4 21 7 22 13 23 16 24 18 25 13 26 10 27 4 1 10 5 1 6 15 29 10 30 4 31 9 32 3 33 18 34 20 35 2 36 3 37 18 38 7 39 9 40 7 41 18 43 5 44 18 45 13 46 16 47 19 48 19 49 6 50 15 51 16 53 8 54 14 55 4 56 8 57 17 58 2 59 4 61 3 62 19 63 8 64 15 65 2 66 8 67 18 68 5 69 6 70 19 71 20 72 13 73 3 74 19 75 9 76 17 77 13 78 1 79 13 80 5 81 4 82 18 83 8 84 7 85 1 86 9 87 8 88 14 89 13 90 11 92 5 42 15 52 18 91 19
29 0 16 1 15 2 17 4 20 6 1 7 19 8 14 9 1 10 7 11 19 12 17 13 9 14 17 15 6 16 17 17 6 19 10 21 10 22 5 23 3 24 10 25 16 26 14 27 17 28 10 3 14 5 20 18 18 20 6 30 7 31 19 32 13 33 3 34 4 35 13 36 5 37 7 39 3 40 18 41 6 42 18 43 11 44 20 47 15 48 16 49 1 50 12 51 2 52 12 53 13 55 19 56 10 57 5 58 5 59 5 60 2 62 18 63 10 64 14 65 7 66 13 67 15 68 17 69 7 70 3 71 9 72 5 73 6 74 19 76 1 77 15 78 13 79 11 80 6 81 12 82 20 83 3 84 19 85 14 86 2 87 20 88 12 89 5 91 6 92 15 45 5 46 17 54 10 61 12 90 7
30 0 4 1 11 2 13 3 11 4 13 5 10 8 16 9 2 11 5 12 2 13 16 14 17 15 10 16 5 17 8 18 2 19 11 20 15 21 17 22 12 23 2 24 11 25 6 26 10 28 4 29 7 6 3 7 3 10 3 27 5 31 13 32 10 33 3 34 11 35 8 37 8 38 13 39 2 41 13 42 10 43 19 44 19 46 17 47 2 48 1 49 18 50 2 51 6 52 2 53 6 54 11 55 3 56 5 57 9 58 5 60 6 61 11 62 12 64 15 65 20 66 15 67 2 68 10 69 5 71 12 72 11 73 16 74 9 75 2 76 6 77 1 78 2 79 9 80 15 82 2 83 7 84 17 85 16 86 14 88 12 89 15 90 6 92 1 36 16 40 10 45 2 63 20 70 6 81 1 87 17 91 8
31 1 17 3 5 4 11 5 2 6 17 7 20 8 7 9 15 10 6 11 17 12 20 13 11 14 9 15 7 16 1 17 20 18 9 20 20 21 15 22 13 23 18 24 10 26 10 27 9 28 9 29 19 30 13 0 17 2 12 19 12 25 18 33 2 34 8 35 11 36 14 37 1 38 4 39 18 40 19 41 5 42 12 44 3 46 6 47 5 48 8 49 12 50 5 51 14 52 2 53 2 54 10 55 6 56 2 57 14 58 8 59 18 60 2 61 11 63 3 65 11 66 1 67 20 69 17 70 11 71 7 72 14 73 14 74 5 75 13 76 11 77 8 78 10 79 16 80 18 81 7 82 9 83 10 85 9 86 3 87 19 88 7 89 9 91 20 92 19 32 6 43 11 45 4 62 5 64 14 68 4 84 5 90 11
32 0 14 1 5 2 13 3 1 4 9 5 12 6 11 8 2 9 15 10 16 11 2 12 18 13 2 14 18 15 11 16 19 17 12 18 20 19 10 20 2 21 18 22 12 23 17 24 12 25 13 26 15 27 9 28 3 29 13 30 10 7 15 31 6 33 2 35 11 36 20 37 17 38 10 39 18 40 10 41 14 42 12 43 4 44 7 45 14 47 20 48 7 49 14 50 20 51 11 52 8 54 14 55 15 56 2 57 11 58 5 60 9 61 18 62 19 63 4 64 17 65 2 66 3 67 9 68 2 69 1 70 5 71 20 72 8 73 2 75 2 76 13 77 8 78 12 79 8 81 6 82 17 83 15 84 14 85 3 86 6 87 6 88 2 89 18 90 7 91 6 92 3 34 17 46 15 53 6 59 11 74 1 80 17
33 0 1 1 6 2 8 3 2 4 2 5 15 6 13 9 4 10 18 11 12 12 12 13 6 14 16 15 19 16 10 17 7 18 13 19 7 20 19 21 3 22 13 23 2 24 6 25 14 26 1 27 13 28 18 29 3 30 3 31 2 32 2 7 8 8 9 34 9 35 11 36 17 37 3 38 11 39 4 40 4 41 13 42 11 43 8 44 12 45 14 46 13 47 1 48 12 49 10 50 3 51 10 52 15 53 13 56 10 57 5 58 6 59 12 60 2 61 6 62 18 63 17 64 19 65 3 66 5 67 16 68 3 69 13 70 10 72 13 73 20 75 17 77 6 78 8 79 17 80 19 81 2 82 13 83 16 84 16 86 19 87 14 88 20 89 8 90 12 91 19 92 18 54 14 55 5 71 12 74 8 76 12 85 18
34 0 14 1 12 2 3 3 6 4 12 5 8 6 19 7 3 9 2 10 20 11 15 12 13 13 10 14 5 15 8 16 13 17 12 18 1 19 17 20 8 21 17 22 12 23 10 24 3 25 6 26 20 27 11 28 20 29 4 30 11 31 8 33 9 8 14 32 17 35 3 36 2 38 6 39 3 40 7 41 5 44 13 45 10 46 7 47 10 48 12 50 13 51 2 52 10 53 4 54 14 55 3 56 2 57 15 58 20 59 6 60 8 61 11 62 3 63 13 64 3 65 10 66 2 67 13 68 15 69 14 70 4 71 6 72 15 73 12 74 20 75 5 76 3 77 14 78 17 79 17 80 2 81 7 83 9 84 7 85 14 87 1 88 14 90 13 91 6 37 1 42 5 43 9 86 4 89 18 92 1
35 0 10 1 9 2 17 4 12 5 6 7 13 8 12 9 16 11 5 12 16 13 10 14 8 16 16 17 17 21 12 22 7 23 20 25 3 26 16 27 10 28 2 29 13 30 8 31 11 32 11 33 11 34 3 3 3 6 14 10 20 15 18 18 7 19 7 20 7 24 5 36 2 37 10 38 8 39 17 40 10 41 6 42 12 43 4 44 11 45 1 46 7 47 3 48 2 49 2 50 4 51 15 52 20 53 8 54 7 55 7 57 12 58 15 60 10 61 13 62 13 63 8 64 13 65 10 66 9 67 18 69 2 70 9 71 6 73 9 74 2 75 6 76 17 77 7 78 18 79 3 80 3 81 7 82 4 83 12 84 19 85 7 86 6 88 11 89 2 90 13 91 19 92 14 56 18 59 1 68 1 72 10 87 7
36 1 12 2 10 4 7 5 9 6 12 7 19 8 7 9 7 10 3 11 14 13 12 14 1 15 1 16 11 17 5 18 15 19 2 20 17 21 7 23 9 24 9 25 16 26 1 27 3 28 3 29 5 31 14 32 20 33 17 34 2 35 2 0 14 12 20 22 7 30 16 37 4 38 14 39 1 40 1 41 18 42 9 43 1 44 7 46 3 47 13 48 5 49 15 50 14 51 10 52 9 53 11 54 4 55 4 56 20 57 18 58 8 59 11 60 4 61 16 62 4 64 15 66 16 67 16 68 6 69 9 70 7 71 20 72 15 73 7 74 5 76 7 77 12 78 2 79 7 80 9 81 15 82 14 83 3 84 16 85 8 86 5 87 13 88 16 89 16 90 6 91 17 92 20 45 4 65 3 75 6
37 1 8 2 7 4 1 5 19 6 8 7 10 8 6 10 5 12 17 14 7 15 15 16 16 18 11 19 20 20 12 21 14 22 12 23 2 24 19 26 13 27 17 28 18 29 7 30 8 31 1 32 17 33 3 35 10 36 4 3 3 9 19 11 6 13 6 17 12 25 18 34 1 39 17 40 18 41 2 42 6 43 10 44 11 45 13 46 16 47 19 48 8 49 13 50 5 51 17 52 6 53 12 54 20 55 20 56 4 57 1 59 20 60 4 61 3 62 19 63 6 64 5 65 10 67 1 68 10 69 19 70 18 71 16 72 9 73 15 75 15 77 10 78 20 79 5 81 3 82 16 83 4 84 6 85 5 86 18 87 16 88 19 89 2 90 4 91 18 92 15 38 6 58 20 66 8 74 11 76 7 80 16
38 0 11 1 12 2 18 3 19 5 7 6 20 7 12 8 8 9 7 10 9 11 13 12 8 14 15 15 6 16 6 17 10 18 8 19 12 20 10 21 7 22 18 23 7 25 20 26 20 27 5 28 7 30 13 31 4 32 10 33 11 34 6 35 8 36 14 4 13 24 13 37 6 39 14 40 6 41 18 42 16 44 18 45 9 46 7 47 5 48 13 49 9 51 3 52 9 53 5 56 12 57 6 58 16 59 3 60 15 61 15 62 16 65 7 66 16 68 16 69 9 70 5 71 20 72 20 73 17 74 8 75 2 76 19 77 1 79 3 80 19 81 6 82 20 83 11 84 7 85 19 86 7 87 15 88 19 90 17 91 16 92 18 43 20 50 6 54 14 55 19 63 7 64 3 67 2 78 15 89 13
39 0 15 1 4 2 3 3 19 4 10 5 7 6 18 9 5 10 20 11 11 12 2 13 1 15 6 17 7 18 8 20 19 21 6 22 16 23 5 24 2 26 14 27 2 28 9 29 3 30 2 31 18 32 18 33 4 34 3 35 17 36 1 37 17 38 14 7 9 8 20 14 4 16 10 19 16 25 3 40 18 41 18 43 17 44 13 45 9 47 6 48 13 49 20 50 19 51 17 52 13 53 14 54 15 55 6 58 12 59 4 60 11 61 5 62 13 63 3 64 7 65 16 66 2 67 2 68 15 69 4 70 8 71 2 72 6 73 12 75 14 76 7 77 3 78 7 79 8 80 7 81 7 82 20 83 20 84 16 85 10 86 1 88 3 89 12 90 9 91 14 92 3 42 9 46 2 56 12 57 16 74 11 87 18
40 0 5 3 2 4 17 5 5 6 6 7 7 8 8 9 8 10 17 11 17 13 3 14 1 15 6 16 13 17 6 18 1 20 8 22 10 23 14 24 12 25 18 26 10 27 17 28 7 29 18 31 19 32 10 33 4 34 7 35 10 36 1 37 18 38 6 39 18 1 4 12 3 19 1 21 5 30 10 41 16 42 19 43 7 44 5 45 9 46 12 47 15 48 19 49 13 51 13 52 12 53 14 55 20 56 20 57 11 58 11 59 11 60 10 61 10 62 5 63 3 64 12 65 12 66 18 67 16 68 1 69 17 70 19 71 4 72 16 73 15 74 5 75 19 77 16 80 3 81 17 82 9 83 13 84 7 85 18 86 4 87 10 90 10 91 12 92 20 50 16 54 8 76 10 78 4 79 10 88 12 89 8
41 1 14 2 20 3 5 4 8 6 7 7 2 8 20 9 17 10 20 11 12 12 13 13 6 14 19 15 8 16 6 17 10 18 10 19 18 20 4 21 17 22 13 23 11 24 17 25 13 26 8 27 13 28 18 29 6 30 13 31 5 32 14 33 13 34 5 35 6 36 18 37 2 38 18 39 18 40 16 0 6 5 16 42 8 43 15 44 10 45 18 46 13 47 4 48 17 49 12 50 13 51 17 52 2 53 3 54 18 55 4 56 3 59 5 60 19 61 17 62 13 63 10 64 6 65 6 67 7 69 1 70 15 71 1 72 4 73 11 74 8 75 1 76 6 77 9 78 19 79 13 80 6 81 16 82 17 83 7 84 7 85 18 86 19 87 14 88 13 89 2 90 2 91 14 92 1 58 13 66 16
42 0 19 2 17 3 7 4 1 6 9 7 3 8 18 9 11 10 12 11 9 12 11 13 2 14 17 15 1 17 6 18 14 19 14 20 10 21 15 22 14 23 1 24 8 25 3 26 5 27 9 29 18 30 10 31 12 32 12 33 11 35 12 36 9 37 6 38 16 40 19 41 8 1 10 5 13 16 20 28 15 34 5 39 9 43 2 45 6 46 2 47 18 48 11 49 20 50 8 51 18 52 7 53 3 54 4 55 12 56 20 57 5 58 3 59 20 60 13 61 15 62 10 65 4 66 4 67 13 68 5 69 2 70 16 71 16 72 15 73 10 74 7 75 16 76 5 78 8 79 6 80 20 81 19 82 6 84 17 85 6 86 2 87 1 88 5 89 11 90 9 91 11 92 14 44 11 63 3 64 13 77 5 83 3
43 0 10 1 20 2 9 3 3 4 17 5 12 6 11 7 16 8 4 9 8 10 15 11 11 12 14 14 4 16 6 17 15 18 16 19 18 20 10 21 11 22 7 23 20 24 1 25 8 26 17 27 6 28 5 29 11 30 19 32 4 33 8 35 4 36 1 37 10 39 17 40 7 41 15 42 2 15 3 31 11 34 9 38 20 44 12 45 20 46 5 47 3 48 3 50 3 51 17 52 2 54 5 55 3 56 17 57 19 58 19 59 2 61 13 62 8 63 8 65 12 66 20 67 18 68 18 69 16 70 12 71 4 72 15 73 18 74 8 75 5 76 1 77 4 78 18 79 6 82 10 84 11 85 2 86 13 87 3 88 8 90 19 91 7 92 16 49 12 60 19 64 8 80 20 83 1
44 1 6 3 7 5 11 6 4 7 12 8 14 9 6 10 12 11 5 12 1 13 15 14 18 15 4 16 17 17 18 18 1 19 9 20 3 21 12 22 7 23 8 24 2 25 16 26 15 28 18 29 20 30 19 31 3 32 7 33 12 34 13 35 11 36 7 37 11 38 18 39 13 40 5 41 10 43 12 0 3 2 6 4 4 27 17 42 11 45 14 46 8 48 3 49 17 51 2 52 10 53 14 54 5 55 16 56 14 58 8 59 9 60 20 61 16 62 2 63 5 64 10 65 1 66 13 67 8 69 10 70 5 71 17 72 10 73 3 74 4 75 11 76 17 77 17 78 15 79 1 80 15 81 7 82 2 83 14 84 4 85 15 86 6 87 5 88 10 89 3 90 14 91 7 92 6 47 12 50 10 57 1 68 20
45 0 4 1 13 2 19 3 3 4 17 5 10 6 15 8 20 9 14 10 20 12 4 13 2 15 3 16 15 17 16 18 17 19 14 20 11 21 4 22 18 24 16 25 18 26 16 27 10 28 13 32 14 33 14 34 10 35 1 37 13 38 9 39 9 40 9 41 18 42 6 43 20 44 14 11 6 14 17 23 14 29 5 30 2 31 4 36 4 46 19 47 13 49 4 50 15 51 20 52 17 53 13 54 12 55 10 56 19 61 14 63 9 64 12 65 4 67 17 68 2 69 15 70 19 71 6 72 18 73 3 74 7 75 5 76 2 77 11 78 16 79 20 80 17 81 3 82 17 83 2 84 16 85 1 86 19 88 7 89 8 90 20 92 18 48 13 57 10 58 16 59 12 60 10 62 20 66 10 87 3 91 17
46 0 9 1 7 2 18 3 15 4 14 5 19 6 11 7 6 8 4 10 14 11 5 12 5 13 11 14 8 15 15 16 12 17 15 18 11 19 9 20 13 21 3 22 3 23 14 24 3 25 17 26 6 27 4 28 16 30 17 31 6 33 13 34 7 35 7 36 3 37 16 38 7 40 12 41 13 42 2 43 5 44 8 45 19 9 15 29 17 32 15 39 2 47 16 48 7 49 6 51 12 52 20 53 10 54 1 55 6 56 6 57 6 58 8 59 5 60 1 61 19 62 4 63 19 64 14 65 1 66 14 67 9 68 9 69 15 70 7 72 11 73 9 74 18 75 2 76 4 78 20 80 15 81 16 82 16 84 8 86 11 87 20 88 9 89 19 91 18 92 14 50 15 71 1 77 3 79 14 83 10 85 5 90 6
47 0 15 1 9 2 6 4 2 5 2 6 5 8 2 9 10 10 12 11 14 12 7 14 17 17 14 18 12 19 15 20 17 21 9 22 20 23 16 24 8 26 3 27 1 28 19 29 15 30 2 31 5 32 20 33 1 34 10 35 3 36 13 37 19 38 5 39 6 40 15 41 4 42 18 43 3 45 13 46 16 3 10 7 19 15 10 44 12 48 18 49 7 50 20 51 7 53 19 54 12 55 10 56 13 57 10 58 3 59 1 60 17 61 20 62 15 63 19 64 1 65 5 66 17 67 18 69 5 70 4 71 6 72 2 73 12 75 15 76 17 77 2 78 4 79 9 80 1 81 18 82 12 84 14 85 16 86 19 87 10 88 2 89 2 90 5 91 4 92 17 68 11 74 4 83 13
48 0 13 1 19 3 1 4 16 5 12 6 1 7 10 9 17 10 12 11 11 12 2 13 9 14 5 15 13 16 9 17 7 18 8 19 5 20 16 22 2 23 6 24 4 25 12 26 20 27 16 28 19 29 16 30 1 31 8 32 7 33 12 34 12 35 2 36 5 37 8 38 13 39 13 40 19 41 17 42 11 43 3 44 3 46 7 47 18 2 14 8 18 21 14 45 13 49 15 50 6 51 4 52 12 53 8 54 6 55 1 56 19 57 8 59 15 60 18 61 9 62 1 63 12 64 9 65 4 66 15 67 16 68 6 69 19 70 9 73 13 74 14 75 14 76 15 77 16 78 6 79 14 81 14 82 15 83 16 84 15 85 19 86 19 87 15 88 16 89 20 90 4 91 6 92 5 58 14 71 19 80 6
49 0 7 1 3 2 7 3 6 4 10 5 11 6 1 7 4 9 4 10 3 11 19 12 9 13 9 14 12 15 10 16 14 17 20 18 8 19 8 20 11 21 11 22 11 23 16 24 2 26 14 27 1 28 6 29 1 30 18 31 12 32 14 33 10 35 2 36 15 37 13 38 9 39 20 40 13 41 12 42 20 44 17 45 4 46 6 47 7 48 15 8 17 25 18 43 12 50 20 51 20 53 19 54 6 55 19 56 16 57 1 58 5 59 15 60 13 61 1 62 2 63 7 64 20 65 10 66 20 67 6 68 14 69 10 70 20 71 8 73 19 74 12 75 10 76 5 77 9 78 6 79 18 80 2 81 3 82 2 83 7 84 7 85 20 86 16 89 9 90 6 91 1 92 17 52 4 72 9 87 4 88 14
50 0 5 1 10 3 20 4 1 5 7 6 8 7 1 8 15 9 20 10 2 12 3 13 6 15 9 16 5 17 19 19 5 20 7 22 15 23 11 24 14 25 13 26 15 27 20 28 15 29 12 30 2 31 5 32 20 33 3 34 13 35 4 36 14 37 5 39 19 41 13 42 8 43 3 45 15 47 20 48 6 49 20 2 16 11 10 14 18 18 12 21 20 38 6 40 16 44 10 46 15 51 18 53 11 55 8 56 6 57 16 58 9 59 16 60 6 61 9 62 4 63 1 64 8 65 4 66 10 67 4 68 5 69 2 70 13 71 9 72 2 73 8 74 1 75 10 76 13 77 15 78 19 79 9 80 3 81 16 82 11 83 14 84 11 85 6 86 19 87 19 90 3 91 19 92 3 52 18 54 10 88 8 89 12
51 0 13 1 8 2 8 3 10 4 10 6 10 7 10 8 11 9 11 10 3 11 18 12 4 13 15 14 18 15 20 16 1 17 6 19 15 20 5 21 19 22 11 23 10 24 16 25 7 26 9 27 13 28 16 29 2 30 6 31 14 32 11 33 10 34 2 35 15 36 10 37 17 38 3 39 17 40 13 41 17 42 18 43 17 44 2 45 20 46 12 47 7 48 4 49 20 50 18 18 1 52 19 53 18 54 9 55 16 56 16 57 12 59 17 61 11 62 19 63 14 64 17 65 11 66 16 67 16 68 7 69 8 70 3 71 11 72 13 73 10 74 8 76 6 77 12 78 19 79 8 80 18 82 11 83 19 84 4 85 14 86 20 87 14 88 18 91 20 92 10 58 17 60 15 75 1 81 15 89 19 90 17
52 0 9 1 13 2 20 3 8 4 14 5 2 6 8 8 17 9 11 10 19 11 6 13 8 14 5 15 19 16 2 17 10 18 18 19 15 20 7 21 9 22 3 23 3 24 20 25 2 26 2 27 7 29 12 30 2 31 2 32 8 33 15 34 10 35 20 36 9 37 6 38 9 39 13 40 12 41 2 42 7 43 2 44 10 45 17 46 20 48 12 51 19 7 2 12 3 28 18 49 4 50 18 53 19 54 6 55 18 56 11 58 4 59 16 60 14 62 8 63 9 64 12 65 18 66 14 67 1 68 17 69 9 70 16 71 2 72 8 73 11 74 10 75 8 76 16 77 13 78 8 80 10 81 15 82 18 83 3 84 7 85 2 86 17 87 17 88 7 89 8 90 6 91 1 92 18 57 15 61 14 79 14
53 0 11 1 12 2 5 4 13 5 14 6 3 8 5 9 13 10 2 11 13 12 15 13 12 14 19 15 12 16 16 17 2 18 9 19 7 20 15 21 19 22 3 23 14 24 5 25 17 26 20 27 15 28 8 29 13 30 6 31 2 33 13 34 4 35 8 36 11 37 12 38 5 39 14 40 14 41 3 42 3 44 14 45 13 46 10 47 19 48 8 49 19 50 11 51 18 52 19 3 11 7 4 32 6 54 6 55 14 56 16 57 3 58 8 59 1 60 3 61 6 62 2 63 8 64 10 65 13 66 6 67 13 68 5 69 12 71 19 72 11 73 3 74 16 75 5 76 15 77 4 78 13 81 10 82 19 83 1 84 19 85 18 86 20 87 20 88 5 89 4 90 17 91 14 92 9 79 18 80 11
54 0 7 1 20 4 10 5 10 6 20 7 5 8 10 9 13 10 18 11 2 12 3 13 17 14 13 15 20 16 16 17 18 18 12 19 18 20 14 21 17 22 5 24 5 25 4 26 5 27 15 28 14 30 11 31 10 32 14 34 14 35 7 36 4 37 20 39 15 41 18 42 4 43 5 44 5 45 12 46 1 47 12 48 6 49 6 51 9 52 6 53 6 2 13 3 13 23 15 29 10 33 14 38 14 40 8 50 10 55 5 56 6 57 15 58 7 59 6 60 7 61 12 62 19 63 19 64 4 65 7 66 18 67 20 68 1 70 2 71 11 72 6 74 10 75 12 76 15 77 2 79 6 80 19 82 2 83 15 84 1 86 10 87 14 88 16 90 14 91 6 92 17 69 11 73 13 81 18 85 12 89 9
55 0 2 1 5 2 20 3 13 4 12 5 1 6 5 8 14 9 17 10 2 11 7 12 16 13 13 14 11 15 9 17 1 18 14 19 18 20 11 21 14 22 10 23 3 24 2 25 6 26 13 27 8 28 4 29 19 30 3 31 6 32 15 34 3 35 7 36 4 37 20 39 6 40 20 41 4 42 12 43 3 44 16 45 10 46 6 47 10 48 1 49 19 50 8 51 16 52 18 53 14 54 5 7 1 16 15 33 5 38 19 56 10 57 10 58 20 59 9 60 1 62 10 63 15 64 1 66 2 67 16 68 14 69 4 70 8 71 4 72 17 73 1 74 6 76 18 77 1 78 9 79 13 80 12 81 9 82 4 83 13 84 16 85 6 86 16 87 17 88 14 89 15 90 11 91 6 92 18 61 10 65 4 75 11
56 0 8 1 19 2 7 4 3 5 10 6 11 8 5 12 2 13 13 14 10 15 16 16 4 17 2 18 7 19 5 21 4 22 6 23 4 24 16 25 20 26 2 27 7 28 8 29 10 30 5 31 2 32 2 33 10 34 2 36 20 37 4 38 12 40 20 41 3 42 20 43 17 44 14 45 19 46 6 47 13 48 19 49 16 50 6 51 16 52 11 53 16 54 6 55 10 3 4 7 6 9 12 11 19 20 16 35 18 39 12 57 8 58 4 60 9 61 9 62 17 63 17 64 3 65 18 67 18 68 1 69 12 70 2 71 14 72 15 73 15 74 17 75 12 76 9 77 15 78 20 79 12 80 1 81 8 82 6 84 3 86 3 87 14 88 14 89 17 90 19 91 4 92 13 59 1 83 8
57 0 9 1 17 2 8 3 7 5 2 6 6 7 20 8 5 9 4 10 9 11 16 12 18 13 2 14 16 15 11 16 19 17 10 18 9 19 17 20 3 21 3 22 9 23 13 24 5 25 20 26 20 27 20 28 17 29 5 30 9 31 14 32 11 33 5 34 15 35 12 36 18 37 1 38 6 40 11 42 5 43 19 46 6 47 10 48 8 49 1 50 16 51 12 53 3 54 15 55 10 56 8 4 14 39 16 44 1 45 10 52 15 59 6 60 19 61 11 62 10 63 13 64 11 65 9 66 18 67 17 68 19 69 1 70 17 71 10 72 2 73 4 74 6 75 6 76 13 77 17 78 4 79 8 80 3 81 6 82 20 83 11 84 8 85 15 86 17 87 19 89 15 90 7 91 2 92 2 58 13 88 20
58 0 1 1 19 2 18 3 8 6 7 7 15 8 9 9 12 10 10 12 18 13 19 14 3 15 11 16 17 17 15 18 12 19 2 20 10 21 6 23 15 24 14 25 4 27 18 28 2 29 5 30 5 31 8 32 5 33 6 34 20 35 15 36 8 38 16 39 12 40 11 42 3 43 19 44 8 46 8 47 3 49 5 50 9 52 4 53 8 54 7 55 20 56 4 5 1 11 1 22 12 26 16 37 20 41 13 45 16 48 14 51 17 57 13 59 1 60 15 61 2 62 8 63 5 64 8 65 9 66 14 67 16 68 5 69 1 71 2 72 10 73 19 74 6 75 17 76 1 77 7 78 2 79 20 80 17 81 19 82 6 83 15 84 7 85 10 86 15 87 19 88 16 89 6 90 5 91 2 92 11
59 0 7 1 7 2 15 3 9 4 15 5 20 6 15 7 9 8 3 9 2 10 8 11 17 12 18 13 2 14 7 15 16 16 20 17 11 19 3 20 16 21 13 22 8 23 18 24 1 25 10 26 13 27 7 28 4 29 5 31 18 33 12 34 6 36 11 37 20 38 3 39 4 40 11 41 5 42 20 43 2 44 9 46 5 47 1 48 15 49 15 50 16 51 17 52 16 53 1 54 6 55 9 57 6 58 1 18 16 32 11 35 1 45 12 56 1 60 20 61 7 62 11 63 4 64 9 65 6 66 6 67 7 68 1 70 13 72 15 73 8 74 15 75 12 76 20 77 19 78 16 79 13 80 1 81 9 82 15 83 6 85 7 86 19 89 5 90 14 91 14 69 6 71 18 84 13 88 11 92 8
60 0 11 1 13 2 17 3 14 4 16 5 8 6 7 7 9 8 1 9 12 10 4 11 6 13 11 14 20 15 2 16 6 17 5 19 16 20 9 21 18 22 4 23 6 24 11 25 16 26 13 27 8 29 2 30 6 31 2 32 9 33 2 34 8 35 10 36 4 37 4 38 15 39 11 40 10 41 19 42 13 44 20 46 1 47 17 48 18 49 13 50 6 52 14 53 3 54 7 55 1 56 9 57 19 58 15 59 20 12 13 18 18 43 19 45 10 51 15 61 6 62 6 63 18 64 9 65 9 66 14 68 8 69 17 70 1 71 18 72 9 73 8 74 5 75 14 76 3 77 5 78 13 79 19 80 10 81 8 82 19 83 4 84 20 85 15 86 7 87 9 88 12 90 4 91 13 92 7 67 9 89 2
61 0 18 1 1 2 13 4 9 6 18 7 5 8 7 9 14 10 18 11 13 12 13 13 8 14 7 15 15 16 14 18 14 19 19 20 15 21 1 22 12 23 8 24 12 25 14 26 16 28 3 30 11 31 11 32 18 33 6 34 11 35 13 36 16 37 3 38 15 39 5 40 10 41 17 42 15 43 13 44 16 45 14 46 19 47 20 48 9 49 1 50 9 51 11 53 6 54 12 56 9 57 11 58 2 59 7 60 6 3 15 5 2 17 8 27 17 29 12 52 14 55 10 62 2 63 8 64 14 65 3 66 14 67 14 68 14 69 6 70 20 71 10 72 11 73 11 74 16 75 2 76 11 77 16 78 2 79 20 80 6 81 9 83 1 84 17 85 5 86 16 87 19 88 4 89 13 90 3 91 7 92 6 82 16
62 0 7 1 18 3 5 4 10 5 2 7 13 8 12 10 10 11 3 12 10 13 2 14 9 15 3 16 7 17 2 18 9 19 11 20 5 22 7 23 7 24 11 25 1 26 6 27 19 28 19 29 18 30 12 32 19 33 18 34 3 35 13 36 4 37 19 38 16 39 13 40 5 41 13 42 10 43 8 44 2 46 4 47 15 48 1 49 2 50 4 51 19 52 8 53 2 54 19 55 10 56 17 57 10 58 8 59 11 60 6 61 2 2 9 6 14 9 8 21 20 31 5 45 20 63 9 64 6 65 2 66 4 67 3 68 19 70 17 71 5 72 18 73 17 74 9 75 10 76 3 77 11 78 13 79 19 80 19 82 7 84 18 85 18 86 14 87 11 89 18 90 12 91 4 69 8 81 10 83 20 88 5 92 2
63 0 6 1 18 2 6 3 2 4 18 5 9 6 19 7 1 8 1 9 3 10 1 11 2 14 2 15 11 16 2 17 1 18 13 19 20 20 16 21 3 22 1 23 5 24 8 25 8 26 8 28 8 29 10 31 3 32 4 33 17 34 13 35 8 37 6 39 3 40 3 41 10 43 8 44 5 45 9 46 19 47 19 48 12 49 7 50 1 51 14 52 9 53 8 54 19 55 15 56 17 57 13 58 5 59 4 60 18 61 8 62 9 12 12 13 14 27 15 30 20 38 7 42 3 64 6 65 5 67 19 68 6 69 5 70 16 72 1 73 1 74 12 75 2 76 16 78 11 79 8 80 2 82 3 83 20 84 9 85 18 86 18 87 10 88 1 89 9 91 4 92 1 66 6 71 10 77 17 90 14
64 0 6 1 20 2 14 3 1 4 7 5 20 6 13 7 17 8 6 9 6 10 11 11 2 12 4 13 12 14 10 15 19 16 6 17 3 18 4 19 7 21 17 22 13 24 2 25 20 26 9 27 13 28 15 29 14 30 15 32 17 33 19 34 3 35 13 36 15 37 5 39 7 40 12 41 6 44 10 45 12 46 14 47 1 48 9 49 20 50 8 51 17 52 12 53 10 54 4 55 1 56 3 57 11 58 8 59 9 60 9 61 14 62 6 63 6 20 5 23 14 31 14 38 3 42 13 43 8 65 19 66 17 67 10 68 11 69 16 70 6 71 1 72 17 73 15 74 7 75 15 77 8 78 18 79 2 80 6 81 15 82 17 83 7 84 19 85 13 86 2 87 3 88 9 89 20 90 4 91 15 92 15 76 15
65 0 6 1 14 2 17 3 7 4 8 5 6 7 5 8 7 9 5 10 9 11 1 12 3 13 20 14 12 15 11 18 1 19 20 20 2 21 1 22 14 23 7 24 17 25 5 26 13 27 8 28 2 29 7 30 20 31 11 32 2 33 3 34 10 35 10 37 10 38 7 39 16 40 12 41 6 42 4 43 12 44 1 45 4 46 1 47 5 48 4 49 10 50 4 51 11 52 18 53 13 54 7 56 18 57 9 58 9 59 6 60 9 61 3 62 2 63 5 64 19 6 2 16 13 17 9 36 3 55 4 66 7 67 19 68 15 69 1 70 16 71 20 72 18 73 11 74 7 75 6 76 14 77 5 79 3 81 17 82 6 83 20 85 7 86 4 87 8 89 5 90 5 91 6 92 16 78 12 80 11 84 19 88 20
66 0 17 2 16 3 10 4 5 5 18 6 5 7 4 8 12 9 11 11 19 12 20 13 7 14 18 15 15 16 19 17 8 18 17 19 11 20 6 21 3 22 12 23 6 24 1 25 17 26 19 27 6 28 8 29 13 30 15 31 1 32 3 33 5 34 2 35 9 36 16 38 16 39 2 40 18 42 4 43 20 44 13 46 14 47 17 48 15 49 20 50 10 51 16 52 14 53 6 54 18 55 2 57 18 58 14 59 6 60 14 61 14 62 4 64 17 65 7 1 2 10 20 37 8 41 16 45 10 63 6 67 15 68 8 69 13 71 17 72 8 73 10 74 7 75 18 76 13 77 13 78 18 79 17 80 1 81 8 82 16 83 16 84 10 85 19 86 6 88 18 89 8 90 11 91 13 92 11 70 4
67 0 5 1 18 2 4 3 9 4 15 5 14 6 1 7 18 8 14 9 7 10 14 11 17 12 17 13 6 14 13 15 15 16 20 18 15 19 10 20 10 21 8 24 5 25 4 26 18 27 20 28 18 29 15 30 2 31 20 32 9 33 16 34 13 35 18 36 16 37 1 39 2 40 16 41 7 42 13 43 18 44 8 45 17 46 9 47 18 48 16 49 6 50 4 51 16 52 1 53 13 54 20 55 16 56 18 57 17 58 16 59 7 61 14 62 3 63 19 64 10 65 19 66 15 17 3 22 10 23 3 38 2 60 9 68 20 69 13 70 4 71 11 72 10 73 18 74 20 75 1 76 3 77 14 78 1 79 15 80 18 82 20 83 3 84 2 85 18 86 7 87 19 88 4 89 17 90 7 91 13 92 2 81 3
68 0 5 1 3 2 17 4 9 5 5 7 20 8 10 9 20 10 16 11 1 12 16 13 19 14 20 15 8 16 6 17 2 18 16 19 10 20 2 21 11 23 17 24 8 25 12 26 1 27 8 28 5 29 17 30 10 32 2 33 3 34 15 36 6 37 10 38 16 39 15 40 1 42 5 43 18 45 2 46 9 48 6 49 14 50 5 51 7 52 17 53 5 54 1 55 14 56 1 57 19 58 5 59 1 60 8 61 14 62 19 63 6 64 11 65 15 66 8 67 20 3 18 6 3 22 14 31 4 35 1 44 20 47 11 69 18 71 13 72 11 73 7 74 14 75 2 76 16 77 2 78 19 79 5 80 8 81 7 82 20 83 9 84 19 85 15 86 14 87 14 88 5 89 19 90 8 91 10 92 8 70 15
69 0 2 2 2 3 5 4 5 6 11 7 14 8 10 10 20 11 5 12 20 13 2 14 14 15 6 16 8 17 9 18 10 19 13 20 18 22 19 23 18 24 8 25 1 26 17 27 11 28 6 29 7 30 5 31 17 32 1 33 13 34 14 35 2 36 9 37 19 38 9 39 4 40 17 41 1 42 2 43 16 44 10 45 15 46 15 47 5 48 19 49 10 50 2 51 8 52 9 53 12 55 4 56 12 57 1 58 1 60 17 61 6 63 5 64 16 65 1 66 13 67 13 68 18 1 12 5 14 21 19 54 11 59 6 62 8 70 13 71 11 72 12 73 7 74 1 75 18 77 20 78 13 79 19 81 8 82 16 83 4 85 13 86 11 87 14 88 8 89 3 91 14 92 11 76 1 80 2 84 8 90 10
70 0 9 1 8 2 11 3 13 5 17 6 19 7 10 8 19 9 7 10 13 11 11 13 5 14 16 16 16 17 15 18 13 20 6 21 6 22 5 24 12 26 16 27 9 28 19 29 3 31 11 32 5 33 10 34 4 35 9 36 7 37 18 38 5 39 8 40 19 41 15 42 16 43 12 44 5 45 19 46 7 47 4 48 9 49 20 50 13 51 3 52 16 54 2 55 8 56 2 57 17 59 13 60 1 61 20 62 17 63 16 64 6 65 16 67 4 69 13 4 19 12 2 15 12 19 8 23 11 25 8 30 6 66 4 68 15 71 6 72 5 73 13 74 6 75 8 76 4 77 19 78 7 79 9 81 14 82 3 83 17 84 1 85 20 86 16 87 1 89 15 90 18 91 11 92 19 80 2 88 8
71 0 1 1 10 2 12 4 15 5 12 6 9 7 16 8 2 9 18 10 5 11 2 12 7 13 15 14 20 15 1 16 7 17 14 18 10 19 5 20 5 21 15 22 9 23 4 24 4 25 10 26 8 27 1 28 20 29 9 30 12 31 7 32 20 34 6 35 6 36 20 37 16 38 20 39 2 40 4 41 1 42 16 43 4 44 17 45 6 47 6 49 8 50 9 51 11 52 2 53 19 54 11 55 4 56 14 57 10 58 2 60 18 61 10 62 5 64 1 65 20 66 17 67 11 68 13 69 11 70 6 3 19 33 12 46 1 48 19 59 18 63 10 72 12 73 2 74 7 75 2 76 13 77 4 78 15 79 17 80 11 81 3 83 13 84 7 85 20 86 18 87 11 88 8 89 8 90 1 91 12 82 13 92 13
72 0 5 1 16 2 16 3 15 4 14 5 6 6 12 7 15 8 19 9 9 10 20 11 12 12 16 14 6 15 13 16 4 17 8 18 16 19 3 20 9 21 13 22 17 23 13 24 18 26 14 27 18 28 13 29 5 30 11 31 14 32 8 33 13 34 15 36 15 37 9 38 20 39 6 40 16 41 4 42 15 43 15 44 10 45 18 46 11 47 2 50 2 51 13 52 8 53 11 54 6 55 17 56 15 57 2 58 10 59 15 60 9 61 11 62 18 63 1 64 17 65 18 66 8 67 10 68 11 69 12 70 5 71 12 25 1 35 10 49 9 73 14 74 6 75 17 76 11 77 4 78 13 79 1 80 14 81 11 82 18 83 6 85 11 86 14 87 17 88 4 89 11 91 4 92 16 90 2
73 0 1 1 18 3 2 4 14 5 2 6 4 7 16 8 1 9 20 10 4 11 18 13 14 14 13 15 19 16 16 17 12 18 5 19 14 20 5 21 9 22 20 23 14 24 15 25 16 26 18 27 16 28 3 29 6 30 16 31 14 32 2 33 20 34 12 35 9 36 7 37 15 38 17 39 12 40 15 41 11 42 10 43 18 44 3 45 3 46 9 47 12 48 13 49 19 50 8 51 10 52 11 53 3 55 1 56 15 57 4 58 19 59 8 60 8 61 11 62 17 63 1 64 15 65 11 66 10 67 18 68 7 69 7 70 13 71 2 72 14 2 6 12 5 54 13 74 17 75 7 77 4 78 5 79 2 80 14 81 14 82 11 83 15 84 2 86 20 87 5 88 10 89 12 90 10 91 3 92 1 85 20
74 0 16 1 8 2 11 3 6 4 5 5 19 7 10 8 3 9 18 10 7 11 4 12 15 13 6 14 1 15 13 16 19 17 6 18 8 19 18 20 17 21 2 22 20 23 3 24 6 26 15 28 19 29 19 30 9 31 5 34 20 35 2 36 5 38 8 40 5 41 8 42 7 43 8 44 4 45 7 46 18 48 14 49 12 50 1 51 8 52 10 53 16 54 10 55 6 56 17 57 6 58 6 59 15 60 5 61 16 62 9 63 12 64 7 65 7 66 7 67 20 68 14 69 1 70 6 71 7 72 6 73 17 6 7 25 20 27 18 32 1 33 8 37 11 39 11 47 4 77 7 79 5 80 14 81 14 82 18 83 6 85 5 86 13 87 20 88 3 89 9 90 2 91 9 92 4 75 7 78 3 84 11
75 0 2 1 6 2 7 3 11 4 13 5 18 6 14 7 7 9 11 10 11 11 14 12 6 13 5 14 5 15 7 17 19 18 12 19 17 20 20 21 3 22 7 23 5 24 19 25 17 26 9 27 19 28 9 30 2 31 13 32 2 33 17 34 5 35 6 37 15 38 2 39 14 40 19 41 1 42 16 43 5 44 11 45 5 46 2 47 15 48 14 49 10 50 10 52 8 53 5 54 12 56 12 57 6 58 17 59 12 60 14 61 2 62 10 63 2 64 15 65 6 66 18 67 1 68 2 69 18 70 8 71 2 72 17 73 7 8 20 16 12 36 6 51 1 55 11 74 7 76 14 77 16 78 12 79 17 80 20 81 6 82 20 84 1 85 14 86 20 87 6 88 9 89 6 90 13 91 6 92 20 83 6
76 0 14 1 9 2 20 3 10 4 18 5 13 6 2 7 2 8 7 10 5 11 4 12 15 13 9 14 7 15 2 16 18 17 14 19 13 20 2 21 17 22 12 23 1 24 12 25 2 26 8 27 18 28 17 29 1 30 6 31 11 32 13 34 3 35 17 36 7 38 19 39 7 41 6 42 5 43 1 44 17 45 2 46 4 47 17 48 15 49 5 50 13 51 6 52 16 53 15 54 15 55 18 56 9 57 13 58 1 59 20 60 3 61 11 62 3 63 16 65 14 66 13 67 3 68 16 70 4 71 13 72 11 75 14 9 16 18 6 33 12 37 7 40 10 64 15 69 1 77 9 78 6 79 5 80 9 81 6 82 10 84 13 85 9 86 16 90 19 91 9 92 12 83 7 87 12 88 8 89 12
77 0 11 1 10 2 13 3 5 4 2 5 4 6 18 7 9 8 19 9 11 10 3 11 14 12 5 15 11 16 9 17 6 18 15 19 12 20 8 21 16 22 19 24 14 25 19 26 2 27 14 28 13 29 15 30 1 31 8 32 8 33 6 34 14 35 7 36 12 37 10 38 1 39 3 40 16 41 9 43 4 44 17 45 11 47 2 48 16 49 9 50 15 51 12 52 13 53 4 54 2 55 1 56 15 57 17 58 7 59 19 60 5 61 16 62 11 64 8 65 5 66 13 67 14 68 2 69 20 70 19 71 4 72 4 73 4 74 7 75 16 76 9 13 14 14 9 23 19 42 5 46 3 63 17 78 12 80 10 82 14 83 4 84 6 85 14 86 3 87 6 88 20 89 19 90 11 91 12 92 13 79 16 81 19
78 0 12 1 13 2 4 3 12 4 13 5 11 6 13 7 13 8 16 9 12 10 6 11 15 12 14 13 18 15 3 16 13 17 17 18 16 19 20 20 18 22 20 23 4 24 15 25 10 26 16 27 16 28 1 29 13 30 2 31 10 32 12 33 8 34 17 35 18 36 2 37 20 39 7 41 19 42 8 43 18 44 15 45 16 46 20 47 4 48 6 49 6 50 19 51 19 52 8 53 13 55 9 56 20 57 4 58 2 59 16 60 13 61 2 62 13 63 11 64 18 66 18 67 1 68 19 69 13 70 7 71 15 72 13 73 5 75 12 76 6 77 12 14 15 21 1 38 15 40 4 65 12 74 3 79 1 80 13 81 3 82 18 83 6 84 13 85 9 86 8 87 14 88 13 89 6 90 9 91 2 92 18
79 0 2 1 11 3 11 4 16 5 2 6 3 7 5 9 14 10 4 11 16 12 11 13 16 14 6 15 13 16 19 18 3 19 1 20 4 21 8 22 12 23 9 24 12 25 5 26 14 27 16 28 13 29 11 30 9 31 16 32 8 33 17 34 17 35 3 36 7 37 5 38 3 39 8 41 13 42 6 43 6 44 1 45 20 47 9 48 14 49 18 50 9 51 8 54 6 55 13 56 12 57 8 58 20 59 13 60 19 61 20 62 19 63 8 64 2 65 3 66 17 67 15 68 5 69 19 70 9 71 17 72 1 73 2 74 5 75 17 76 5 78 1 2 1 17 6 40 10 46 14 52 14 53 18 77 16 81 9 82 15 83 16 84 10 85 16 86 16 87 1 88 18 89 12 90 7 91 4 92 14 80 13
80 1 5 2 15 3 20 4 17 5 20 7 4 8 7 9 3 10 16 11 13 12 7 13 18 14 6 15 18 16 18 17 6 18 20 19 13 20 14 21 2 23 10 24 6 25 14 26 11 27 12 28 5 29 6 30 15 31 18 33 19 34 2 35 3 36 9 38 19 39 7 40 3 41 6 42 20 44 15 45 17 46 15 47 1 49 2 50 3 51 18 52 10 54 19 55 12 56 1 57 3 58 17 59 1 60 10 61 6 62 19 63 2 64 6 66 1 67 18 68 8 71 11 72 14 73 14 74 14 75 20 76 9 77 10 78 13 0 14 22 4 32 17 37 16 43 20 48 6 53 11 65 11 69 2 70 2 79 13 81 19 82 14 83 2 84 5 85 16 86 6 87 16 88 20 89 6 90 13 91 18 92 5
81 0 19 1 12 3 15 4 6 5 7 7 1 8 18 9 9 10 11 11 7 12 11 13 16 14 10 15 7 17 8 18 11 19 8 20 7 22 17 23 7 24 13 25 10 26 19 27 9 28 4 29 12 31 7 32 6 33 2 34 7 35 7 36 15 37 3 38 6 39 7 40 17 41 16 42 19 44 7 45 3 46 16 47 18 48 14 49 3 50 16 52 15 53 10 55 9 56 8 57 6 58 19 59 9 60 8 61 9 64 15 65 17 66 8 68 7 69 8 70 14 71 3 72 11 73 14 74 14 75 6 76 6 78 3 79 9 80 19 2 12 6 6 16 16 21 4 30 1 51 15 54 18 62 10 67 3 77 19 82 9 83 17 84 12 85 9 86 7 87 20 88 8 89 13 90 6 91 1 92 13
82 0 18 1 3 2 4 3 14 4 15 5 14 7 10 8 3 9 15 10 16 12 14 13 8 15 20 16 12 17 19 18 6 19 16 20 4 21 20 22 7 23 9 24 13 25 12 26 1 27 9 28 18 29 20 30 2 31 9 32 17 33 13 35 4 36 14 37 16 38 20 39 20 40 9 41 17 42 6 43 10 44 2 45 17 46 16 47 12 48 15 49 2 50 11 51 11 52 18 53 19 54 2 55 4 56 6 57 20 58 6 59 15 60 19 62 7 63 3 64 17 65 6 66 16 67 20 68 20 69 16 70 3 72 18 73 11 74 18 75 20 76 10 77 14 78 18 79 15 80 14 81 9 6 8 11 16 14 10 61 16 71 13 83 17 84 2 85 3 86 19 87 1 88 6 89 12 90 12 91 17 92 9
83 0 20 1 16 2 20 3 18 4 3 5 18 6 8 8 6 9 2 10 1 11 19 12 9 13 19 14 1 16 20 17 5 18 13 19 8 20 10 21 7 22 18 23 4 25 16 26 5 27 3 28 8 29 3 30 7 31 10 32 15 33 16 34 9 35 12 36 3 37 4 38 11 39 20 40 13 41 7 44 14 45 2 48 16 49 7 50 14 51 19 52 3 53 1 54 15 55 13 57 11 58 15 59 6 60 4 61 1 63 20 64 7 65 20 66 16 67 3 68 9 69 4 70 17 71 13 72 6 73 15 74 6 77 4 78 6 79 16 80 2 81 17 82 17 7 16 24 19 42 3 43 1 46 10 47 13 56 8 62 20 75 6 76 7 84 6 85 12 88 2 89 18 90 9 91 16 92 7 86 16 87 12
84 0 2 1 13 2 3 3 9 4 18 5 17 6 2 7 10 8 8 9 17 10 4 11 1 12 9 13 14 14 5 15 8 17 10 18 4 19 7 20 9 22 19 23 1 24 12 25 8 26 6 28 7 29 19 30 17 32 14 33 16 34 7 35 19 36 16 37 6 38 7 39 16 40 7 41 7 42 17 43 11 44 4 45 16 46 8 47 14 48 15 49 7 50 11 51 4 52 7 53 19 54 1 55 16 56 3 57 8 58 7 60 20 61 17 62 18 63 9 64 19 66 10 67 2 68 19 70 1 71 7 73 2 75 1 76 13 77 6 78 13 79 10 80 5 81 12 82 2 83 6 16 8 21 3 27 9 31 5 59 13 65 19 69 8 74 11 85 16 86 19 87 19 88 1 89 11 90 5 91 2 92 18
85 0 20 1 17 2 1 3 8 4 5 5 19 6 9 7 16 9 15 10 5 11 13 12 18 13 5 14 4 15 9 16 15 17 9 19 18 20 14 21 17 22 17 23 1 24 16 25 5 26 11 27 8 28 1 29 14 30 16 31 9 32 3 34 14 35 7 36 8 37 5 38 19 39 10 40 18 41 18 42 6 43 2 44 15 45 1 47 16 48 19 49 20 50 6 51 14 52 2 53 18 55 6 57 15 58 10 59 7 60 15 61 5 62 18 63 18 64 13 65 7 66 19 67 18 68 15 69 13 70 20 71 20 72 11 74 5 75 14 76 9 77 14 78 9 79 16 80 16 81 9 82 3 83 12 84 16 8 18 18 6 33 18 46 5 54 12 73 20 87 18 88 6 89 8 90 5 91 16 92 19 86 14
86 0 17 1 16 2 19 3 3 4 13 5 10 6 18 7 12 8 18 9 3 10 16 11 1 13 20 14 12 15 10 16 4 17 2 18 15 19 5 20 18 21 13 22 13 23 8 24 7 25 9 26 9 27 1 28 9 29 2 30 14 31 3 32 6 33 19 35 6 36 5 37 18 38 7 39 1 40 4 41 19 42 2 43 13 44 6 45 19 46 11 47 19 48 19 49 16 50 19 51 20 52 17 53 20 54 10 55 16 56 3 57 17 58 15 59 19 60 7 61 16 62 14 63 18 64 2 65 4 66 6 67 7 68 14 69 11 70 16 71 18 72 14 73 20 74 13 75 20 76 16 77 3 78 8 79 16 80 6 81 7 82 19 84 19 12 8 34 4 83 16 85 14 87 2 88 11 89 9 90 7 91 3 92 14
87 0 6 1 7 2 14 3 13 5 11 6 2 7 8 9 2 10 14 11 6 12 8 14 4 16 8 17 3 18 14 19 5 20 19 22 12 23 14 24 17 25 17 26 17 27 15 28 8 29 20 31 19 32 6 33 14 34 1 36 13 37 16 38 15 40 10 41 14 42 1 43 3 44 5 46 20 47 10 48 15 50 19 51 14 52 17 53 20 54 14 55 17 56 14 57 19 58 19 60 9 61 19 62 11 63 10 64 3 65 8 67 19 68 14 69 14 70 1 71 11 72 17 73 5 74 20 75 6 77 6 78 14 79 1 80 16 81 20 82 1 84 19 85 18 86 2 4 2 8 8 13 15 15 18 21 5 30 17 35 7 39 18 45 3 49 4 76 12 83 12 88 1 89 6 90 16 91 17 92 9
88 0 3 1 3 3 15 4 14 5 20 6 5 7 8 8 14 9 6 10 19 11 5 12 4 14 8 16 16 18 11 19 10 20 19 21 4 22 6 24 9 25 12 26 3 27 8 28 14 29 12 30 12 31 7 32 2 33 20 34 14 35 11 36 16 37 19 38 19 39 3 41 13 42 5 43 8 44 10 45 7 46 9 47 2 48 16 51 18 52 7 53 5 54 16 55 14 56 14 58 16 60 12 61 4 63 1 64 9 66 18 67 4 68 5 69 8 71 8 72 4 73 10 74 3 75 9 77 20 78 13 79 18 80 20 81 8 82 6 83 2 84 1 85 6 86 11 87 1 2 4 13 16 15 19 23 18 40 12 49 14 50 8 57 20 59 11 62 5 65 20 70 8 76 8 90 19 91 15 92 14
89 0 2 1 11 2 14 3 19 4 14 5 19 6 2 7 18 8 13 9 15 10 20 11 19 12 5 13 1 14 15 15 1 17 2 18 11 19 3 20 14 21 10 22 15 23 17 24 6 25 5 26 16 27 15 28 13 29 5 30 15 31 9 32 18 33 8 35 2 36 16 37 2 39 12 41 2 42 11 44 3 45 8 46 19 47 2 48 20 49 9 52 8 53 4 55 15 56 17 57 15 58 6 59 5 61 13 62 18 63 9 64 20 65 5 66 8 67 17 68 19 69 3 70 15 71 8 72 11 73 12 74 9 75 6 77 19 78 6 79 12 80 6 81 13 82 12 83 18 84 11 85 8 86 9 87 6 16 13 34 18 38 13 40 8 50 12 51 19 54 9 60 2 76 12 90 4 91 16 92 10
90 0 12 1 18 2 18 5 5 6 10 7 3 8 14 9 4 10 4 11 18 12 14 13 2 14 1 15 7 16 7 17 2 18 14 19 17 21 16 22 19 23 3 24 2 26 9 27 16 28 11 30 6 32 7 33 12 34 13 35 13 36 6 37 4 38 17 39 9 40 10 41 2 42 9 43 19 44 14 45 20 47 5 48 4 49 6 50 3 52 6 53 17 54 14 55 11 56 19 57 7 58 5 59 14 60 4 61 3 62 12 64 4 65 5 66 11 67 7 68 8 70 18 71 1 73 10 74 2 75 13 76 19 77 11 78 9 79 7 80 13 81 6 82 12 83 9 84 5 85 5 86 7 87 16 88 19 89 4 3 10 4 8 25 19 29 7 31 11 46 6 51 17 63 14 69 10 72 2 91 2 92 4
91 0 2 1 3 2 1 3 15 4 4 5 20 6 6 7 17 8 2 9 14 10 12 11 1 12 11 13 8 15 6 16 11 17 14 18 11 19 14 20 17 21 6 22 3 23 6 24 14 25 4 26 9 27 1 29 6 31 20 32 6 33 19 34 6 35 19 36 17 37 18 38 16 39 14 40 12 41 14 42 11 43 7 44 7 46 18 47 4 48 6 49 1 50 19 51 20 52 1 53 14 54 6 55 6 56 4 57 2 58 2 59 14 60 13 61 7 62 4 63 4 64 15 65 6 66 13 67 13 68 10 69 14 70 11 71 12 72 4 73 3 74 9 75 6 76 9 77 12 78 2 79 4 81 1 82 17 83 16 84 2 85 16 86 3 87 17 88 15 89 16 90 2 14 19 28 19 30 8 45 17 80 18 92 13
92 0 11 1 5 2 5 3 8 4 11 5 4 6 9 7 4 8 1 9 2 10 12 11 17 12 15 13 14 14 8 15 2 17 1 20 13 21 13 22 20 23 6 25 18 26 18 27 18 28 5 29 15 30 1 31 19 32 3 33 18 35 14 36 20 37 15 38 18 39 3 40 20 41 1 42 14 43 16 44 6 45 18 46 14 47 17 48 5 49 17 50 3 51 10 52 18 53 9 54 17 55 18 56 13 57 2 58 11 60 7 61 6 63 1 64 15 65 16 66 11 67 2 68 8 69 11 70 19 72 16 73 1 74 4 75 20 76 12 77 13 79 14 81 13 82 9 83 7 84 18 85 19 86 14 87 9 88 14 89 10 90 4 91 13 16 8 18 7 19 4 24 2 34 1 59 8 62 2 71 13 78 18 80 5
