43
0 18 6 34 16 38 2
1 12 9 19 13 11 1 40 15
2 10 15 32 9 34 7 7 20 22 6 23 3
3 15 16 25 17
4 5 10 6 8 13 4 20 11 23 11 24 19 25 11 29 12 32 2 42 17
5 4 10 12 6 14 19 17 13 22 10 38 7 28 7
6 4 8 7 8 19 9 21 11 31 4 33 9 30 4
7 6 8 2 20 30 12 34 12 20 11
8 37 8 24 1
9 23 9 42 15 16 12
10 2 15 22 17 41 12
11 1 1 26 6 29 2
12 1 9 5 6 30 7 31 9
13 4 4
14 5 19 18 15 35 1
15 3 16 32 8
16 9 12 38 2 41 15
17 5 13 30 12
18 0 6 14 15 34 10
19 1 13 6 9 22 20 27 3 26 17
20 4 11 7 11 37 4 42 7
21 6 11
22 5 10 10 17 19 20 2 6 30 13 33 11 41 11 39 13
23 4 11 9 9 2 3 24 7 41 9
24 4 19 23 7 8 1 36 8 38 16
25 3 17 4 11 37 11 39 17
26 11 6 19 17 34 3
27 19 3 39 16 38 7
28 5 7 38 6 39 2
29 4 12 11 2
30 7 12 12 7 17 12 22 13 6 4 35 1
31 6 4 12 9 32 17 34 12
32 2 9 4 2 15 8 31 17
33 6 9 22 11 35 9
34 0 16 2 7 7 12 18 10 26 3 31 12 39 2 40 17
35 30 1 33 9 14 1
36 24 8 41 13
37 8 8 20 4 25 11
38 0 2 5 7 16 2 28 6 24 16 27 7
39 25 17 27 16 28 2 34 2 22 13
40 34 17 1 15
41 10 12 16 15 22 11 23 9 36 13
42 4 17 9 15 20 7
