87
0 22 11 25 3 31 11 34 16 54 3 61 13
1 26 18 28 8 42 1 64 19 82 13 46 1
2 21 20 45 18
3 10 13 39 3 71 11
4 54 19
5 13 19 20 19 30 9 36 9 38 18 43 14 49 14 82 12 63 15 69 4
6 61 19 69 3
7 66 16 80 13
8 19 11 39 2 61 3 82 19
9 70 14 85 8 10 17 34 17
10 3 13 9 17 13 17 17 18
11 12 16 39 13 49 3 81 4
12 11 16 40 2 45 19 16 8 77 7
13 5 19 10 17 30 12 33 15 42 5 71 15 84 17 18 14
14 20 20 37 20
15 57 9 58 1 63 17 74 5
16 12 8 81 20
17 10 18 18 2
18 17 2 13 14 27 9 48 10 54 1 55 18 65 9
19 8 11 62 6
20 5 19 14 20 67 3 30 8
21 2 20 35 4 47 12 61 11 62 7 28 4 51 15 75 18
22 0 11 74 18
23 30 15 35 18 45 16
24 31 10 76 16 48 1
25 0 3 32 8 75 14 85 6 34 8
26 1 18 39 13 48 19 52 14 71 7 29 12
27 18 9 72 7 80 4
28 1 8 21 4 74 16
29 26 12 31 10
30 5 9 13 12 23 15 20 8 78 10
31 0 11 24 10 29 10 58 2 76 11 77 20 80 6
32 25 8 71 5 73 18
33 13 15 51 18
34 0 16 9 17 25 8 43 10 57 3
35 21 4 23 18 54 9 74 13 49 13
36 5 9 50 6 73 8
37 14 20 67 6 77 19 48 15
38 5 18
39 3 3 8 2 11 13 26 13 51 11 61 14 67 18 70 9
40 12 2
41 57 2
42 1 1 13 5
43 5 14 34 10
44 55 9 59 10 85 15
45 2 18 12 19 23 16
46 1 1 54 3 48 15
47 21 12 79 20 48 2
48 18 10 26 19 24 1 37 15 46 15 47 2 57 7
49 5 14 11 3 35 13 53 14 56 10 73 10 80 11
50 36 6 63 7
51 33 18 39 11 21 15 56 7 73 3
52 26 14 63 8
53 49 14 80 10 72 2
54 0 3 4 19 18 1 35 9 46 3
55 18 18 44 9
56 51 7 49 10
57 15 9 34 3 41 2 48 7 68 3
58 15 1 31 2
59 44 10 61 17 77 18 80 3 85 3
60 63 3
61 0 13 6 19 8 3 21 11 39 14 59 17
62 19 6 21 7 68 2
63 15 17 52 8 60 3 5 15 50 7
64 1 19 66 2 82 15 83 12
65 18 9 66 12 71 15
66 7 16 64 2 65 12
67 20 3 37 6 39 18
68 57 3 62 2
69 6 3 5 4
70 9 14 39 9
71 3 11 13 15 26 7 32 5 65 15
72 27 7 53 2
73 32 18 36 8 49 10 51 3 75 17
74 15 5 35 13 22 18 28 16
75 25 14 73 17 21 18 83 16
76 24 16 31 11
77 31 20 37 19 59 18 12 7
78 30 10 79 10 81 7
79 47 20 78 10 82 10 85 4
80 7 13 31 6 53 10 59 3 27 4 49 11
81 11 4 16 20 78 7
82 1 13 5 12 8 19 64 15 79 10
83 64 12 75 16
84 13 17
85 9 8 25 6 79 4 44 15 59 3 86 1
86 85 1
