73
0 5 17 19 7 28 17 61 17 35 17 56 19
1 61 9 37 10 43 7
2 39 15 55 13 68 8
3 44 9
4 7 18
5 0 17 64 1 11 19 42 11
6 13 13 44 4 61 16
7 4 18 12 15 32 7
8 15 5 40 2
9 32 2 58 7
10 11 10 30 20 35 1 42 4 56 7 64 16 55 12 65 8 71 18
11 10 10 5 19 14 13
12 7 15 18 4 22 13 24 12
13 6 13 44 5 52 13 24 8
14 11 13 23 16 39 19 42 16 47 9 69 13 40 14
15 8 5 26 1 39 2 62 20 68 17 21 2
16 26 12 28 2 52 8 54 7
17 22 9 26 12 37 11 39 5 65 5 69 1
18 12 4 56 12 30 6 70 11
19 0 7
20 33 18 24 16
21 15 2 47 6 60 7
22 17 9 12 13 49 7
23 14 16 24 15 28 8
24 23 15 12 12 13 8 20 16
25 41 1 72 10
26 15 1 16 12 17 12
27 42 20 45 17 71 16
28 0 17 16 2 23 8 63 11
29 46 2 57 13 33 20
30 10 20 18 6 38 4
31 37 1 63 10 33 2
32 7 7 9 2 35 10 49 5 53 4
33 20 18 29 20 31 2 55 6 64 11
34 41 19 69 18
35 10 1 32 10 0 17 62 17
36 49 4 56 14 43 16
37 17 11 31 1 1 10 42 9 38 5
38 30 4 37 5 41 8 58 18 64 20
39 2 15 14 19 15 2 17 5 40 6 42 19 49 3
40 39 6 8 2 14 14 61 4 63 8 67 17 52 10
41 25 1 34 19 38 8 46 5 49 5 56 20
42 10 4 14 16 27 20 37 9 39 19 5 11 43 10
43 42 10 1 7 36 16
44 3 9 6 4 13 5
45 27 17 48 14 61 4 67 19 68 5
46 29 2 41 5 51 11 62 1
47 14 9 21 6 58 9
48 45 14
49 32 5 36 4 39 3 41 5 22 7
50 51 1
51 46 11 50 1
52 13 13 16 8 40 10 59 1
53 32 4 56 3
54 16 7 56 2
55 2 13 33 6 10 12 57 10 59 20
56 10 7 18 12 36 14 41 20 53 3 54 2 0 19 59 11 61 19 66 9
57 29 13 55 10 62 20
58 9 7 38 18 47 9
59 52 1 55 20 56 11
60 21 7 63 17
61 0 17 1 9 6 16 40 4 45 4 56 19 63 8
62 15 20 35 17 46 1 57 20 66 19
63 28 11 31 10 40 8 60 17 61 8 70 5
64 5 1 10 16 33 11 38 20
65 17 5 10 8 67 15
66 56 9 62 19
67 40 17 45 19 65 15
68 2 8 15 17 45 5 72 14
69 14 13 17 1 34 18
70 63 5 18 11
71 27 16 10 18
72 25 10 68 14
