47
0 1 19 2 3 3 14 4 17 5 8 6 15 7 12 8 15 9 7 10 14 11 7 12 9 13 14 15 13 16 19 17 9 18 4 19 10 20 2 21 19 22 10 23 6 24 2 26 3 27 9 28 8 29 2 30 2 31 4 32 1 33 9 34 9 38 14 39 12 40 9 41 3 42 19 45 2 46 13 14 2 25 5 35 16 36 15 37 7 43 18
1 0 19 2 6 4 8 5 17 6 15 7 13 8 15 9 9 10 9 11 1 12 10 13 7 14 2 15 20 16 16 17 5 18 18 19 12 20 8 21 18 23 6 24 4 25 3 26 18 27 7 28 10 29 7 30 5 31 12 32 18 33 17 34 14 35 1 36 20 37 15 38 12 39 17 40 7 41 10 43 8 44 17 45 1 46 8 3 1 22 1 42 11
2 0 3 1 6 3 7 4 3 5 2 6 2 7 14 8 14 9 14 11 19 12 11 14 9 15 9 16 12 17 13 18 4 19 17 20 11 21 14 22 4 24 14 25 15 27 18 28 14 29 16 30 8 31 20 33 8 34 14 35 3 36 15 37 12 38 10 39 3 40 13 42 7 43 14 44 7 46 18 10 2 13 11 23 20 26 13 32 18 41 1 45 4
3 0 14 2 7 1 1 4 12 5 18 6 3 7 12 8 18 9 7 10 18 11 5 12 6 13 3 14 13 15 13 16 9 17 6 18 6 19 9 20 20 21 15 22 1 24 5 26 4 27 18 28 12 29 15 30 19 31 15 33 16 34 20 35 9 36 8 37 1 39 13 40 6 41 3 42 4 43 6 44 11 45 12 46 15 23 6 25 10 32 20
4 0 17 1 8 2 3 3 12 5 15 7 16 8 19 9 20 10 12 11 11 12 5 13 12 14 11 15 3 16 8 17 9 18 18 19 16 20 2 21 15 22 1 23 19 24 16 25 15 26 3 27 17 28 3 29 18 30 4 31 7 32 11 33 19 34 13 35 4 36 17 37 19 38 11 39 9 41 2 42 17 43 10 44 5 45 1 46 7 6 5
5 0 8 1 17 2 2 3 18 4 15 6 7 7 1 8 8 9 14 10 13 11 4 12 2 13 5 14 6 15 14 16 10 17 15 19 12 20 4 21 20 22 14 25 5 26 13 27 2 29 10 30 17 31 1 32 3 33 2 34 15 35 6 36 16 37 19 38 11 39 12 40 15 42 15 43 3 44 5 45 9 18 20 23 18 24 16 28 5 41 4 46 12
6 0 15 1 15 2 2 3 3 5 7 4 5 7 9 8 13 9 14 10 7 11 5 12 1 13 13 14 5 15 4 16 4 17 4 19 9 20 10 21 7 22 17 23 13 24 16 25 2 26 1 27 5 28 18 29 17 30 8 32 19 33 19 34 5 35 6 36 9 37 7 38 12 39 18 40 6 41 14 42 9 43 8 44 12 46 14 18 9 31 11 45 2
7 0 12 1 13 2 14 3 12 4 16 5 1 6 9 8 10 9 10 10 5 11 17 12 13 13 4 14 13 19 1 20 11 21 18 23 5 24 10 25 12 26 4 28 9 29 1 31 14 32 1 33 17 34 10 35 5 36 17 37 3 38 13 39 2 40 6 41 13 42 3 43 9 44 9 45 6 46 3 15 7 16 9 17 10 18 16 27 11 30 17
8 0 15 1 15 2 14 3 18 4 19 5 8 6 13 7 10 9 19 10 12 11 12 12 10 13 9 14 20 15 13 16 2 17 5 18 12 19 19 20 3 21 12 22 14 23 9 24 6 25 12 26 20 27 18 29 12 30 10 31 7 32 3 33 8 34 15 35 17 36 17 37 5 38 13 39 16 40 9 42 15 43 20 44 6 46 19 28 2 41 3
9 0 7 1 9 2 14 3 7 4 20 5 14 6 14 7 10 8 19 10 4 12 8 13 17 15 20 16 12 17 16 18 7 19 18 20 2 21 9 22 8 23 15 24 12 25 12 26 7 27 14 28 6 29 13 30 15 32 18 33 11 34 7 35 4 36 6 37 16 38 12 39 14 40 3 42 1 43 16 44 16 45 4 46 9 11 10 14 2 41 8
10 0 14 1 9 3 18 4 12 5 13 6 7 7 5 8 12 9 4 2 2 11 19 12 17 14 13 15 13 16 14 17 5 19 4 20 12 21 10 22 10 23 19 24 1 25 10 26 18 27 6 29 5 30 14 31 15 32 18 33 17 34 7 35 3 36 20 37 11 38 14 39 10 40 15 41 15 42 12 43 1 44 4 45 19 46 20 13 19 18 10 28 19
11 0 7 1 1 2 19 3 5 4 11 5 4 6 5 7 17 8 12 10 19 9 10 12 7 13 19 14 3 15 15 16 15 17 2 18 5 19 13 20 5 21 14 22 9 23 6 24 10 25 5 26 5 27 20 28 2 29 10 30 8 31 10 32 5 33 4 34 2 35 11 36 11 37 20 38 1 39 19 40 14 42 20 43 15 44 2 45 14 46 2 41 10
12 0 9 1 10 2 11 3 6 4 5 5 2 6 1 7 13 8 10 9 8 10 17 11 7 14 8 15 16 16 6 17 12 18 13 19 14 20 7 21 10 22 15 23 3 24 15 25 16 26 12 27 15 28 14 29 5 30 6 31 15 32 9 33 9 34 12 35 9 36 12 37 12 39 18 40 20 41 6 42 8 44 1 45 8 46 11 13 15 38 16 43 17
13 0 14 1 7 3 3 4 12 5 5 6 13 7 4 8 9 9 17 11 19 2 11 10 19 12 15 14 3 15 7 16 17 17 9 18 14 19 4 21 4 22 1 23 4 24 8 25 3 26 5 27 14 28 12 29 3 30 1 31 9 32 1 33 18 34 9 35 8 36 18 37 12 39 19 40 18 42 19 43 5 44 5 45 7 46 12 38 6 41 2
14 1 2 2 9 3 13 4 11 5 6 6 5 7 13 8 20 10 13 11 3 12 8 13 3 0 2 9 2 15 4 16 10 17 1 18 4 19 11 21 15 22 2 23 5 24 2 28 19 29 8 30 10 31 4 32 14 33 17 34 2 35 2 37 7 38 8 39 1 42 4 43 14 44 6 45 13 46 17 20 7 25 16 26 16 27 6 36 17 40 8 41 2
15 0 13 1 20 2 9 3 13 4 3 5 14 6 4 8 13 9 20 10 13 11 15 12 16 13 7 14 4 7 7 16 18 17 17 18 2 19 10 20 6 21 17 22 16 23 2 24 19 25 3 27 15 28 10 29 2 32 17 33 7 34 9 36 13 37 10 38 9 40 10 41 4 42 17 43 1 44 11 45 20 46 1 26 2 30 12 31 4 35 20 39 5
16 0 19 1 16 2 12 3 9 4 8 5 10 6 4 8 2 9 12 10 14 11 15 12 6 13 17 14 10 15 18 7 9 17 3 18 10 19 8 20 12 21 19 22 2 23 6 24 2 25 11 26 14 28 5 29 10 30 7 31 12 32 18 33 3 34 7 35 17 36 2 37 2 38 16 39 11 41 11 42 14 43 19 44 5 45 18 46 19 27 11 40 19
17 0 9 1 5 2 13 3 6 4 9 5 15 6 4 8 5 9 16 10 5 11 2 12 12 13 9 14 1 15 17 16 3 7 10 18 11 20 17 21 15 22 12 24 3 25 8 26 11 27 1 28 2 29 5 30 16 31 18 32 12 33 19 34 5 35 17 37 3 38 19 39 3 40 4 42 7 43 12 44 9 45 11 46 10 19 14 23 12 36 5 41 15
18 0 4 1 18 2 4 3 6 4 18 8 12 9 7 11 5 12 13 13 14 14 4 15 2 16 10 17 11 5 20 6 9 7 16 10 10 19 19 20 11 21 2 22 8 23 9 24 1 25 8 26 11 27 11 28 10 29 17 30 5 31 12 32 19 33 16 34 5 35 15 36 10 37 9 38 13 39 8 40 6 41 1 42 13 43 5 44 3 45 10 46 8
19 0 10 1 12 2 17 3 9 4 16 5 12 6 9 7 1 8 19 9 18 10 4 11 13 12 14 13 4 14 11 15 10 16 8 18 19 17 14 20 10 21 15 22 8 23 14 24 9 25 11 26 8 27 15 28 5 29 1 30 15 32 1 33 18 34 2 35 12 36 18 37 9 39 2 40 5 41 16 42 10 43 14 44 17 45 2 46 14 31 12 38 18
20 0 2 1 8 2 11 3 20 4 2 5 4 6 10 7 11 8 3 9 2 10 12 11 5 12 7 15 6 16 12 17 17 18 11 19 10 14 7 21 16 22 9 25 12 26 5 27 12 28 5 30 13 31 12 32 1 33 17 34 9 35 12 37 6 38 1 39 14 40 7 41 19 42 11 43 4 44 15 45 12 46 16 23 20 24 1 29 8 36 1
21 0 19 1 18 2 14 3 15 4 15 5 20 6 7 7 18 8 12 9 9 10 10 11 14 12 10 13 4 14 15 15 17 16 19 17 15 18 2 19 15 20 16 22 17 23 1 24 12 25 9 26 15 27 4 28 15 29 12 30 3 32 20 33 3 34 17 35 4 36 19 37 17 38 15 41 11 42 19 43 4 44 5 45 12 46 17 31 5 39 17 40 5
22 0 10 2 4 3 1 4 1 5 14 6 17 8 14 9 8 10 10 11 9 12 15 13 1 14 2 15 16 16 2 17 12 18 8 19 8 20 9 21 17 1 1 23 3 24 3 25 14 26 1 27 10 28 8 29 11 30 19 32 5 35 13 36 8 37 20 38 8 39 14 40 19 41 15 42 15 43 12 44 10 45 18 46 15 31 1 33 20 34 10
23 0 6 1 6 4 19 6 13 7 5 8 9 9 15 10 19 11 6 12 3 13 4 14 5 15 2 16 6 18 9 19 14 21 1 22 3 2 20 3 6 5 18 17 12 20 20 24 8 25 19 26 2 27 5 29 10 30 11 31 4 32 13 33 15 34 4 35 4 36 13 37 8 38 2 39 13 40 14 41 3 42 11 44 19 45 16 46 9 28 13 43 12
24 0 2 1 4 2 14 3 5 4 16 6 16 7 10 8 6 9 12 10 1 11 10 12 15 13 8 14 2 15 19 16 2 17 3 18 1 19 9 21 12 22 3 23 8 5 16 20 1 25 17 26 16 27 18 28 4 29 14 30 7 31 9 32 10 33 20 34 14 35 20 36 15 37 8 38 6 39 3 40 6 41 7 42 2 43 4 44 5 45 7 46 20
25 1 3 2 15 4 15 5 5 6 2 7 12 8 12 9 12 10 10 11 5 12 16 13 3 15 3 16 11 17 8 18 8 19 11 20 12 21 9 22 14 23 19 24 17 0 5 3 10 14 16 26 5 27 7 28 14 29 17 30 8 33 4 34 13 35 8 36 6 37 6 38 17 39 14 40 6 41 10 42 10 43 8 44 3 45 17 46 16 31 5
26 0 3 1 18 3 4 4 3 5 13 6 1 7 4 8 20 9 7 10 18 11 5 12 12 13 5 16 14 17 11 18 11 19 8 20 5 21 15 22 1 23 2 24 16 25 5 2 13 14 16 15 2 27 16 29 10 30 10 31 7 32 5 33 17 34 18 35 9 36 6 37 17 39 15 40 14 41 10 42 17 43 11 44 2 45 4 46 1 28 15 38 1
27 0 9 1 7 2 18 3 18 4 17 5 2 6 5 8 18 9 14 10 6 11 20 12 15 13 14 15 15 17 1 18 11 19 15 20 12 21 4 22 10 23 5 24 18 25 7 26 16 7 11 14 6 16 11 28 3 29 5 30 9 31 12 32 11 33 5 34 4 35 12 36 20 37 17 38 20 39 1 40 6 41 11 42 16 43 8 44 9 45 13 46 3
28 0 8 1 10 2 14 3 12 4 3 6 18 7 9 9 6 11 2 12 14 13 12 14 19 15 10 16 5 17 2 18 10 19 5 20 5 21 15 22 8 24 4 25 14 27 3 5 5 8 2 10 19 23 13 26 15 29 20 31 16 32 7 33 10 34 17 35 20 36 5 37 17 38 13 39 7 40 12 41 15 42 17 43 4 44 6 45 20 46 17 30 6
29 0 2 1 7 2 16 3 15 4 18 5 10 6 17 7 1 8 12 9 13 10 5 11 10 12 5 13 3 14 8 15 2 16 10 17 5 18 17 19 1 21 12 22 11 23 10 24 14 25 17 26 10 27 5 28 20 20 8 30 6 31 10 32 15 33 16 34 9 35 1 36 14 37 1 38 20 39 4 40 5 41 4 42 4 43 13 44 19 45 10 46 10
30 0 2 1 5 2 8 3 19 4 4 5 17 6 8 8 10 9 15 10 14 11 8 12 6 13 1 14 10 16 7 17 16 18 5 19 15 20 13 21 3 22 19 23 11 24 7 25 8 26 10 27 9 29 6 7 17 15 12 28 6 31 16 32 19 33 3 34 10 35 5 36 1 37 17 38 17 39 1 40 15 41 2 42 3 43 5 45 12 44 6 46 8
31 0 4 1 12 2 20 3 15 4 7 5 1 7 14 8 7 10 15 11 10 12 15 13 9 14 4 16 12 17 18 18 12 20 12 23 4 24 9 26 7 27 12 28 16 29 10 30 16 6 11 15 4 19 12 21 5 22 1 25 5 32 18 35 19 36 8 37 16 39 6 40 1 41 2 42 4 43 2 44 12 45 5 46 1 38 16
32 0 1 1 18 4 11 5 3 6 19 7 1 8 3 9 18 10 18 11 5 12 9 13 1 14 14 15 17 16 18 17 12 18 19 19 1 20 1 21 20 22 5 23 13 24 10 26 5 27 11 28 7 29 15 30 19 31 18 2 18 3 20 33 17 34 14 35 11 36 8 37 4 38 1 39 13 40 19 41 15 42 17 43 2 44 18 45 11 46 5
33 0 9 1 17 2 8 3 16 4 19 5 2 6 19 7 17 8 8 9 11 10 17 11 4 12 9 13 18 14 17 15 7 16 3 17 19 18 16 19 18 20 17 21 3 23 15 24 20 25 4 26 17 27 5 28 10 29 16 30 3 32 17 22 20 34 4 36 1 37 6 38 20 39 12 40 17 41 10 42 2 43 7 44 3 45 11 46 11 35 18
34 0 9 1 14 2 14 3 20 4 13 5 15 6 5 7 10 8 15 9 7 10 7 11 2 12 12 13 9 14 2 15 9 16 7 17 5 18 5 19 2 20 9 21 17 23 4 24 14 25 13 26 18 27 4 28 17 29 9 30 10 32 14 33 4 22 10 35 17 36 18 37 14 38 18 39 13 40 8 41 7 42 9 43 8 44 18 45 15 46 13
35 1 1 2 3 3 9 4 4 5 6 6 6 7 5 8 17 9 4 10 3 11 11 12 9 13 8 14 2 16 17 17 17 18 15 19 12 20 12 21 4 22 13 23 4 24 20 25 8 26 9 27 12 28 20 29 1 30 5 31 19 32 11 34 17 0 16 15 20 33 18 36 17 37 7 39 10 40 19 41 20 42 18 44 16 45 15 46 16
36 1 20 2 15 3 8 4 17 5 16 6 9 7 17 8 17 9 6 10 20 11 11 12 12 13 18 15 13 16 2 18 10 19 18 21 19 22 8 23 13 24 15 25 6 26 6 27 20 28 5 29 14 30 1 31 8 32 8 33 1 34 18 35 17 0 15 14 17 17 5 20 1 37 11 39 13 40 19 41 5 42 19 43 13 44 4 46 14 38 2 45 14
37 1 15 2 12 3 1 4 19 5 19 6 7 7 3 8 5 9 16 10 11 11 20 12 12 13 12 14 7 15 10 16 2 17 3 18 9 19 9 20 6 21 17 22 20 23 8 24 8 25 6 26 17 27 17 28 17 29 1 30 17 31 16 32 4 33 6 34 14 35 7 36 11 0 7 38 16 39 14 40 14 41 8 42 10 43 2 44 11 45 11 46 10
38 0 14 1 12 2 10 4 11 5 11 6 12 7 13 8 13 9 12 10 14 11 1 14 8 15 9 16 16 17 19 18 13 20 1 21 15 22 8 23 2 24 6 25 17 27 20 28 13 29 20 30 17 32 1 33 20 34 18 37 16 12 16 13 6 19 18 26 1 31 16 36 2 39 11 40 12 41 20 42 10 43 17 44 6 45 15 46 11
39 0 12 1 17 2 3 3 13 4 9 5 12 6 18 7 2 8 16 9 14 10 10 11 19 12 18 13 19 14 1 16 11 17 3 18 8 19 2 20 14 22 14 23 13 24 3 25 14 26 15 27 1 28 7 29 4 30 1 31 6 32 13 33 12 34 13 35 10 36 13 37 14 38 11 15 5 21 17 40 11 41 10 42 2 44 10 45 8 46 1
40 0 9 1 7 2 13 3 6 5 15 6 6 7 6 8 9 9 3 10 15 11 14 12 20 13 18 15 10 17 4 18 6 19 5 20 7 22 19 23 14 24 6 25 6 26 14 27 6 28 12 29 5 30 15 31 1 32 19 33 17 34 8 35 19 36 19 37 14 38 12 39 11 14 8 16 19 21 5 41 2 42 14 43 2 44 8 45 14 46 7
41 0 3 1 10 3 3 4 2 6 14 7 13 10 15 12 6 15 4 16 11 18 1 19 16 20 19 21 11 22 15 23 3 24 7 25 10 26 10 27 11 28 15 29 4 30 2 31 2 32 15 33 10 34 7 35 20 36 5 37 8 38 20 39 10 40 2 2 1 5 4 8 3 9 8 11 10 13 2 14 2 17 15 42 8 43 6 44 9 45 3 46 4
42 0 19 2 7 3 4 4 17 5 15 6 9 7 3 8 15 9 1 10 12 11 20 12 8 13 19 14 4 15 17 16 14 17 7 18 13 19 10 20 11 21 19 22 15 23 11 24 2 25 10 26 17 27 16 28 17 29 4 30 3 31 4 32 17 33 2 34 9 35 18 36 19 37 10 38 10 39 2 40 14 41 8 1 11 43 9 45 18 46 1 44 5
43 1 8 2 14 3 6 4 10 5 3 6 8 7 9 8 20 9 16 10 1 11 15 13 5 14 14 15 1 16 19 17 12 18 5 19 14 20 4 21 4 22 12 24 4 25 8 26 11 27 8 28 4 29 13 30 5 31 2 32 2 33 7 34 8 36 13 37 2 38 17 40 2 41 6 42 9 0 18 12 17 23 12 44 13 45 16 46 1
44 1 17 2 7 3 11 4 5 5 5 6 12 7 9 8 6 9 16 10 4 11 2 12 1 13 5 14 6 15 11 16 5 17 9 18 3 19 17 20 15 21 5 22 10 23 19 24 5 25 3 26 2 27 9 28 6 29 19 31 12 32 18 33 3 34 18 35 16 36 4 37 11 38 6 39 10 40 8 41 9 43 13 30 6 42 5 45 13 46 20
45 0 2 1 1 3 12 4 1 5 9 7 6 9 4 10 19 11 14 12 8 13 7 14 13 15 20 16 18 17 11 18 10 19 2 20 12 21 12 22 18 23 16 24 7 25 17 26 4 27 13 28 20 29 10 30 12 31 5 32 11 33 11 34 15 35 15 37 11 38 15 39 8 40 14 41 3 42 18 43 16 44 13 2 4 6 2 36 14
46 0 13 1 8 2 18 3 15 4 7 6 14 7 3 8 19 9 9 10 20 11 2 12 11 13 12 14 17 15 1 16 19 17 10 18 8 19 14 20 16 21 17 22 15 23 9 24 20 25 16 26 1 28 17 29 10 31 1 32 5 33 11 34 13 35 16 36 14 37 10 38 11 39 1 40 7 41 4 42 1 44 20 5 12 27 3 30 8 43 1
