79
0 2 4 3 1 11 14 14 8 70 4
1 38 3 51 20 52 2 13 10 55 15
2 0 4 7 10 57 12
3 0 1 4 9 17 19
4 3 9 36 3 38 3 41 10 51 18 26 6
5 7 1 12 13 76 5
6 57 12
7 2 10 5 1 65 12 74 20 75 18 76 8
8 12 8 23 4 40 20 42 18 78 13
9 74 3 17 9 71 3
10 23 18 24 8
11 0 14 31 8 44 9 53 14 58 9 22 5 32 16
12 5 13 8 8 23 14 25 18 27 20 29 9
13 1 10 23 2 43 17 25 9
14 0 8 16 8
15 31 4 45 2 74 7
16 14 8 22 8 34 17 38 6
17 3 19 9 9 39 13 40 1 76 14
18 38 8 60 20 75 1
19 20 8 25 9 47 19 65 16
20 19 8 25 13 59 3 64 18
21 43 8 55 11
22 16 8 11 5 42 1 43 2 45 1 47 18 50 1 71 20 41 14 78 5
23 8 4 10 18 12 14 13 2
24 10 8 48 1 73 5 68 6
25 12 18 19 9 20 13 13 9 51 9 71 5 72 12 75 15 78 6
26 4 6 36 14 76 11
27 12 20 77 5
28 54 7 69 4 62 2
29 12 9 30 11 31 17 37 4 52 5 76 1
30 29 11 71 14
31 11 8 15 4 29 17 50 1 52 4 56 4 60 3 36 7
32 11 16 37 16 61 20 56 4
33 45 14
34 16 17 45 10 77 18
35 41 6 56 8 72 6 70 9
36 4 3 26 14 31 7 43 3 68 13 69 15
37 29 4 32 16 43 5 46 19 73 13
38 1 3 4 3 16 6 18 8 72 7
39 17 13 53 19
40 8 20 17 1 41 15 68 7 72 9
41 4 10 35 6 40 15 22 14
42 22 1 8 18 48 14 75 3 52 9
43 13 17 21 8 22 2 36 3 37 5 59 19 72 13
44 11 9 57 20 76 11
45 15 2 22 1 33 14 34 10 69 20 57 8
46 37 19 47 1 58 2
47 19 19 22 18 46 1
48 24 1 42 14 67 17 73 1
49 54 19 62 7 68 17 67 11
50 22 1 31 1
51 1 20 4 18 25 9
52 1 2 29 5 31 4 42 9
53 11 14 39 19
54 28 7 49 19 55 4
55 21 11 1 15 54 4 72 14 74 18
56 31 4 35 8 32 4 74 4
57 6 12 44 20 2 12 45 8
58 11 9 46 2 60 9
59 20 3 43 19 68 20
60 18 20 31 3 58 9 61 18 64 19
61 32 20 60 18 67 5
62 49 7 28 2 78 16
63 71 19 64 6 67 1
64 20 18 60 19 63 6 66 12
65 7 12 19 16 70 11
66 64 12
67 48 17 61 5 49 11 63 1
68 36 13 49 17 59 20 24 6 40 7
69 28 4 45 20 36 15
70 0 4 35 9 65 11 78 13
71 22 20 25 5 30 14 63 19 9 3
72 25 12 35 6 55 14 38 7 40 9 43 13
73 24 5 37 13 48 1
74 7 20 9 3 15 7 55 18 56 4
75 7 18 25 15 42 3 18 1
76 5 5 17 14 26 11 29 1 7 8 44 11
77 27 5 34 18
78 25 6 62 16 70 13 8 13 22 5
