31
0 25 17 28 9
1 8 10 11 13 30 14 7 15 29 9
2 5 17 15 8 27 17
3 28 11 5 20 8 10
4 5 13 15 11
5 2 17 4 13 3 20 9 20 28 9
6 19 8
7 1 15 26 10 30 16 10 9 22 4
8 1 10 3 10 19 5 25 1 17 2
9 5 20 15 20
10 7 9 18 18 23 11
11 1 13 23 11 12 2
12 11 2 26 15
13 14 9 17 9 23 1
14 13 9
15 2 8 4 11 9 20
16 27 19 30 19
17 13 9 8 2 18 4 19 12 24 15 25 14 26 14
18 10 18 17 4
19 6 8 8 5 17 12 20 11 23 1
20 19 11 24 10
21 22 4
22 21 4 7 4 26 20 30 4
23 11 11 13 1 19 1 10 11
24 17 15 20 10
25 0 17 8 1 17 14 26 2 29 1 30 2
26 7 10 12 15 22 20 25 2 17 14
27 2 17 16 19
28 0 9 3 11 5 9
29 25 1 1 9
30 1 14 7 16 16 19 22 4 25 2
