25
0 1 15 3 20 4 3 5 4 6 17 7 1 8 6 9 13 10 6 11 15 12 16 13 10 14 15 16 5 17 12 18 17 19 17 20 4 21 12 22 5 23 3 24 1
1 0 15 2 18 3 17 4 2 5 11 6 3 7 18 8 8 9 7 10 13 11 1 12 4 13 19 14 12 15 3 16 2 17 16 18 11 19 11 20 15 21 17 24 9 22 10 23 15
2 1 18 3 12 4 6 5 10 6 7 7 4 8 9 9 3 10 9 11 10 12 17 13 7 14 13 15 19 16 20 17 9 18 11 19 1 20 11 21 16 24 6 22 12 23 14
3 0 20 1 17 2 12 4 11 5 8 6 5 8 19 9 14 10 18 11 11 12 4 13 10 14 13 15 16 16 11 17 20 18 15 19 6 20 20 21 2 22 10 23 17 24 15
4 0 3 1 2 2 6 3 11 5 20 6 13 9 16 10 8 12 6 13 17 14 5 15 9 16 1 17 1 18 2 19 14 20 19 21 19 22 3 23 3 7 16 8 20 11 4 24 5
5 0 4 1 11 2 10 3 8 4 20 6 19 7 20 8 19 9 2 11 11 12 13 13 15 14 8 15 20 16 13 17 15 18 18 19 14 20 19 21 10 22 9 23 5 24 13
6 0 17 1 3 2 7 3 5 4 13 5 19 7 8 8 11 9 9 11 14 12 3 13 2 14 2 15 17 16 15 17 15 19 14 20 2 21 13 22 9 23 16 24 11 10 12 18 19
7 0 1 1 18 2 4 5 20 6 8 4 16 8 8 9 15 10 19 11 11 12 18 13 1 14 15 15 14 16 7 17 6 18 7 19 13 20 18 22 5 23 15 24 4 21 11
8 0 6 1 8 2 9 3 19 5 19 6 11 7 8 4 20 9 15 10 12 11 11 12 9 13 18 14 13 15 13 16 14 17 8 21 19 22 15 23 15 24 14 20 1
9 0 13 1 7 2 3 3 14 4 16 5 2 6 9 7 15 8 15 10 19 11 7 12 5 13 8 14 7 15 20 16 13 17 1 18 9 19 11 20 20 21 16 22 11 23 11 24 14
10 0 6 1 13 2 9 3 18 4 8 7 19 8 12 9 19 6 12 11 2 13 4 14 19 15 19 16 5 17 11 18 5 19 15 20 12 21 17 22 4 23 1 24 2 12 9
11 0 15 1 1 2 10 3 11 5 11 6 14 7 11 8 11 9 7 10 2 4 4 12 12 13 10 14 2 15 5 16 16 17 13 18 3 19 16 20 2 21 16 23 2 22 3 24 6
12 0 16 1 4 2 17 3 4 4 6 5 13 6 3 7 18 8 9 9 5 11 12 10 9 13 14 14 1 15 13 16 11 17 19 18 2 19 9 20 14 21 19 22 9 23 5 24 15
13 0 10 1 19 2 7 3 10 4 17 5 15 6 2 7 1 8 18 9 8 10 4 11 10 12 14 14 14 15 9 17 8 18 17 19 4 20 11 21 9 22 1 23 15 24 2 16 15
14 0 15 1 12 2 13 3 13 4 5 5 8 6 2 7 15 8 13 9 7 10 19 11 2 12 1 13 14 15 2 16 7 17 2 18 15 19 20 20 6 21 14 22 7 23 16 24 14
15 1 3 2 19 3 16 4 9 5 20 6 17 7 14 8 13 9 20 10 19 11 5 12 13 13 9 14 2 16 5 18 18 19 3 20 14 21 4 22 2 24 6 17 10 23 12
16 0 5 1 2 2 20 3 11 4 1 5 13 6 15 7 7 8 14 9 13 10 5 11 16 12 11 14 7 15 5 13 15 17 8 18 15 19 16 20 8 21 2 22 3 23 17 24 5
17 0 12 1 16 2 9 3 20 4 1 5 15 6 15 7 6 8 8 9 1 10 11 11 13 12 19 13 8 14 2 16 8 15 10 18 4 19 14 20 17 21 8 22 5 23 15 24 6
18 0 17 1 11 2 11 3 15 4 2 5 18 7 7 9 9 10 5 11 3 12 2 13 17 14 15 15 18 16 15 17 4 6 19 19 1 20 19 22 19 23 15 24 12 21 19
19 0 17 1 11 2 1 3 6 4 14 5 14 6 14 7 13 9 11 10 15 11 16 12 9 13 4 14 20 15 3 16 16 17 14 18 1 20 1 21 15 22 18 23 6 24 20
20 0 4 1 15 2 11 3 20 4 19 5 19 6 2 7 18 9 20 10 12 11 2 12 14 13 11 14 6 15 14 16 8 17 17 18 19 19 1 8 1 21 20 23 5 24 1 22 10
21 0 12 1 17 2 16 3 2 4 19 5 10 6 13 8 19 9 16 10 17 11 16 12 19 13 9 14 14 15 4 16 2 17 8 19 15 20 20 7 11 18 19 22 18 23 7
22 0 5 3 10 4 3 5 9 6 9 7 5 8 15 9 11 10 4 12 9 13 1 14 7 15 2 16 3 17 5 18 19 19 18 21 18 1 10 2 12 11 3 20 10 23 3 24 1
23 0 3 3 17 4 3 5 5 6 16 7 15 8 15 9 11 10 1 11 2 12 5 13 15 16 17 17 15 18 15 19 6 20 5 21 7 22 3 1 15 2 14 14 16 15 12 24 7
24 0 1 1 9 2 6 3 15 5 13 6 11 7 4 8 14 9 14 10 2 13 2 15 6 16 5 17 6 18 12 19 20 20 1 22 1 23 7 4 5 11 6 12 15 14 14
