33
0 3 10 22 11 5 2 12 17
1 4 6 30 1
2 15 17 19 17 21 3 28 1
3 0 10 22 8 23 1 24 18
4 1 6 6 10 8 5 18 19 25 16 32 19
5 0 2 6 1 12 7 21 7 29 6
6 4 10 5 1 14 6 23 20 12 9 21 5
7 15 14 16 10 17 17 19 7 21 16
8 4 5 18 7
9 22 13 31 13 11 9
10 26 2 27 4
11 9 9 15 19 23 11 26 8
12 5 7 0 17 6 9 15 17
13 14 16 26 3
14 6 6 13 16 29 3 32 2
15 2 17 7 14 11 19 12 17
16 7 10 17 13 19 7 22 15 29 14
17 7 17 16 13 24 6
18 8 7 4 19 29 16
19 2 17 7 7 16 7 27 7
20 32 8
21 2 3 5 7 7 16 6 5 23 13
22 0 11 3 8 9 13 16 15 23 15
23 3 1 6 20 11 11 21 13 22 15 24 19 25 13 29 13
24 3 18 17 6 23 19 27 2 30 17 32 20 31 18
25 23 13 4 16 28 1
26 10 2 13 3 11 8
27 10 4 24 2 19 7
28 2 1 25 1
29 14 3 23 13 5 6 16 14 18 16
30 1 1 24 17
31 9 13 24 18
32 14 2 20 8 24 20 4 19
