81
0 41 12 45 2 48 8
1 33 12 54 18 62 9 26 13
2 9 18
3 19 13 28 14 76 15
4 21 6 32 17 60 8 54 13 63 14
5 74 4 13 15 79 3
6 27 12 57 17 10 17
7 28 7 76 3
8 63 9
9 2 18 10 15 25 5 39 14 43 13 37 11
10 9 15 6 17
11 66 18 64 14
12 13 16 45 10 58 2 18 7
13 12 16 5 15 15 8 28 7 74 10 14 8 63 14
14 13 8 28 20 35 7 71 7
15 13 8 28 7 29 13 76 11
16 34 13 53 17 77 4 78 8
17 34 13 38 11 70 14 75 14 74 12
18 12 7 23 9 34 19 62 4 77 13
19 3 13
20 35 19 62 16 61 6
21 4 6 29 10 34 2 44 7
22 44 3 27 7
23 18 9 68 10
24 54 18 79 10
25 9 5 38 11
26 1 13 29 17 47 4 60 12
27 6 12 22 7 49 12
28 3 14 7 7 13 7 14 20 15 7
29 15 13 21 10 26 17 72 13 47 16
30 39 2 35 13 46 14 48 18
31 69 11 71 17 72 18
32 4 17 49 3 62 9
33 1 12 41 15 71 13 65 5
34 16 13 17 13 18 19 21 2 71 2 79 11
35 14 7 20 19 30 13 57 17
36 49 2
37 9 11 48 15 49 10 53 5
38 17 11 25 11 43 3 75 2
39 9 14 30 2
40 49 9 64 7 65 16 56 6
41 0 12 33 15
42 44 9 76 18 79 1
43 9 13 38 3 67 15 79 20
44 22 3 42 9 21 7 51 3 55 3 60 8 73 12
45 0 2 12 10 54 18 76 4
46 30 14 62 2 78 18
47 26 4 29 16 55 18
48 0 8 37 15 30 18 72 14 77 1 80 18
49 27 12 32 3 36 2 40 9 37 10 59 1 72 14
50 61 1 68 11
51 44 3
52 62 14
53 16 17 37 5
54 1 18 24 18 4 13 45 18
55 44 3 47 18 59 20 63 9
56 40 6 67 18 75 4
57 6 17 35 17
58 12 2 73 9
59 49 1 55 20 62 15
60 4 8 26 12 44 8 69 5
61 50 1 20 6 74 17
62 1 9 18 4 20 16 32 9 46 2 52 14 59 15 78 8 79 15 80 5
63 8 9 4 14 13 14 55 9 70 5 72 11 73 11 74 5
64 40 7 11 14
65 40 16 33 5
66 11 18 73 3 67 11 79 11
67 43 15 56 18 66 11 71 5
68 23 10 50 11
69 31 11 60 5
70 17 14 63 5 77 1
71 14 7 31 17 33 13 34 2 67 5 72 2
72 29 13 31 18 48 14 49 14 63 11 71 2 76 7 80 16
73 44 12 63 11 66 3 58 9 80 2
74 5 4 13 10 61 17 63 5 17 12
75 17 14 56 4 38 2
76 3 15 15 11 72 7 7 3 42 18 45 4
77 16 4 18 13 48 1 70 1 80 14
78 16 8 46 18 62 8
79 24 10 43 20 62 15 5 3 34 11 42 1 66 11
80 62 5 73 2 48 18 72 16 77 14
