55
0 1 3 2 4 3 4 4 12 5 6 6 18 7 5 8 15 9 15 10 1 11 13 12 8 13 4 14 17 15 5 16 17 18 8 19 19 20 5 21 3 22 18 23 16 24 1 25 13 26 13 27 7 28 10 29 17 30 12 31 5 32 13 33 19 34 15 35 16 36 4 37 6 38 3 39 5 40 2 42 14 43 10 44 17 45 1 46 4 47 4 48 5 49 3 50 6 51 9 52 19 53 2 54 4 17 1 41 14
1 0 3 2 19 3 17 4 17 5 3 6 1 7 3 8 6 10 3 11 2 12 2 13 9 14 18 15 12 16 11 17 1 18 17 19 4 20 6 22 20 23 15 24 15 25 19 26 8 27 9 28 19 29 5 31 9 32 7 33 7 34 12 35 4 36 6 37 13 38 2 39 4 40 16 41 12 42 16 43 3 44 9 45 10 46 9 47 10 48 15 49 1 50 5 52 11 53 8 54 12 9 16 21 1 30 9
2 0 4 1 19 3 20 4 10 5 15 6 18 7 17 8 11 9 19 10 12 11 2 13 6 14 6 15 2 16 20 17 3 18 14 19 5 20 16 21 3 22 19 23 7 24 9 25 3 26 8 27 7 28 15 29 7 30 3 31 14 32 6 33 14 34 11 35 19 36 14 37 16 39 16 40 14 41 10 42 12 43 19 44 20 45 3 46 9 47 1 48 4 49 4 50 12 51 1 52 5 53 20 54 17 12 2 38 2
3 0 4 1 17 2 20 4 2 5 8 6 1 7 13 8 10 9 8 10 20 11 18 12 3 13 3 14 13 15 10 16 16 17 13 19 3 20 18 21 20 22 5 23 13 24 17 26 18 27 20 28 17 29 11 30 16 32 19 33 9 34 7 35 15 36 6 37 12 38 11 39 7 40 17 41 10 42 6 43 3 44 7 45 13 46 3 47 7 48 7 49 13 50 6 51 17 52 9 53 11 54 9 18 16 25 10 31 7
4 0 12 1 17 2 10 3 2 5 11 6 1 7 7 8 11 9 11 11 13 12 17 13 13 14 19 15 16 16 7 17 13 18 20 19 10 20 7 21 9 22 7 23 15 24 16 25 14 26 20 27 15 28 20 29 9 30 18 31 16 32 18 35 9 36 4 37 6 38 2 39 8 40 8 41 19 42 17 43 14 45 8 46 9 47 2 48 14 49 3 50 5 51 20 52 11 53 4 54 10 10 5 33 20 34 12 44 12
5 0 6 1 3 2 15 3 8 4 11 6 12 7 7 8 10 9 9 11 3 12 6 13 4 15 15 16 2 17 11 18 10 19 7 20 10 21 2 22 5 23 3 24 7 25 8 26 14 27 10 28 19 29 17 30 15 31 6 32 12 36 8 37 18 39 5 40 7 41 20 42 12 43 16 44 4 45 1 47 2 48 7 49 15 50 3 51 4 52 3 53 15 54 17 10 6 33 5 34 14 35 17 38 11 46 2
6 0 18 1 1 2 18 3 1 4 1 5 12 7 5 8 2 9 10 10 19 11 2 12 19 13 5 14 6 15 9 16 16 17 20 18 14 19 18 20 20 21 1 22 13 23 3 24 20 25 1 26 6 27 12 28 11 29 10 30 17 31 20 32 19 33 20 34 19 35 17 36 10 37 14 39 18 40 9 41 5 42 10 43 6 44 10 45 6 46 20 47 12 48 8 49 14 50 20 51 9 52 20 53 6 54 15 38 16
7 0 5 1 3 2 17 3 13 4 7 5 7 6 5 8 15 9 16 10 16 12 14 13 2 14 5 15 13 16 12 17 1 19 15 20 3 21 15 22 19 23 20 24 6 25 18 26 15 27 13 28 14 29 4 30 6 31 20 32 15 33 16 34 7 35 20 36 3 37 14 38 1 39 7 41 5 42 20 43 4 44 6 45 7 46 16 47 12 48 20 49 4 50 14 51 16 52 16 53 4 54 8 11 5 18 19 40 4
8 0 15 1 6 2 11 3 10 4 11 5 10 6 2 7 15 10 10 11 12 12 17 13 2 14 6 15 8 16 20 17 13 18 6 20 6 21 15 22 13 23 8 24 7 25 5 26 4 27 19 28 14 29 5 30 15 31 10 32 18 33 18 34 20 35 10 37 14 38 19 39 15 40 6 41 15 43 1 44 6 45 17 46 10 47 16 48 9 49 7 50 11 51 8 52 11 53 14 54 15 9 5 19 4 36 4 42 7
9 0 15 2 19 3 8 4 11 5 9 6 10 7 16 1 16 8 5 10 12 14 9 15 16 17 9 18 20 19 16 20 16 21 16 22 16 23 6 24 2 25 2 27 17 28 4 29 8 30 10 31 16 32 13 33 4 34 12 35 15 36 4 37 8 39 8 40 4 41 19 43 11 44 13 45 12 46 16 47 13 48 12 49 17 51 2 52 12 53 8 54 2 11 5 12 19 13 15 16 11 26 7 42 7 50 1
10 0 1 1 3 2 12 3 20 6 19 7 16 8 10 9 12 4 5 5 6 11 7 12 2 13 2 14 1 15 1 16 9 17 8 18 17 19 9 20 12 21 15 22 16 23 2 24 20 25 12 27 7 28 10 29 15 30 3 31 10 32 13 33 15 34 14 35 7 36 7 37 10 38 3 39 10 41 3 42 17 43 13 44 10 45 8 46 12 47 10 48 3 49 16 50 7 51 16 52 17 53 4 54 1 26 13 40 13
11 0 13 1 2 2 2 3 18 4 13 5 3 6 2 8 12 10 7 7 5 9 5 12 5 13 3 14 6 15 16 16 20 17 5 18 6 20 7 22 11 23 15 24 8 25 14 26 19 27 8 28 19 30 11 31 11 32 7 33 7 34 12 35 6 36 5 37 11 39 5 40 6 42 7 43 3 45 13 46 3 47 20 48 4 49 12 50 18 51 8 52 12 53 4 54 8 19 4 21 5 29 1 38 6 41 12 44 19
12 0 8 1 2 3 3 4 17 5 6 6 19 7 14 8 17 10 2 11 5 2 2 9 19 13 19 14 1 15 5 16 8 18 17 19 6 20 13 21 13 22 4 23 3 25 1 26 19 27 14 28 13 29 14 30 16 31 15 32 12 33 6 34 5 36 15 37 16 38 14 40 17 41 15 42 1 43 16 44 16 45 13 46 5 47 1 48 6 49 4 51 3 52 8 54 8 17 18 24 1 35 11 50 16 53 16
13 0 4 1 9 2 6 3 3 4 13 5 4 6 5 7 2 8 2 10 2 11 3 12 19 9 15 14 3 15 17 16 18 17 18 19 12 22 13 23 4 24 16 25 16 26 4 27 15 28 5 29 14 30 18 31 3 32 20 33 19 34 17 35 3 36 8 38 6 39 18 40 18 41 19 42 4 43 17 44 4 45 16 46 13 47 19 50 20 51 1 52 16 53 8 54 18 18 13 20 19 21 1 37 9 48 8 49 10
14 0 17 1 18 2 6 3 13 4 19 6 6 7 5 8 6 9 9 10 1 11 6 12 1 13 3 15 20 16 3 17 5 18 8 19 8 20 20 21 11 22 15 23 7 25 17 26 1 28 12 29 4 30 17 32 2 33 18 34 15 35 1 36 8 37 11 38 20 39 5 40 10 41 14 42 14 43 4 44 3 45 20 46 15 47 15 48 16 49 17 50 14 51 8 52 5 53 15 54 13 24 7 27 17 31 11
15 0 5 1 12 2 2 3 10 4 16 5 15 6 9 7 13 8 8 9 16 10 1 11 16 12 5 13 17 14 20 16 18 17 17 18 8 19 1 20 12 21 4 22 16 23 20 25 7 26 3 27 4 28 8 29 16 30 10 31 19 32 6 33 8 34 9 35 19 36 19 37 2 38 18 39 18 40 16 41 16 43 20 44 9 46 9 47 18 48 3 51 11 52 13 53 1 54 10 24 11 42 7 45 16 49 2 50 1
16 0 17 1 11 2 20 3 16 4 7 5 2 6 16 7 12 8 20 10 9 11 20 12 8 13 18 14 3 15 18 9 11 17 13 18 13 19 16 20 3 21 2 22 16 23 13 24 12 25 18 26 17 27 12 28 5 29 20 30 1 31 13 32 16 33 4 34 3 36 16 37 1 38 6 39 13 40 3 41 5 42 18 43 1 44 14 45 16 46 5 48 5 49 12 50 20 51 15 52 1 53 6 35 6 47 15 54 9
17 1 1 2 3 3 13 4 13 5 11 6 20 7 1 8 13 9 9 10 8 11 5 13 18 14 5 15 17 16 13 0 1 12 18 18 3 19 16 20 14 21 9 22 8 23 16 24 4 28 18 29 15 30 11 32 2 33 6 35 14 36 5 37 20 38 17 39 8 40 9 41 16 42 13 43 19 45 19 46 4 47 18 48 16 49 2 50 5 51 12 52 10 53 5 54 1 25 5 26 8 27 5 31 11 44 8
18 0 8 1 17 2 14 4 20 5 10 6 14 8 6 9 20 10 17 11 6 12 17 14 8 15 8 16 13 17 3 3 16 7 19 13 13 19 2 20 1 21 6 22 14 23 13 24 18 25 10 26 2 27 1 29 12 30 13 31 12 32 16 33 4 34 20 35 18 36 20 37 17 38 20 39 8 40 1 41 2 42 1 43 8 44 18 45 17 46 6 47 5 48 14 49 7 50 3 51 5 52 11 53 17 54 5 28 10
19 0 19 1 4 2 5 3 3 4 10 5 7 6 18 7 15 9 16 10 9 12 6 13 12 14 8 15 1 16 16 17 16 18 2 8 4 11 4 20 9 21 17 22 7 23 5 24 15 25 11 26 10 27 8 28 1 29 11 30 18 31 20 32 8 33 9 34 12 36 4 37 6 38 16 39 1 41 15 42 17 43 17 44 2 45 10 46 9 47 16 49 13 50 20 51 9 52 8 53 8 54 13 35 15 40 14 48 18
20 0 5 1 6 2 16 3 18 4 7 5 10 6 20 7 3 8 6 9 16 10 12 11 7 12 13 14 20 15 12 16 3 17 14 18 1 19 9 13 19 21 7 22 17 23 16 24 16 25 17 27 8 28 6 29 4 30 6 31 1 32 9 33 8 34 2 35 6 36 19 37 8 38 15 39 8 40 13 41 3 42 9 43 17 44 9 45 3 48 10 49 3 50 3 51 4 52 16 53 9 26 17 46 4 47 14 54 1
21 0 3 2 3 3 20 4 9 5 2 6 1 7 15 8 15 9 16 10 15 12 13 14 11 15 4 16 2 17 9 18 6 19 17 20 7 1 1 11 5 13 1 22 19 23 5 24 18 25 18 26 16 27 13 28 20 29 18 30 2 31 6 32 13 33 17 34 12 35 12 36 7 37 9 39 12 40 8 41 5 42 4 43 13 44 15 45 16 46 4 47 11 48 12 50 10 51 4 52 11 54 16 38 19 49 9 53 17
22 0 18 1 20 2 19 3 5 4 7 5 5 6 13 7 19 8 13 9 16 10 16 11 11 12 4 13 13 14 15 15 16 16 16 17 8 18 14 19 7 20 17 21 19 23 17 24 7 27 16 28 17 29 12 30 2 31 9 32 3 33 6 34 17 35 12 36 20 37 12 38 20 39 2 40 20 41 6 42 10 43 4 44 2 45 19 47 13 48 3 49 19 50 7 51 7 52 3 53 18 54 4 25 18 26 14 46 14
23 0 16 1 15 2 7 3 13 4 15 5 3 6 3 7 20 8 8 9 6 10 2 11 15 12 3 13 4 14 7 15 20 16 13 17 16 18 13 19 5 20 16 21 5 22 17 24 7 25 12 26 18 27 7 28 13 29 7 30 19 31 12 33 16 34 20 35 11 36 19 37 4 38 20 39 7 40 8 41 19 42 17 43 16 44 20 45 16 47 19 48 12 49 2 50 20 51 5 52 19 53 13 54 19 32 12 46 20
24 0 1 1 15 2 9 3 17 4 16 5 7 6 20 7 6 8 7 9 2 10 20 11 8 13 16 16 12 17 4 18 18 19 15 20 16 21 18 22 7 23 7 12 1 14 7 15 11 25 15 26 19 27 6 28 15 29 17 30 4 31 15 32 4 33 20 34 4 35 9 36 11 37 7 38 8 39 7 40 18 41 20 42 11 43 8 44 15 45 12 46 20 47 6 48 7 49 20 50 13 51 20 52 9 53 7 54 5
25 0 13 1 19 2 3 4 14 5 8 6 1 7 18 8 5 9 2 10 12 11 14 12 1 13 16 14 17 15 7 16 18 18 10 19 11 20 17 21 18 23 12 24 15 3 10 17 5 22 18 26 5 27 12 28 18 29 9 30 14 32 3 33 6 34 16 36 16 37 15 38 20 40 19 41 18 42 12 43 3 45 1 46 18 47 17 48 7 49 17 50 9 51 6 52 6 53 1 54 16 31 15 35 15 39 20 44 3
26 0 13 1 8 2 8 3 18 4 20 5 14 6 6 7 15 8 4 11 19 12 19 13 4 14 1 15 3 16 17 18 2 19 10 21 16 23 18 24 19 25 5 9 7 10 13 17 8 20 17 22 14 27 9 28 5 29 10 30 4 32 20 33 7 34 6 35 2 36 5 37 5 38 17 39 19 40 20 42 16 44 6 45 11 46 7 47 14 48 12 49 14 50 16 51 4 52 1 53 18 31 6 41 6 43 15 54 15
27 0 7 1 9 2 7 3 20 4 15 5 10 6 12 7 13 8 19 9 17 10 7 11 8 12 14 13 15 15 4 16 12 18 1 19 8 20 8 21 13 22 16 23 7 24 6 25 12 26 9 14 17 17 5 28 5 29 5 30 1 31 20 32 3 33 8 34 10 35 7 36 14 37 8 38 2 39 1 40 16 41 8 42 17 43 3 44 18 45 19 46 18 47 5 48 19 49 19 50 3 51 12 52 11 53 19 54 14
28 0 10 1 19 2 15 3 17 4 20 5 19 6 11 7 14 8 14 9 4 10 10 11 19 12 13 13 5 14 12 15 8 16 5 17 18 19 1 20 6 21 20 22 17 23 13 24 15 25 18 26 5 27 5 18 10 29 16 30 13 31 9 32 17 33 12 34 12 35 11 36 4 37 6 38 20 39 7 41 16 42 18 43 9 45 15 46 10 47 2 48 11 49 6 50 14 51 16 52 3 53 18 54 5 44 7
29 0 17 1 5 2 7 3 11 4 9 5 17 6 10 7 4 8 5 9 8 10 15 12 14 13 14 14 4 15 16 16 20 17 15 18 12 19 11 20 4 21 18 22 12 23 7 24 17 25 9 26 10 27 5 28 16 11 1 30 13 31 12 32 20 33 12 34 1 35 19 36 8 37 16 40 16 41 4 42 17 43 12 44 13 45 17 46 5 47 9 48 13 49 4 50 12 51 16 52 14 53 10 54 16 38 1 39 18
30 0 12 2 3 3 16 4 18 5 15 6 17 7 6 8 15 9 10 10 3 11 11 12 16 13 18 14 17 15 10 16 1 17 11 18 13 19 18 20 6 21 2 22 2 23 19 24 4 25 14 26 4 27 1 28 13 29 13 1 9 31 7 32 14 33 17 34 19 35 18 36 17 37 5 38 18 39 2 40 1 41 14 42 15 43 9 44 12 45 5 46 14 47 13 48 6 49 12 50 4 51 17 52 1 53 9 54 3
31 0 5 1 9 2 14 4 16 5 6 6 20 7 20 8 10 9 16 10 10 11 11 12 15 13 3 15 19 16 13 18 12 19 20 20 1 21 6 22 9 23 12 24 15 27 20 28 9 29 12 30 7 3 7 14 11 17 11 25 15 26 6 32 11 34 9 35 20 36 12 37 4 38 11 39 6 40 6 41 5 43 15 44 17 46 8 48 5 49 3 50 3 51 2 52 1 54 18 33 18 42 5 45 10 47 17 53 20
32 0 13 1 7 2 6 3 19 4 18 5 12 6 19 7 15 8 18 9 13 10 13 11 7 12 12 13 20 14 2 15 6 16 16 17 2 18 16 19 8 20 9 21 13 22 3 24 4 25 3 26 20 27 3 28 17 29 20 30 14 31 11 23 12 33 6 34 1 37 5 38 9 39 2 40 7 41 2 42 16 43 14 45 17 47 19 49 6 50 8 51 3 52 16 53 2 54 9 36 6 44 16 46 11 48 20
33 0 19 1 7 2 14 3 9 6 20 7 16 8 18 9 4 10 15 11 7 12 6 13 19 14 18 15 8 16 4 17 6 18 4 19 9 20 8 21 17 22 6 23 16 24 20 25 6 26 7 27 8 28 12 29 12 30 17 32 6 4 20 5 5 31 18 34 8 36 14 37 10 38 1 41 5 42 13 43 20 44 1 45 11 46 18 47 7 48 20 49 9 50 20 51 15 52 3 53 19 54 9 35 5 39 14 40 15
34 0 15 1 12 2 11 3 7 6 19 7 7 8 20 9 12 10 14 11 12 12 5 13 17 14 15 15 9 16 3 18 20 19 12 20 2 21 12 22 17 23 20 24 4 25 16 26 6 27 10 28 12 29 1 30 19 31 9 32 1 33 8 4 12 5 14 35 6 36 6 37 10 38 19 39 14 41 3 43 14 44 5 45 8 47 10 48 10 49 18 50 20 51 6 52 18 54 9 40 8 42 16 46 11 53 4
35 0 16 1 4 2 19 3 15 4 9 6 17 7 20 8 10 9 15 10 7 11 6 13 3 14 1 15 19 17 14 18 18 20 6 21 12 22 12 23 11 24 9 26 2 27 7 28 11 29 19 30 18 31 20 34 6 5 17 12 11 16 6 19 15 25 15 33 5 36 18 37 1 40 17 41 11 42 16 43 4 44 16 45 6 46 10 47 19 48 7 49 6 50 13 51 15 52 1 53 2 54 20 38 14 39 13
36 0 4 1 6 2 14 3 6 4 4 5 8 6 10 7 3 9 4 10 7 11 5 12 15 13 8 14 8 15 19 16 16 17 5 18 20 19 4 20 19 21 7 22 20 23 19 24 11 25 16 26 5 27 14 28 4 29 8 30 17 31 12 33 14 34 6 35 18 8 4 32 6 37 6 38 16 39 8 41 6 42 14 43 15 44 7 45 8 46 10 47 6 48 3 49 17 51 14 52 2 54 2 40 9 53 10
37 0 6 1 13 2 16 3 12 4 6 5 18 6 14 7 14 8 14 9 8 10 10 11 11 12 16 14 11 15 2 16 1 17 20 18 17 19 6 20 8 21 9 22 12 23 4 24 7 25 15 26 5 27 8 28 6 29 16 30 5 31 4 32 5 33 10 34 10 35 1 36 6 13 9 38 19 39 11 40 13 41 19 43 7 44 10 45 19 46 6 48 1 49 19 50 17 51 18 52 19 53 5 42 16 47 14 54 10
38 0 3 1 2 3 11 4 2 7 1 8 19 10 3 12 14 13 6 14 20 15 18 16 6 17 17 18 20 19 16 20 15 22 20 23 20 24 8 25 20 26 17 27 2 28 20 30 18 31 11 32 9 33 1 34 19 36 16 37 19 2 2 5 11 6 16 11 6 21 19 29 1 35 14 39 3 40 11 41 12 42 19 43 10 44 15 45 2 46 17 47 13 48 12 49 8 50 12 51 14 52 14 53 14 54 8
39 0 5 1 4 2 16 3 7 4 8 5 5 6 18 7 7 8 15 9 8 10 10 11 5 13 18 14 5 15 18 16 13 17 8 18 8 19 1 20 8 21 12 22 2 23 7 24 7 26 19 27 1 28 7 30 2 31 6 32 2 34 14 36 8 37 11 38 3 25 20 29 18 33 14 35 13 41 16 42 7 43 17 44 16 45 20 46 14 47 5 48 15 49 16 50 10 51 16 52 8 53 14 54 2 40 14
40 0 2 1 16 2 14 3 17 4 8 5 7 6 9 8 6 9 4 11 6 12 17 13 18 14 10 15 16 16 3 17 9 18 1 20 13 21 8 22 20 23 8 24 18 25 19 26 20 27 16 29 16 30 1 31 6 32 7 35 17 37 13 38 11 7 4 10 13 19 14 33 15 34 8 36 9 39 14 41 12 42 20 43 1 44 4 45 8 46 8 47 3 48 15 49 3 50 18 51 4 52 19 53 10 54 19
41 1 12 2 10 3 10 4 19 5 20 6 5 7 5 8 15 9 19 10 3 12 15 13 19 14 14 15 16 16 5 17 16 18 2 19 15 20 3 21 5 22 6 23 19 24 20 25 18 27 8 28 16 29 4 30 14 31 5 32 2 33 5 34 3 35 11 36 6 37 19 38 12 39 16 40 12 0 14 11 12 26 6 42 11 43 7 44 5 45 7 46 4 47 5 48 2 49 16 51 7 52 10 53 2 54 20 50 13
42 0 14 1 16 2 12 3 6 4 17 5 12 6 10 7 20 10 17 11 7 12 1 13 4 14 14 16 18 17 13 18 1 19 17 20 9 21 4 22 10 23 17 24 11 25 12 26 16 27 17 28 18 29 17 30 15 32 16 33 13 35 16 36 14 38 19 39 7 40 20 41 11 8 7 9 7 15 7 31 5 34 16 37 16 43 4 44 20 46 13 47 17 48 11 49 19 50 16 51 4 52 11 53 2 54 20 45 4
43 0 10 1 3 2 19 3 3 4 14 5 16 6 6 7 4 8 1 9 11 10 13 11 3 12 16 13 17 14 4 15 20 16 1 17 19 18 8 19 17 20 17 21 13 22 4 23 16 24 8 25 3 27 3 28 9 29 12 30 9 31 15 32 14 33 20 34 14 35 4 36 15 37 7 38 10 39 17 40 1 41 7 42 4 26 15 44 1 45 10 46 10 47 5 48 11 49 13 50 17 51 19 52 10 53 8 54 12
44 0 17 1 9 2 20 3 7 5 4 6 10 7 6 8 6 9 13 10 10 12 16 13 4 14 3 15 9 16 14 18 18 19 2 20 9 21 15 22 2 23 20 24 15 26 6 27 18 29 13 30 12 31 17 33 1 34 5 35 16 36 7 37 10 38 15 39 16 40 4 41 5 42 20 43 1 4 12 11 19 17 8 25 3 28 7 32 16 45 14 46 11 47 14 48 4 49 4 50 4 52 9 53 6 54 19 51 20
45 0 1 1 10 2 3 3 13 4 8 5 1 6 6 7 7 8 17 9 12 10 8 11 13 12 13 13 16 14 20 16 16 17 19 18 17 19 10 20 3 21 16 22 19 23 16 24 12 25 1 26 11 27 19 28 15 29 17 30 5 32 17 33 11 34 8 35 6 36 8 37 19 38 2 39 20 40 8 41 7 43 10 44 14 15 16 31 10 42 4 46 16 47 2 48 10 49 11 50 13 51 15 52 17 53 17 54 10
46 0 4 1 9 2 9 3 3 4 9 6 20 7 16 8 10 9 16 10 12 11 3 12 5 13 13 14 15 15 9 16 5 17 4 18 6 19 9 21 4 24 20 25 18 26 7 27 18 28 10 29 5 30 14 31 8 33 18 35 10 36 10 37 6 38 17 39 14 40 8 41 4 42 13 43 10 44 11 45 16 5 2 20 4 22 14 23 20 32 11 34 11 47 4 49 3 51 11 52 4 53 3 54 19 50 19
47 0 4 1 10 2 1 3 7 4 2 5 2 6 12 7 12 8 16 9 13 10 10 11 20 12 1 13 19 14 15 15 18 17 18 18 5 19 16 21 11 22 13 23 19 24 6 25 17 26 14 27 5 28 2 29 9 30 13 32 19 33 7 34 10 35 19 36 6 38 13 39 5 40 3 41 5 42 17 43 5 44 14 45 2 46 4 16 15 20 14 31 17 37 14 48 5 49 13 50 20 51 1 52 8 53 13 54 2
48 0 5 1 15 2 4 3 7 4 14 5 7 6 8 7 20 8 9 9 12 10 3 11 4 12 6 14 16 15 3 16 5 17 16 18 14 20 10 21 12 22 3 23 12 24 7 25 7 26 12 27 19 28 11 29 13 30 6 31 5 33 20 34 10 35 7 36 3 37 1 38 12 39 15 40 15 41 2 42 11 43 11 44 4 45 10 47 5 13 8 19 18 32 20 49 20 50 3 51 19 53 19 54 18 52 3
49 0 3 1 1 2 4 3 13 4 3 5 15 6 14 7 4 8 7 9 17 10 16 11 12 12 4 14 17 16 12 17 2 18 7 19 13 20 3 22 19 23 2 24 20 25 17 26 14 27 19 28 6 29 4 30 12 31 3 32 6 33 9 34 18 35 6 36 17 37 19 38 8 39 16 40 3 41 16 42 19 43 13 44 4 45 11 46 3 47 13 48 20 13 10 15 2 21 9 50 16 51 16 52 1 53 19 54 6
50 0 6 1 5 2 12 3 6 4 5 5 3 6 20 7 14 8 11 10 7 11 18 13 20 14 14 16 20 17 5 18 3 19 20 20 3 21 10 22 7 23 20 24 13 25 9 26 16 27 3 28 14 29 12 30 4 31 3 32 8 33 20 34 20 35 13 37 17 38 12 39 10 40 18 42 16 43 17 44 4 45 13 47 20 48 3 49 16 9 1 12 16 15 1 41 13 46 19 52 5 54 18 53 1
51 0 9 2 1 3 17 4 20 5 4 6 9 7 16 8 8 9 2 10 16 11 8 12 3 13 1 14 8 15 11 16 15 17 12 18 5 19 9 20 4 21 4 22 7 23 5 24 20 25 6 26 4 27 12 28 16 29 16 30 17 31 2 32 3 33 15 34 6 35 15 36 14 37 18 38 14 39 16 40 4 41 7 42 4 43 19 45 15 46 11 47 1 48 19 49 16 44 20 52 18 53 8 54 10
52 0 19 1 11 2 5 3 9 4 11 5 3 6 20 7 16 8 11 9 12 10 17 11 12 12 8 13 16 14 5 15 13 16 1 17 10 18 11 19 8 20 16 21 11 22 3 23 19 24 9 25 6 26 1 27 11 28 3 29 14 30 1 31 1 32 16 33 3 34 18 35 1 36 2 37 19 38 14 39 8 40 19 41 10 42 11 43 10 44 9 45 17 46 4 47 8 49 1 50 5 51 18 48 3 54 5 53 17
53 0 2 1 8 2 20 3 11 4 4 5 15 6 6 7 4 8 14 9 8 10 4 11 4 13 8 14 15 15 1 16 6 17 5 18 17 19 8 20 9 22 18 23 13 24 7 25 1 26 18 27 19 28 18 29 10 30 9 32 2 33 19 35 2 37 5 38 14 39 14 40 10 41 2 42 2 43 8 44 6 45 17 46 3 47 13 48 19 49 19 51 8 12 16 21 17 31 20 34 4 36 10 50 1 52 17 54 10
54 0 4 1 12 2 17 3 9 4 10 5 17 6 15 7 8 8 15 9 2 10 1 11 8 12 8 13 18 14 13 15 10 17 1 18 5 19 13 21 16 22 4 23 19 25 16 28 5 29 16 30 3 31 18 32 9 33 9 34 9 35 20 36 2 38 8 39 2 40 19 41 20 42 20 43 12 44 19 45 10 46 19 47 2 48 18 50 18 51 10 52 5 53 10 16 9 20 1 24 5 26 15 27 14 37 10 49 6
