71
0 50 3 54 16 56 1
1 22 1 56 18 62 13 9 2 28 1
2 18 12 44 2 26 4 36 1
3 14 20 33 2 60 3
4 58 5
5 10 6 11 12 13 13 19 20 24 15 31 14 42 6 46 3 50 9 69 14
6 46 4 57 13
7 30 15 47 14 50 16 52 16 61 16 36 5
8 19 6 26 1 30 20 33 5 53 20 68 11
9 1 2 16 11 38 10 42 4 69 13
10 5 6 40 17 69 4
11 5 12 26 4 41 5 45 1 56 13
12 13 14 27 11 55 15 63 13
13 5 13 12 14 27 1 23 9 24 6
14 3 20 15 16 22 8 32 3 43 18 54 8
15 14 16 31 8 58 15
16 9 11 25 3 62 13 65 7
17 18 6 29 6 37 13 43 2 67 20 19 5
18 2 12 17 6 20 13 28 8 33 18 42 19 60 17 62 18 67 12
19 5 20 8 6 17 5 52 19 64 8
20 18 13 54 13 66 14
21 56 16
22 1 1 14 8 29 1 41 8 48 20 67 10
23 13 9 35 17 66 4
24 5 15 13 6 31 8 49 10 63 3
25 16 3 62 12 70 10
26 8 1 11 4 2 4 42 13 47 16
27 12 11 13 1 28 16
28 18 8 1 1 27 16 46 7
29 17 6 22 1 58 20
30 7 15 8 20 60 14 70 18
31 5 14 24 8 15 8 52 5
32 14 3 59 12 66 7 37 13
33 3 2 8 5 18 18 43 7 45 18 59 17 64 4 66 12 38 7 56 8
34 39 3 42 17 46 7 52 12
35 23 17
36 2 1 7 5 40 12 69 10
37 17 13 32 13 67 8
38 9 10 33 7
39 34 3 47 15
40 10 17 36 12 41 3 43 12 69 16 47 2
41 11 5 22 8 40 3 64 18
42 5 6 9 4 18 19 26 13 34 17 51 7 55 4
43 17 2 33 7 40 12 14 18 45 11
44 2 2 52 3 62 11 69 2
45 11 1 33 18 43 11 58 3
46 5 3 6 4 28 7 34 7
47 7 14 26 16 39 15 40 2 61 5 66 17
48 22 20 67 15 54 11 68 11
49 24 10
50 0 3 5 9 7 16
51 42 7 58 14 69 16
52 7 16 19 19 44 3 31 5 34 12
53 8 20
54 0 16 20 13 14 8 48 11 61 17
55 12 15 42 4
56 0 1 1 18 11 13 21 16 33 8 65 10
57 6 13
58 4 5 45 3 51 14 15 15 29 20
59 32 12 33 17 60 14
60 18 17 30 14 59 14 3 3
61 7 16 47 5 54 17 66 6
62 1 13 16 13 18 18 25 12 44 11
63 12 13 24 3
64 33 4 19 8 41 18
65 16 7 56 10
66 20 14 23 4 32 7 33 12 47 17 61 6
67 17 20 18 12 22 10 37 8 48 15
68 8 11 48 11
69 5 14 9 13 10 4 40 16 51 16 36 10 44 2
70 25 10 30 18
