87
0 2 3 4 2 5 13 6 9 7 4 8 18 9 11 10 13 11 11 13 1 14 9 15 19 16 3 17 19 19 4 20 20 22 17 23 14 24 18 25 5 26 17 27 3 28 8 29 4 30 19 31 16 32 11 33 15 34 7 35 16 36 9 37 6 38 19 39 16 40 18 41 2 42 8 43 10 44 20 45 9 46 4 48 9 49 8 50 17 51 2 52 5 53 8 54 8 55 15 56 14 58 20 59 17 60 20 61 19 62 3 63 12 64 18 65 17 67 7 68 15 69 2 70 11 72 3 73 14 74 18 75 7 76 18 77 17 79 9 80 11 81 19 82 19 83 11 84 9 85 13 86 4 1 2 3 3 12 15 18 9 21 12 47 16 57 9 66 20 71 9 78 13
1 0 2 2 14 3 2 4 8 5 1 6 6 7 20 8 7 9 6 10 19 11 15 12 8 13 6 14 2 15 9 17 3 18 19 20 14 22 7 23 12 24 2 25 13 26 17 27 18 28 19 29 19 30 12 31 19 32 19 33 6 34 10 35 1 37 1 38 13 39 5 40 12 41 14 43 18 44 19 45 5 47 3 49 4 50 14 51 3 52 12 53 10 54 4 55 11 56 5 57 15 58 5 59 18 60 15 61 18 62 14 63 12 64 3 65 20 66 18 67 20 68 2 70 20 71 16 72 5 73 8 74 5 75 17 77 6 79 12 80 11 81 8 82 3 84 14 85 11 86 3 16 2 19 3 21 2 36 18 42 9 46 14 48 1 69 7 76 10 78 6 83 20
2 0 3 1 14 4 7 5 2 6 11 7 5 8 17 9 10 10 5 11 2 12 18 13 5 14 12 15 5 16 14 18 16 19 17 20 7 22 17 23 11 24 7 25 6 26 15 27 7 28 16 29 1 30 10 31 4 32 20 34 14 35 5 36 6 37 11 38 19 39 9 40 11 41 10 42 8 43 8 44 8 45 6 46 5 47 19 48 11 49 10 51 8 52 14 53 18 54 4 55 11 56 14 57 19 58 16 59 16 60 19 61 15 62 6 63 3 64 16 65 3 66 9 67 11 68 5 70 9 71 13 72 20 73 4 74 17 75 19 76 4 77 12 78 8 79 20 80 17 82 1 83 11 84 7 85 10 86 5 3 11 17 11 21 4 33 4 50 17 69 4 81 14
3 1 2 0 3 2 11 4 16 5 20 6 11 7 19 8 14 9 11 11 5 12 4 13 9 14 3 15 18 16 5 17 5 18 17 19 18 20 18 21 17 22 13 23 11 24 18 25 4 26 13 27 18 28 10 30 18 32 12 33 17 34 14 37 9 38 5 39 1 40 16 42 5 43 5 44 9 45 18 46 16 47 15 48 7 49 15 50 5 51 17 52 3 54 5 55 10 56 1 57 7 58 10 59 8 60 14 61 5 62 20 64 10 65 12 66 3 67 15 68 1 69 1 71 17 72 12 73 17 74 1 75 20 76 14 78 11 79 11 81 3 82 12 83 2 84 2 86 13 10 20 29 20 31 4 35 5 36 20 41 14 53 8 63 11 70 6 77 9 80 14 85 9
4 0 2 1 8 2 7 3 16 5 12 6 7 8 2 9 12 10 8 11 19 12 10 13 17 14 6 15 10 16 3 17 7 20 17 21 16 23 16 24 20 25 1 26 3 27 8 28 1 29 19 30 14 31 6 32 4 33 4 34 9 35 20 36 4 38 7 39 7 40 8 41 10 42 13 43 14 44 14 45 5 46 19 47 18 48 6 49 7 50 18 51 14 52 12 53 16 54 11 55 15 56 17 57 11 58 10 59 10 60 10 61 4 62 16 63 17 64 17 66 10 68 18 69 7 70 17 71 13 72 19 73 14 74 1 75 17 76 16 77 6 78 11 79 20 80 10 81 6 82 7 83 20 84 3 85 17 18 6 19 11 22 20 37 6 65 18 67 2 86 5
5 0 13 1 1 2 2 3 20 4 12 6 3 7 11 8 19 9 15 10 5 12 10 13 20 14 4 15 13 16 16 17 6 18 8 19 3 20 19 21 11 22 18 23 3 24 18 25 13 26 12 27 7 28 11 29 8 30 1 31 7 33 20 34 10 36 15 37 19 38 10 39 20 40 18 41 1 42 15 43 14 44 20 45 1 46 15 47 6 49 11 50 14 51 20 52 4 53 2 54 16 55 5 57 13 58 20 59 3 60 10 61 10 62 9 63 6 64 7 65 3 66 12 67 14 68 12 69 17 70 15 71 8 72 8 74 10 75 7 76 6 77 16 79 16 80 1 81 4 82 7 83 7 84 18 85 7 86 1 11 6 32 14 35 2 48 14 73 14 78 8
6 0 9 1 6 2 11 3 11 4 7 5 3 7 7 8 19 9 15 10 15 11 15 12 12 13 20 14 13 15 11 16 18 17 2 18 9 19 14 20 8 21 20 22 6 23 10 24 10 25 7 26 2 27 16 28 20 29 15 30 17 31 16 32 20 34 1 35 3 36 14 37 15 38 20 39 9 40 16 41 3 42 20 43 15 44 14 45 14 46 17 47 17 48 6 49 10 50 14 51 18 52 9 53 9 54 9 55 4 57 9 58 12 59 18 60 13 61 9 62 10 63 3 64 7 65 14 66 16 67 11 68 10 70 14 71 11 72 10 73 7 74 7 75 18 76 9 78 1 80 2 81 13 82 12 83 1 84 5 85 19 33 13 56 11 69 5 77 18 79 20 86 19
7 0 4 1 20 2 5 3 19 5 11 6 7 8 10 9 12 10 6 11 17 12 3 13 17 14 4 15 18 16 7 17 14 18 20 19 19 20 5 21 1 22 13 23 18 24 13 25 5 26 5 27 7 28 15 29 2 30 8 31 16 32 14 33 15 34 7 35 20 36 6 37 1 38 16 39 14 40 8 41 9 42 15 43 4 44 19 45 14 46 4 48 15 49 17 50 18 51 12 52 15 53 18 54 6 55 9 56 16 57 6 58 6 59 6 61 4 63 4 64 10 65 7 66 5 67 6 68 3 69 19 70 16 71 20 72 4 73 14 74 8 75 16 76 5 77 13 78 4 79 9 80 16 81 20 82 7 83 15 84 13 85 3 86 2 47 6 60 6 62 16
8 0 18 1 7 2 17 3 14 4 2 5 19 6 19 7 10 9 15 10 17 11 4 12 19 13 16 14 6 15 8 16 18 17 7 18 10 20 7 21 12 22 4 23 8 25 11 26 13 27 13 28 18 29 2 30 5 31 20 32 12 34 14 35 12 36 16 37 16 38 20 39 19 40 1 41 5 42 3 43 17 45 8 46 10 47 14 48 20 49 3 50 4 51 2 52 16 53 4 54 10 55 6 56 11 58 9 59 1 60 9 61 11 62 17 63 9 64 10 65 15 66 18 67 5 68 9 69 3 70 10 71 12 72 10 73 18 74 12 75 15 77 10 78 3 79 13 80 8 81 18 83 7 84 16 19 5 24 13 33 13 44 16 57 15 76 18 82 19 85 8
9 0 11 1 6 2 10 3 11 4 12 5 15 6 15 7 12 8 15 10 14 11 15 12 7 14 17 15 12 16 18 17 19 18 17 20 8 21 2 22 16 24 9 25 15 26 3 27 2 28 14 29 18 30 9 31 17 32 7 33 11 34 7 35 3 36 1 37 6 38 15 39 20 41 7 42 17 43 17 44 15 45 8 47 14 48 6 49 3 51 2 52 5 53 5 54 5 55 14 56 11 57 4 58 15 59 7 60 6 62 16 63 2 64 10 65 12 66 15 67 7 68 9 69 8 70 3 71 19 72 18 73 18 74 12 75 2 76 20 77 10 78 18 79 2 80 15 81 11 82 18 83 10 84 17 85 10 86 19 13 19 19 16 23 9 40 15 46 8 50 3 61 20
10 0 13 1 19 2 5 4 8 5 5 6 15 7 6 8 17 9 14 3 20 11 2 12 16 13 4 14 13 15 12 16 20 17 5 18 9 19 18 20 12 21 20 22 7 23 5 25 17 26 8 27 9 28 18 29 3 30 19 31 5 32 19 33 20 35 8 36 11 37 19 38 17 39 14 40 16 41 8 42 8 43 9 44 10 46 3 47 2 48 12 49 1 50 18 51 13 52 15 53 18 54 19 55 5 56 2 57 13 58 1 59 3 60 3 61 20 62 19 63 16 64 14 65 19 66 2 67 9 68 3 71 10 72 5 74 18 75 7 76 5 77 9 78 16 79 11 80 13 81 4 82 11 83 4 84 1 86 8 24 13 34 18 45 8 69 19 70 15 73 11 85 11
11 0 11 1 15 2 2 3 5 4 19 6 15 7 17 8 4 9 15 10 2 5 6 12 1 13 18 15 15 16 6 17 10 18 4 19 1 20 2 21 10 22 17 23 18 24 10 25 18 26 12 27 7 29 1 30 14 33 6 34 20 35 11 37 3 38 6 39 13 40 12 41 5 42 3 43 15 44 5 45 1 46 20 47 2 48 13 49 4 50 4 51 18 52 15 54 11 55 3 56 9 57 16 58 1 59 15 60 5 62 4 63 10 64 4 65 1 66 9 68 12 70 17 71 3 72 10 73 6 75 14 76 1 79 15 80 16 82 15 84 12 85 2 86 17 14 4 28 16 31 18 32 2 36 7 53 6 61 16 69 13 74 7 77 7 78 7 81 6 83 16
12 1 8 2 18 3 4 4 10 5 10 6 12 7 3 8 19 9 7 10 16 11 1 0 15 13 6 14 17 15 5 16 19 18 18 19 6 20 15 21 18 22 14 23 8 24 10 26 12 27 10 28 17 29 16 31 6 32 4 33 9 34 5 35 11 36 12 37 19 38 8 39 16 40 2 41 7 42 4 43 13 44 10 45 12 46 7 47 18 48 1 49 5 50 13 51 5 52 12 54 12 55 17 56 4 57 3 58 18 59 15 60 5 61 12 62 16 63 19 64 8 65 2 66 19 68 10 69 8 70 18 71 1 72 11 73 1 74 15 75 12 77 9 78 7 79 20 80 18 81 5 82 4 84 13 17 16 25 5 30 5 53 10 67 2 76 13 83 14 85 9 86 20
13 0 1 1 6 2 5 3 9 4 17 5 20 6 20 7 17 8 16 10 4 11 18 12 6 9 19 14 5 15 10 16 18 17 2 18 12 19 5 20 7 21 4 22 10 23 15 24 19 25 4 26 7 28 15 29 12 30 12 31 13 32 15 33 20 34 18 35 5 36 5 37 9 38 14 39 5 40 15 41 8 42 13 43 10 44 5 45 8 46 16 47 14 48 1 49 9 50 11 51 1 52 13 53 19 54 15 55 20 56 11 57 1 58 4 59 20 60 16 61 12 62 17 63 1 64 15 65 1 66 13 67 13 68 18 69 14 70 12 71 6 72 9 73 2 74 17 75 9 76 7 78 5 79 12 81 12 82 3 83 6 84 9 85 11 27 4 77 15 80 8 86 11
14 0 9 1 2 2 12 3 3 4 6 5 4 6 13 7 4 8 6 9 17 10 13 12 17 13 5 11 4 15 18 16 1 17 18 18 1 20 6 21 3 22 16 23 10 24 8 25 10 26 8 27 18 28 4 29 20 30 9 31 20 32 4 33 12 34 2 35 7 36 13 37 9 38 4 39 15 40 8 41 11 42 20 43 20 45 1 46 5 47 20 48 11 49 4 50 14 51 16 52 14 54 1 55 12 56 10 57 4 59 18 60 7 61 19 62 18 63 6 64 13 65 11 66 15 67 8 68 13 69 13 70 15 71 14 73 15 74 9 75 7 76 2 77 15 78 17 79 14 80 18 81 12 82 6 83 6 84 19 85 10 44 20 53 7 58 12 72 2
15 0 19 1 9 2 5 3 18 4 10 5 13 6 11 7 18 8 8 9 12 10 12 11 15 12 5 13 10 14 18 18 18 19 18 20 4 21 14 22 19 23 19 25 20 26 11 27 6 28 7 29 6 30 12 31 8 33 1 34 12 35 4 36 2 37 20 38 3 39 17 40 8 41 14 42 3 43 7 45 12 46 12 47 1 48 20 49 3 50 15 51 13 52 15 53 16 54 6 56 5 57 2 58 17 59 13 60 11 61 1 62 10 64 4 65 10 66 5 67 19 68 10 69 18 70 6 71 3 72 20 73 3 74 2 75 10 76 9 77 16 78 13 79 6 80 2 81 17 82 16 83 11 84 10 85 14 86 11 16 3 17 19 24 11 32 5 44 11 55 4 63 8
16 0 3 2 14 3 5 4 3 5 16 6 18 7 7 8 18 9 18 10 20 11 6 12 19 13 18 14 1 1 2 15 3 19 5 20 19 22 4 23 12 24 10 25 4 26 5 27 7 28 13 29 7 30 18 32 8 33 2 35 19 36 12 37 3 38 2 39 5 40 7 41 8 42 7 43 6 44 12 45 2 46 14 47 7 48 18 49 20 50 8 51 9 52 18 53 16 54 6 55 11 56 7 57 10 58 12 59 1 60 5 61 2 62 3 63 14 64 1 65 11 66 18 68 16 70 18 71 16 72 20 73 19 74 9 75 2 76 2 77 4 78 14 79 13 80 1 81 5 82 10 83 5 84 11 85 15 86 11 17 7 18 3 21 9 31 5 34 10 67 4 69 15
17 0 19 1 3 3 5 4 7 5 6 6 2 7 14 8 7 9 19 10 5 11 10 13 2 14 18 2 11 12 16 15 19 16 7 18 19 20 9 22 18 23 9 24 15 25 6 26 7 27 7 28 5 29 15 30 14 31 1 32 15 33 5 34 9 37 16 38 1 39 4 40 3 41 16 43 14 44 8 45 15 46 7 47 2 48 4 49 9 50 5 51 14 52 20 53 4 54 14 55 5 56 18 57 5 58 18 59 6 60 5 61 13 62 12 63 15 66 12 67 7 68 9 69 13 70 14 71 20 72 19 73 3 74 16 75 5 76 3 77 1 78 18 79 5 80 12 81 8 82 11 83 7 84 19 85 12 86 4 19 6 21 5 35 20 36 14 42 9 64 4
18 1 19 2 16 3 17 5 8 6 9 7 20 8 10 9 17 10 9 11 4 12 18 13 12 14 1 15 18 17 19 0 9 4 6 16 3 19 11 20 19 21 18 22 16 23 9 24 7 25 16 26 15 28 5 29 9 31 19 32 5 33 17 34 20 35 11 36 7 37 16 38 3 39 4 40 1 41 13 42 13 43 18 45 6 46 4 47 16 48 9 49 9 50 15 51 19 52 9 53 4 54 2 55 10 56 1 57 5 58 19 59 16 60 2 61 6 62 2 63 1 64 18 65 8 66 15 67 10 68 16 69 13 71 7 73 7 75 19 76 19 77 13 78 3 80 3 82 14 84 16 85 6 86 6 27 5 30 11 44 12 72 7 74 20 79 12 81 12
19 0 4 2 17 3 18 5 3 6 14 7 19 10 18 11 1 12 6 13 5 15 18 16 5 18 11 1 3 4 11 8 5 9 16 17 6 20 16 21 14 22 11 23 17 24 4 25 2 26 16 27 17 28 12 29 12 30 13 31 8 32 18 33 8 34 17 35 17 36 6 37 4 39 13 40 1 41 9 42 1 43 8 44 6 45 10 46 19 47 6 48 8 49 5 50 9 51 3 52 8 53 17 54 16 56 7 57 4 58 13 59 1 61 9 62 18 64 17 65 14 66 19 67 7 68 20 70 17 71 17 72 5 73 6 74 3 75 3 76 11 78 12 79 10 80 18 81 5 82 12 83 1 84 11 85 8 86 2 38 6 55 1 60 8 69 1 77 19
20 0 20 1 14 2 7 3 18 4 17 5 19 6 8 7 5 8 7 9 8 10 12 11 2 12 15 13 7 14 6 15 4 16 19 17 9 18 19 19 16 21 14 22 14 23 4 24 20 25 20 26 13 27 16 28 1 29 4 30 5 31 10 32 8 33 2 34 16 35 14 36 14 37 7 38 5 40 2 41 5 42 3 43 17 44 1 45 7 46 8 47 20 48 1 50 16 51 5 52 2 53 19 54 9 55 15 56 9 57 2 58 9 59 19 60 15 61 18 62 11 63 20 64 6 65 7 66 20 67 3 68 20 69 17 70 14 71 19 72 7 74 10 75 8 76 3 77 14 79 7 80 6 81 1 82 17 85 3 86 13 39 12 73 15 78 1 83 15
21 3 17 4 16 5 11 6 20 7 1 8 12 9 2 10 20 11 10 12 18 13 4 14 3 15 14 18 18 19 14 20 14 0 12 1 2 2 4 16 9 17 5 22 12 23 17 24 7 25 20 26 14 27 4 28 18 29 20 30 5 31 9 33 14 34 2 35 13 36 3 37 8 39 16 40 18 41 11 42 8 43 15 44 7 46 10 47 7 48 10 49 16 50 7 51 5 53 4 54 11 55 11 56 4 57 5 58 8 59 20 60 20 61 2 62 12 63 13 64 19 65 1 66 9 67 14 69 7 70 12 71 5 72 12 73 14 74 11 75 9 76 6 78 13 79 20 80 11 81 11 82 7 83 7 84 13 85 5 86 7 32 19 38 14 45 5 52 19 68 17 77 17
22 0 17 1 7 2 17 3 13 5 18 6 6 7 13 8 4 9 16 10 7 11 17 12 14 13 10 14 16 15 19 16 4 17 18 18 16 19 11 20 14 21 12 4 20 24 13 25 6 26 17 27 8 28 2 29 5 30 11 31 20 32 4 34 14 35 9 36 11 37 10 38 9 39 16 40 6 41 18 42 4 44 7 45 1 46 8 47 17 48 5 49 1 50 20 51 11 52 6 53 14 55 7 56 16 57 4 58 5 59 18 60 12 61 6 62 19 65 10 66 11 67 20 68 16 69 17 70 6 71 6 72 5 73 8 74 11 75 12 76 7 78 3 79 15 80 18 81 6 82 14 83 2 84 11 86 15 23 2 33 3 43 3 54 17 77 1 85 18
23 0 14 1 12 2 11 3 11 4 16 5 3 6 10 7 18 8 8 10 5 11 18 12 8 13 15 14 10 15 19 16 12 17 9 18 9 19 17 20 4 21 17 9 9 22 2 24 6 25 6 27 15 28 9 29 15 30 4 31 18 32 1 33 2 34 14 36 5 38 19 39 5 40 8 41 1 42 20 43 10 44 10 45 6 46 2 47 16 48 6 49 18 50 1 52 18 53 17 54 8 55 10 56 15 57 12 58 18 60 17 61 12 62 14 63 15 64 4 65 9 66 14 67 20 68 6 69 15 70 5 71 7 72 19 73 12 74 19 75 6 76 15 78 1 79 19 80 1 81 12 82 19 83 4 84 17 85 16 26 5 35 2 51 16 77 17 86 4
24 0 18 1 2 2 7 3 18 4 20 5 18 6 10 7 13 9 9 11 10 12 10 13 19 14 8 16 10 17 15 18 7 19 4 20 20 21 7 22 13 23 6 8 13 10 13 15 11 25 10 26 11 27 6 28 4 29 10 31 6 32 7 33 7 34 16 35 1 36 17 37 15 39 15 40 16 41 18 43 5 44 16 45 8 46 17 47 5 48 16 49 6 50 15 51 20 52 18 53 13 54 11 55 19 56 3 57 6 58 1 59 9 60 2 61 7 62 19 64 20 65 18 66 9 67 20 68 19 69 1 70 2 71 12 72 20 73 15 74 6 75 2 76 14 77 18 78 19 79 1 80 5 81 6 82 13 83 17 84 3 85 12 86 20 30 16 38 3 42 10 63 16
25 0 5 1 13 2 6 3 4 4 1 5 13 6 7 7 5 8 11 9 15 10 17 11 18 13 4 14 10 15 20 16 4 17 6 18 16 19 2 20 20 21 20 22 6 23 6 24 10 12 5 27 8 29 20 31 3 32 7 33 3 34 18 35 13 36 5 37 14 38 12 40 11 41 16 42 15 43 18 45 5 46 18 47 6 48 9 49 7 50 18 51 10 52 13 53 17 54 16 55 11 56 3 57 14 58 15 60 15 62 9 63 19 64 2 65 14 66 20 67 3 68 5 69 6 70 6 71 4 72 6 73 14 74 20 75 13 76 3 77 12 78 10 79 8 80 5 81 16 82 10 83 3 84 3 85 10 86 15 26 2 28 20 30 11 39 7 44 3 59 6 61 6
26 0 17 1 17 2 15 3 13 4 3 5 12 6 2 7 5 8 13 9 3 10 8 11 12 12 12 13 7 14 8 15 11 16 5 17 7 18 15 19 16 20 13 21 14 22 17 24 11 23 5 25 2 27 7 28 6 29 15 30 7 32 2 33 2 34 16 35 18 36 6 37 15 38 11 39 16 40 9 41 11 42 8 44 20 45 15 46 3 47 10 48 20 49 19 50 12 51 9 52 3 53 20 54 13 55 16 56 7 57 9 58 18 59 1 60 1 61 7 62 12 63 13 65 8 66 13 67 13 68 16 70 20 71 7 72 13 73 5 74 19 75 13 76 1 77 8 78 12 79 15 81 20 82 6 83 16 84 6 86 3 43 19 64 2 69 7 80 18
27 0 3 1 18 2 7 3 18 4 8 5 7 6 16 7 7 8 13 9 2 10 9 11 7 12 10 14 18 15 6 16 7 17 7 19 17 20 16 21 4 22 8 23 15 24 6 25 8 26 7 13 4 18 5 28 1 29 7 30 11 31 16 32 16 33 9 34 16 35 20 36 9 37 16 38 5 39 3 40 6 41 8 42 15 43 3 44 5 46 4 47 15 48 14 49 8 50 10 51 14 52 16 53 14 54 12 55 12 58 16 59 8 60 10 61 12 62 10 63 12 64 15 65 19 66 8 67 12 68 7 69 19 71 13 72 17 74 8 75 16 76 7 77 12 78 17 79 11 80 4 81 7 82 8 83 17 84 12 85 4 86 9 45 13 56 2 57 19 70 3 73 3
28 0 8 1 19 2 16 3 10 4 1 5 11 6 20 7 15 8 18 9 14 10 18 12 17 13 15 14 4 15 7 16 13 17 5 18 5 19 12 20 1 21 18 22 2 23 9 24 4 26 6 27 1 11 16 25 20 29 2 30 5 31 11 32 10 33 18 34 15 35 5 36 3 37 14 38 1 39 6 40 18 41 3 42 14 43 9 44 14 45 13 46 15 47 9 48 10 49 16 50 10 51 16 52 14 53 10 54 17 56 4 57 16 58 19 59 18 60 13 61 15 63 12 64 6 66 11 67 10 68 17 69 16 70 9 71 11 72 1 73 4 74 1 75 16 76 20 77 8 78 5 79 3 80 5 82 1 83 14 84 2 85 20 86 7 55 2 62 3 65 15 81 19
29 0 4 1 19 2 1 4 19 5 8 6 15 7 2 8 2 9 18 10 3 11 1 12 16 13 12 14 20 15 6 16 7 17 15 18 9 19 12 20 4 21 20 22 5 23 15 24 10 25 20 26 15 27 7 28 2 3 20 30 12 31 13 32 20 33 13 34 4 35 7 36 3 37 2 38 16 39 15 40 15 41 16 42 19 43 19 44 8 45 13 46 1 47 8 48 20 50 6 51 16 52 13 53 17 54 7 55 3 56 5 58 7 59 4 60 15 61 18 62 7 64 10 65 12 66 16 67 7 68 17 72 10 73 16 74 14 75 19 76 18 77 13 78 11 81 4 82 15 83 16 84 10 85 16 86 12 49 19 57 2 63 15 69 8 70 14 71 9 80 2
30 0 19 1 12 2 10 3 18 4 14 5 1 6 17 7 8 8 5 9 9 10 19 11 14 13 12 14 9 15 12 16 18 17 14 19 13 20 5 21 5 22 11 23 4 26 7 27 11 28 5 29 12 12 5 18 11 24 16 25 11 31 12 32 19 33 18 35 20 36 1 37 5 38 11 39 1 41 1 42 20 43 14 44 11 45 13 46 5 47 3 48 6 49 4 50 18 51 19 52 2 53 19 54 7 55 13 56 5 58 5 59 13 60 12 61 10 62 8 63 3 64 2 65 20 66 15 67 15 68 20 69 3 71 10 72 6 73 1 74 15 76 17 77 5 79 9 80 13 81 3 82 17 83 13 84 4 85 5 86 4 34 10 57 11 75 10 78 14
31 0 16 1 19 2 4 4 6 5 7 6 16 7 16 8 20 9 17 10 5 12 6 13 13 14 20 15 8 17 1 18 19 19 8 20 10 21 9 22 20 23 18 24 6 25 3 27 16 28 11 29 13 30 12 3 4 11 18 16 5 32 11 33 3 34 14 35 6 36 8 37 9 38 3 39 20 40 3 41 17 42 20 43 19 44 8 46 20 49 5 50 10 51 16 52 14 53 13 54 14 55 5 56 18 58 1 59 3 60 2 61 16 62 11 63 17 64 18 65 6 66 14 67 11 68 11 69 11 70 14 71 20 72 20 73 16 74 17 75 2 76 2 77 20 78 15 79 9 80 8 81 16 82 14 83 12 84 4 85 15 45 1 47 11 48 20 57 5
32 0 11 1 19 2 20 3 12 4 4 6 20 7 14 8 12 9 7 10 19 12 4 13 15 14 4 16 8 17 15 18 5 19 18 20 8 22 4 23 1 24 7 25 7 26 2 27 16 28 10 29 20 30 19 31 11 5 14 11 2 15 5 21 19 33 11 35 3 37 17 38 1 39 7 40 6 41 12 42 19 43 13 44 16 45 6 46 6 47 2 48 19 49 7 50 18 51 13 52 18 53 16 54 2 55 19 56 18 57 19 58 14 60 1 61 14 62 11 63 16 64 8 65 17 66 1 67 16 68 17 69 19 70 11 71 17 72 1 73 8 74 14 75 3 76 8 77 18 78 18 79 17 80 10 81 6 82 8 83 2 84 3 85 11 34 16 36 15 59 11 86 1
33 0 15 1 6 3 17 4 4 5 20 7 15 9 11 10 20 11 6 12 9 13 20 14 12 15 1 16 2 17 5 18 17 19 8 20 2 21 14 23 2 24 7 25 3 26 2 27 9 28 18 29 13 30 18 31 3 32 11 2 4 6 13 8 13 22 3 35 18 36 1 37 3 38 10 39 10 40 7 42 17 43 9 44 3 45 12 46 1 47 6 48 1 49 10 50 14 51 4 52 9 53 17 56 1 57 10 58 14 59 1 60 8 61 11 62 1 63 9 64 14 65 7 66 8 67 19 68 9 69 11 70 6 71 12 72 20 73 8 74 17 75 5 76 13 77 5 78 9 79 11 80 5 81 3 82 17 83 20 84 20 85 8 86 6 34 1 41 16 54 2 55 7
34 0 7 1 10 2 14 3 14 4 9 5 10 6 1 7 7 8 14 9 7 11 20 12 5 13 18 14 2 15 12 17 9 18 20 19 17 20 16 21 2 22 14 23 14 24 16 25 18 26 16 27 16 28 15 29 4 31 14 10 18 16 10 30 10 32 16 33 1 35 5 36 12 37 14 38 15 39 7 40 17 41 17 42 15 43 9 44 10 45 16 46 1 47 17 48 11 49 12 50 18 51 5 52 9 54 13 55 13 57 12 58 3 59 1 60 6 61 9 62 17 64 10 65 13 66 12 67 7 68 10 69 4 70 9 71 5 73 12 74 3 75 12 76 10 77 12 79 5 80 15 81 14 82 11 83 12 84 15 85 1 86 18 53 14 56 20 63 15 72 20
35 0 16 1 1 2 5 4 20 6 3 7 20 8 12 9 3 10 8 11 11 12 11 13 5 14 7 15 4 16 19 18 11 19 17 20 14 21 13 22 9 24 1 25 13 26 18 27 20 28 5 29 7 30 20 31 6 32 3 33 18 34 5 3 5 5 2 17 20 23 2 36 8 37 11 38 9 39 18 40 5 41 10 42 8 43 11 45 7 46 4 48 19 49 15 50 18 51 16 52 19 53 6 54 15 55 6 56 10 57 10 58 20 59 13 60 1 61 12 62 14 63 3 64 18 65 5 66 13 69 8 70 5 71 8 72 18 73 13 74 13 75 8 76 10 77 17 78 9 79 16 80 1 82 15 83 2 84 2 86 11 44 5 47 14 67 13 68 15 85 11
36 0 9 2 6 4 4 5 15 6 14 7 6 8 16 9 1 10 11 12 12 13 5 14 13 15 2 16 12 18 7 19 6 20 14 21 3 22 11 23 5 24 17 25 5 26 6 27 9 28 3 29 3 30 1 31 8 33 1 34 12 35 8 1 18 3 20 11 7 17 14 32 15 37 3 38 5 39 20 40 16 41 17 42 4 43 20 44 1 45 15 46 13 47 11 48 7 49 3 50 9 51 6 52 15 53 2 55 5 56 16 57 4 58 17 59 2 60 12 62 12 63 20 64 6 65 8 66 19 67 16 68 2 70 2 71 19 72 14 73 5 74 4 75 16 76 8 77 19 78 14 79 10 80 16 81 11 82 5 83 7 84 13 85 2 86 10 69 16
37 0 6 1 1 2 11 3 9 5 19 6 15 7 1 8 16 9 6 10 19 11 3 12 19 13 9 14 9 15 20 16 3 17 16 18 16 19 4 20 7 21 8 22 10 24 15 25 14 26 15 27 16 28 14 29 2 30 5 31 9 32 17 33 3 34 14 35 11 36 3 4 6 38 2 39 1 40 15 41 9 42 6 43 10 44 13 45 1 46 8 47 11 48 10 49 6 50 11 51 13 52 16 54 7 56 2 59 5 60 17 61 7 62 13 64 9 65 6 66 12 67 16 68 3 71 2 72 5 73 16 74 6 75 18 76 2 77 10 78 8 79 4 80 4 81 18 82 6 83 6 84 11 85 4 86 13 53 17 55 9 57 12 58 13 63 15 69 19
38 0 19 1 13 2 19 3 5 4 7 5 10 6 20 7 16 8 20 9 15 10 17 11 6 12 8 13 14 14 4 15 3 16 2 17 1 18 3 20 5 22 9 23 19 25 12 26 11 27 5 28 1 29 16 30 11 31 3 32 1 33 10 34 15 35 9 36 5 37 2 19 6 21 14 24 3 40 18 41 16 42 13 43 5 44 19 45 15 46 13 47 15 48 2 49 8 50 10 51 9 52 18 53 17 54 10 55 11 56 14 57 1 58 12 59 13 60 4 61 13 62 11 63 9 65 4 66 1 67 18 68 2 69 13 70 4 71 11 72 20 73 8 75 10 76 3 77 19 78 13 79 19 80 1 81 1 83 18 84 11 85 1 86 14 39 11 64 1 74 15 82 12
39 0 16 1 5 2 9 3 1 4 7 5 20 6 9 7 14 8 19 9 20 10 14 11 13 12 16 13 5 14 15 15 17 16 5 17 4 18 4 19 13 21 16 22 16 23 5 24 15 26 16 27 3 28 6 29 15 30 1 31 20 32 7 33 10 34 7 35 18 36 20 37 1 20 12 25 7 38 11 40 12 41 10 42 16 43 13 44 15 46 15 47 3 48 19 49 16 50 20 52 16 53 20 54 2 55 5 56 17 57 19 58 13 59 13 61 8 62 7 63 12 64 18 65 3 66 8 67 6 68 5 69 13 70 14 71 5 72 4 73 3 75 19 76 15 77 11 78 14 79 14 80 11 81 9 82 16 83 19 84 2 85 10 86 6 51 3 60 1 74 9
40 0 18 1 12 2 11 3 16 4 8 5 18 6 16 7 8 8 1 10 16 11 12 12 2 13 15 14 8 15 8 16 7 17 3 18 1 19 1 20 2 21 18 22 6 23 8 24 16 25 11 26 9 27 6 28 18 29 15 31 3 32 6 33 7 34 17 35 5 36 16 37 15 38 18 39 12 9 15 41 11 42 9 43 19 44 20 45 12 46 6 47 2 48 8 49 2 50 14 51 14 52 5 54 4 56 11 57 2 58 9 59 4 60 17 62 13 63 5 64 18 65 3 66 8 68 8 69 12 71 2 72 14 73 9 74 18 75 14 76 17 77 8 79 19 80 13 81 12 82 14 83 8 84 10 85 10 86 12 53 16 55 1 67 1 70 7 78 14
41 0 2 1 14 2 10 4 10 5 1 6 3 7 9 8 5 9 7 10 8 11 5 12 7 13 8 14 11 15 14 16 8 17 16 18 13 19 9 20 5 21 11 22 18 23 1 24 18 25 16 26 11 27 8 28 3 29 16 30 1 31 17 32 12 34 17 35 10 36 17 37 9 38 16 39 10 40 11 3 14 33 16 42 11 43 15 44 3 45 12 46 17 47 18 48 6 49 14 50 7 51 17 52 4 54 12 55 10 56 2 58 14 59 6 60 8 61 13 63 9 64 15 65 15 66 11 67 3 68 16 69 9 70 13 71 1 72 17 73 20 74 16 75 19 76 18 77 8 78 18 79 13 80 9 82 14 83 4 84 17 85 5 53 9 57 4 62 5 81 4 86 8
42 0 8 2 8 3 5 4 13 5 15 6 20 7 15 8 3 9 17 10 8 11 3 12 4 13 13 14 20 15 3 16 7 18 13 19 1 20 3 21 8 22 4 23 20 25 15 26 8 27 15 28 14 29 19 30 20 31 20 32 19 33 17 34 15 35 8 36 4 37 6 38 13 39 16 40 9 41 11 1 9 17 9 24 10 43 12 44 4 45 2 46 7 47 15 48 14 49 4 50 4 51 12 53 7 54 7 57 7 58 5 61 14 62 18 63 13 65 4 66 18 67 8 68 15 69 13 70 7 71 5 72 16 73 8 75 3 76 20 77 16 78 5 79 10 80 11 81 11 82 17 83 10 84 14 85 20 86 8 52 9 55 1 56 3 59 20 64 8 74 16
43 0 10 1 18 2 8 3 5 4 14 5 14 6 15 7 4 8 17 9 17 10 9 11 15 12 13 13 10 14 20 15 7 16 6 17 14 18 18 19 8 20 17 21 15 23 10 24 5 25 18 27 3 28 9 29 19 30 14 31 19 32 13 33 9 34 9 35 11 36 20 37 10 38 5 39 13 40 19 41 15 42 12 22 3 26 19 44 8 45 7 47 14 48 20 49 5 50 14 51 9 52 10 53 13 54 10 56 17 57 16 58 5 59 8 60 12 62 4 63 9 64 8 65 16 66 8 67 1 69 17 70 15 71 1 72 11 73 8 74 13 75 12 76 13 77 3 78 10 79 2 80 14 81 3 82 7 83 2 84 19 85 6 86 20 46 10 55 9 61 9 68 8
44 0 20 1 19 2 8 3 9 4 14 5 20 6 14 7 19 9 15 10 10 11 5 12 10 13 5 16 12 17 8 19 6 20 1 21 7 22 7 23 10 24 16 26 20 27 5 28 14 29 8 30 11 31 8 32 16 33 3 34 10 36 1 37 13 38 19 39 15 40 20 41 3 42 4 43 8 8 16 14 20 15 11 18 12 25 3 35 5 45 10 46 12 47 17 48 5 49 5 50 5 51 10 52 5 53 1 54 1 55 15 56 12 57 3 58 4 59 7 60 13 61 15 62 11 63 17 64 7 65 6 66 17 67 16 68 12 69 18 70 17 72 8 73 7 74 20 75 4 76 15 77 8 79 5 80 7 81 11 82 16 83 20 84 19 85 4 86 6 71 18
45 0 9 1 5 2 6 3 18 4 5 5 1 6 14 7 14 8 8 9 8 11 1 12 12 13 8 14 1 15 12 16 2 17 15 18 6 19 10 20 7 22 1 23 6 24 8 25 5 26 15 28 13 29 13 30 13 32 6 33 12 34 16 35 7 36 15 37 1 38 15 40 12 41 12 42 2 43 7 44 10 10 8 21 5 27 13 31 1 46 5 47 6 48 13 49 14 50 11 51 8 52 1 53 9 54 14 55 1 57 17 58 8 59 18 61 12 62 12 63 13 65 1 67 9 68 8 69 12 70 18 71 1 73 16 74 1 75 5 76 13 77 15 78 5 79 1 80 3 81 14 82 9 83 18 84 5 85 4 86 7 60 4 64 20 66 15 72 16
46 0 4 2 5 3 16 4 19 5 15 6 17 7 4 8 10 10 3 11 20 12 7 13 16 14 5 15 12 16 14 17 7 18 4 19 19 20 8 21 10 22 8 23 2 24 17 25 18 26 3 27 4 28 15 29 1 30 5 31 20 32 6 33 1 34 1 35 4 36 13 37 8 38 13 39 15 40 6 41 17 42 7 44 12 45 5 1 14 9 8 43 10 47 5 48 11 49 19 50 10 51 10 52 1 53 14 54 5 55 19 56 2 58 15 59 3 60 6 61 15 62 11 64 8 65 4 66 20 68 1 69 5 70 14 72 10 73 15 74 19 75 17 76 20 77 17 78 18 79 11 80 4 81 15 82 19 83 17 85 1 86 13 63 14 67 15 71 11 84 9
47 1 3 2 19 3 15 4 18 5 6 6 17 8 14 9 14 10 2 11 2 12 18 13 14 14 20 15 1 16 7 17 2 18 16 19 6 20 20 21 7 22 17 23 16 24 5 25 6 26 10 27 15 28 9 29 8 30 3 32 2 33 6 34 17 36 11 37 11 38 15 39 3 40 2 41 18 42 15 43 14 44 17 45 6 46 5 0 16 7 6 31 11 35 14 48 10 49 19 50 4 51 9 52 17 53 12 54 16 55 6 57 17 58 6 59 10 60 12 61 16 62 6 63 14 64 4 65 4 66 19 68 15 69 1 70 6 71 2 72 12 73 1 75 2 76 6 77 13 78 14 79 3 80 17 81 9 82 3 83 10 84 7 85 10 86 4 56 5 67 8 74 7
48 0 9 2 11 3 7 4 6 6 6 7 15 8 20 9 6 10 12 11 13 12 1 13 1 14 11 15 20 16 18 17 4 18 9 19 8 20 1 21 10 22 5 23 6 24 16 25 9 26 20 27 14 28 10 29 20 30 6 32 19 33 1 34 11 35 19 36 7 37 10 38 2 39 19 40 8 41 6 42 14 43 20 44 5 45 13 46 11 47 10 1 1 5 14 31 20 49 1 51 1 52 13 53 15 54 5 55 1 56 12 57 17 58 6 59 14 60 6 61 6 62 18 63 20 64 4 65 7 66 4 67 1 68 2 69 15 70 13 71 5 72 8 73 2 74 8 75 19 76 13 77 9 78 20 79 17 80 9 81 19 82 17 83 14 84 16 85 13 86 5
49 0 8 1 4 2 10 3 15 4 7 5 11 6 10 7 17 8 3 9 3 10 1 11 4 12 5 13 9 14 4 15 3 16 20 17 9 18 9 19 5 21 16 22 1 23 18 24 6 25 7 26 19 27 8 28 16 30 4 31 5 32 7 33 10 34 12 35 15 36 3 37 6 38 8 39 16 40 2 41 14 42 4 43 5 44 5 45 14 46 19 47 19 48 1 29 19 50 14 52 5 53 19 54 20 55 11 56 2 57 11 59 1 60 16 61 13 62 6 64 8 65 19 67 3 68 14 70 8 71 6 72 20 73 20 74 10 75 7 76 8 77 17 78 13 79 12 80 20 81 16 82 8 83 14 84 17 85 2 86 13 51 9 58 18 63 7 66 17 69 10
50 0 17 1 14 3 5 4 18 5 14 6 14 7 18 8 4 10 18 11 4 12 13 13 11 14 14 15 15 16 8 17 5 18 15 19 9 20 16 21 7 22 20 23 1 24 15 25 18 26 12 27 10 28 10 29 6 30 18 31 10 32 18 33 14 34 18 35 18 36 9 37 11 38 10 39 20 40 14 41 7 42 4 43 14 44 5 45 11 46 10 47 4 49 14 2 17 9 3 51 5 52 8 53 17 55 18 56 6 57 3 58 16 59 18 60 19 61 11 62 20 63 16 66 14 67 8 68 13 69 7 70 16 71 18 72 4 73 9 75 19 76 3 77 18 78 16 79 9 80 13 81 11 82 9 83 13 84 7 85 9 86 9 54 3 64 20 65 15
51 0 2 1 3 2 8 3 17 4 14 5 20 6 18 7 12 8 2 9 2 10 13 11 18 12 5 13 1 14 16 15 13 16 9 17 14 18 19 19 3 20 5 21 5 22 11 24 20 25 10 26 9 27 14 28 16 29 16 30 19 31 16 32 13 33 4 34 5 35 16 36 6 37 13 38 9 40 14 41 17 42 12 43 9 44 10 45 8 46 10 47 9 48 1 50 5 23 16 39 3 49 9 52 16 53 10 54 9 55 12 56 3 57 4 58 1 59 12 60 20 61 1 62 5 63 18 65 18 66 7 67 3 68 12 69 12 70 19 71 11 72 8 73 3 74 17 76 13 77 4 78 1 79 6 80 15 81 7 82 9 83 8 85 3 86 6 64 12 75 3 84 17
52 0 5 1 12 2 14 3 3 4 12 5 4 6 9 7 15 8 16 9 5 10 15 11 15 12 12 13 13 14 14 15 15 16 18 17 20 18 9 19 8 20 2 22 6 23 18 24 18 25 13 26 3 27 16 28 14 29 13 30 2 31 14 32 18 33 9 34 9 35 19 36 15 37 16 38 18 39 16 40 5 41 4 43 10 44 5 45 1 46 1 47 17 48 13 49 5 50 8 51 16 21 19 42 9 54 3 55 19 56 17 57 2 58 9 59 13 61 19 62 19 63 7 64 15 65 5 66 7 67 11 68 1 69 4 70 17 71 13 72 1 73 18 74 11 75 18 76 5 77 6 78 15 79 19 80 10 82 9 83 1 84 18 85 13 53 9
53 0 8 1 10 2 18 4 16 5 2 6 9 7 18 8 4 9 5 10 18 13 19 15 16 16 16 17 4 18 4 19 17 20 19 21 4 22 14 23 17 24 13 25 17 26 20 27 14 28 10 29 17 30 19 31 13 32 16 33 17 35 6 36 2 38 17 39 20 42 7 43 13 44 1 45 9 46 14 47 12 48 15 49 19 50 17 51 10 3 8 11 6 12 10 14 7 34 14 37 17 40 16 41 9 52 9 54 13 55 14 56 7 57 11 58 11 59 7 60 20 61 20 62 5 63 5 64 18 65 17 66 6 67 15 68 19 69 4 70 1 71 12 72 15 73 16 74 1 75 20 76 12 77 9 78 5 79 12 80 16 81 17 82 7 83 5 84 20 85 1 86 18
54 0 8 1 4 2 4 3 5 4 11 5 16 6 9 7 6 8 10 9 5 10 19 11 11 12 12 13 15 14 1 15 6 16 6 17 14 18 2 19 16 20 9 21 11 23 8 24 11 25 16 26 13 27 12 28 17 29 7 30 7 31 14 32 2 34 13 35 15 37 7 38 10 39 2 40 4 41 12 42 7 43 10 44 1 45 14 46 5 47 16 48 5 49 20 51 9 52 3 53 13 22 17 33 2 50 3 55 3 56 6 57 8 58 4 59 20 60 1 61 5 62 8 63 1 66 18 68 2 71 1 72 10 73 7 74 8 75 20 76 10 77 14 79 4 80 5 81 7 82 10 83 20 84 12 85 3 86 19 64 4 65 13 67 1 69 1 70 17 78 14
55 0 15 1 11 2 11 3 10 4 15 5 5 6 4 7 9 8 6 9 14 10 5 11 3 12 17 13 20 14 12 16 11 17 5 18 10 20 15 21 11 22 7 23 10 24 19 25 11 26 16 27 12 29 3 30 13 31 5 32 19 34 13 35 6 36 5 38 11 39 5 41 10 44 15 45 1 46 19 47 6 48 1 49 11 50 18 51 12 52 19 53 14 54 3 15 4 19 1 28 2 33 7 37 9 40 1 42 1 43 9 56 8 58 8 59 9 60 2 61 6 62 7 64 17 65 8 66 13 67 7 68 2 69 12 70 12 71 11 72 5 73 6 74 3 75 5 76 1 77 16 78 8 79 1 80 2 81 19 82 16 83 11 84 19 86 13 57 10 63 19 85 17
56 0 14 1 5 2 14 3 1 4 17 7 16 8 11 9 11 10 2 11 9 12 4 13 11 14 10 15 5 16 7 17 18 18 1 19 7 20 9 21 4 22 16 23 15 24 3 25 3 26 7 28 4 29 5 30 5 31 18 32 18 33 1 35 10 36 16 37 2 38 14 39 17 40 11 41 2 43 17 44 12 46 2 48 12 49 2 50 6 51 3 52 17 53 7 54 6 55 8 6 11 27 2 34 20 42 3 47 5 57 4 58 10 59 16 60 2 61 18 62 15 64 14 65 5 66 5 67 16 68 2 71 8 72 3 73 13 74 19 75 3 76 7 77 9 78 10 79 4 80 19 81 12 82 2 83 8 84 20 85 14 86 2 69 16 70 18
57 1 15 2 19 3 7 4 11 5 13 6 9 7 6 9 4 10 13 11 16 12 3 13 1 14 4 15 2 16 10 17 5 18 5 19 4 20 2 21 5 22 4 23 12 24 6 25 14 26 9 28 16 32 19 33 10 34 12 35 10 36 4 38 1 39 19 40 2 42 7 43 16 44 3 45 17 47 17 48 17 49 11 50 3 51 4 52 2 53 11 54 8 56 4 0 9 8 15 27 19 29 2 30 11 31 5 37 12 41 4 55 10 59 4 60 16 61 5 62 14 63 20 64 11 65 14 66 8 68 3 70 14 71 17 72 15 73 20 75 12 76 3 78 5 79 8 80 17 81 17 82 15 83 5 85 12 86 1 58 1 67 20 69 18 74 2 77 6 84 19
58 0 20 1 5 2 16 3 10 4 10 5 20 6 12 7 6 8 9 9 15 10 1 11 1 12 18 13 4 15 17 16 12 17 18 18 19 19 13 20 9 21 8 22 5 23 18 24 1 25 15 26 18 27 16 28 19 29 7 30 5 31 1 32 14 33 14 34 3 35 20 36 17 38 12 39 13 40 9 41 14 42 5 43 5 44 4 45 8 46 15 47 6 48 6 50 16 51 1 52 9 53 11 54 4 55 8 56 10 14 12 37 13 49 18 57 1 59 8 60 17 61 19 62 12 63 9 64 17 65 20 66 16 67 10 68 10 69 9 71 6 72 20 73 9 74 7 75 6 76 19 77 10 78 20 79 8 80 16 81 2 82 5 83 13 84 3 85 6 70 6 86 18
59 0 17 1 18 2 16 3 8 4 10 5 3 6 18 7 6 8 1 9 7 10 3 11 15 12 15 13 20 14 18 15 13 16 1 17 6 18 16 19 1 20 19 21 20 22 18 24 9 26 1 27 8 28 18 29 4 30 13 31 3 33 1 34 1 35 13 36 2 37 5 38 13 39 13 40 4 41 6 43 8 44 7 45 18 46 3 47 10 48 14 49 1 50 18 51 12 52 13 53 7 54 20 55 9 56 16 57 4 58 8 25 6 32 11 42 20 60 11 61 8 62 17 63 3 64 3 65 8 66 12 67 6 68 19 69 17 70 14 71 6 72 20 73 19 74 15 75 5 77 10 78 7 80 3 81 8 82 5 83 10 84 13 85 1 76 12 79 14 86 10
60 0 20 1 15 2 19 3 14 4 10 5 10 6 13 8 9 9 6 10 3 11 5 12 5 13 16 14 7 15 11 16 5 17 5 18 2 20 15 21 20 22 12 23 17 24 2 25 15 26 1 27 10 28 13 29 15 30 12 31 2 32 1 33 8 34 6 35 1 36 12 37 17 38 4 40 17 41 8 43 12 44 13 46 6 47 12 48 6 49 16 50 19 51 20 53 20 54 1 55 2 56 2 57 16 58 17 59 11 7 6 19 8 39 1 45 4 61 14 62 3 63 13 64 14 65 4 66 15 67 12 68 2 69 15 70 9 71 2 72 8 73 9 75 2 76 13 77 7 78 3 79 16 81 4 83 4 84 16 85 14 74 1 86 11
61 0 19 1 18 2 15 3 5 4 4 5 10 6 9 7 4 8 11 10 20 12 12 13 12 14 19 15 1 16 2 17 13 18 6 19 9 20 18 21 2 22 6 23 12 24 7 26 7 27 12 28 15 29 18 30 10 31 16 32 14 33 11 34 9 35 12 37 7 38 13 39 8 41 13 42 14 44 15 45 12 46 15 47 16 48 6 49 13 50 11 51 1 52 19 53 20 54 5 55 6 56 18 57 5 58 19 59 8 60 14 9 20 11 16 25 6 43 9 62 8 63 3 65 14 66 10 67 3 68 18 69 2 70 11 71 9 72 2 73 13 75 13 76 1 78 10 79 15 80 19 81 5 82 3 83 16 84 14 85 14 86 1 64 20 74 7 77 16
62 0 3 1 14 2 6 3 20 4 16 5 9 6 10 8 17 9 16 10 19 11 4 12 16 13 17 14 18 15 10 16 3 17 12 18 2 19 18 20 11 21 12 22 19 23 14 24 19 25 9 26 12 27 10 29 7 30 8 31 11 32 11 33 1 34 17 35 14 36 12 37 13 38 11 39 7 40 13 42 18 43 4 44 11 45 12 46 11 47 6 48 18 49 6 50 20 51 5 52 19 53 5 54 8 55 7 56 15 57 14 58 12 59 17 60 3 61 8 7 16 28 3 41 5 63 16 64 8 66 5 67 17 68 7 69 14 70 20 71 16 72 8 73 20 74 19 75 8 76 15 77 5 78 5 79 5 80 12 81 4 82 2 83 18 84 9 85 5 86 9 65 20
63 0 12 1 12 2 3 4 17 5 6 6 3 7 4 8 9 9 2 10 16 11 10 12 19 13 1 14 6 16 14 17 15 18 1 20 20 21 13 23 15 25 19 26 13 27 12 28 12 30 3 31 17 32 16 33 9 35 3 36 20 38 9 39 12 40 5 41 9 42 13 43 9 44 17 45 13 47 14 48 20 50 16 51 18 52 7 53 5 54 1 57 20 58 9 59 3 60 13 61 3 62 16 3 11 15 8 24 16 29 15 34 15 37 15 46 14 49 7 55 19 64 20 65 10 66 8 67 13 68 3 70 16 71 3 72 19 73 12 74 18 75 3 76 10 77 18 78 19 80 3 81 4 82 10 83 19 84 11 85 7 86 20 69 8 79 12
64 0 18 1 3 2 16 3 10 4 17 5 7 6 7 7 10 8 10 9 10 10 14 11 4 12 8 13 15 14 13 15 4 16 1 18 18 19 17 20 6 21 19 23 4 24 20 25 2 27 15 28 6 29 10 30 2 31 18 32 8 33 14 34 10 35 18 36 6 37 9 39 18 40 18 41 15 43 8 44 7 46 8 47 4 48 4 49 8 52 15 53 18 55 17 56 14 57 11 58 17 59 3 60 14 62 8 63 20 17 4 26 2 38 1 42 8 45 20 50 20 51 12 54 4 61 20 66 5 67 12 68 20 69 3 70 13 71 15 73 11 74 2 75 11 76 19 77 4 78 6 79 2 80 14 81 13 83 11 84 8 85 8 86 11 65 13 72 7 82 5
65 0 17 1 20 2 3 3 12 5 3 6 14 7 7 8 15 9 12 10 19 11 1 12 2 13 1 14 11 15 10 16 11 18 8 19 14 20 7 21 1 22 10 23 9 24 18 25 14 26 8 27 19 29 12 30 20 31 6 32 17 33 7 34 13 35 5 36 8 37 6 38 4 39 3 40 3 41 15 42 4 43 16 44 6 45 1 46 4 47 4 48 7 49 19 51 18 52 5 53 17 55 8 56 5 57 14 58 20 59 8 60 4 61 14 63 10 4 18 28 15 50 15 54 13 62 20 64 13 67 3 68 1 69 18 70 13 71 19 72 5 73 7 74 15 76 14 78 12 79 15 80 19 81 4 82 5 83 6 84 5 85 14 86 2 66 2 75 13 77 7
66 1 18 2 9 3 3 4 10 5 12 6 16 7 5 8 18 9 15 10 2 11 9 12 19 13 13 14 15 15 5 16 18 17 12 18 15 19 19 20 20 21 9 22 11 23 14 24 9 25 20 26 13 27 8 28 11 29 16 30 15 31 14 32 1 33 8 34 12 35 13 36 19 37 12 38 1 39 8 40 8 41 11 42 18 43 8 44 17 46 20 47 19 48 4 50 14 51 7 52 7 53 6 54 18 55 13 56 5 57 8 58 16 59 12 60 15 61 10 62 5 63 8 64 5 0 20 45 15 49 17 65 2 68 9 69 19 70 14 71 8 74 10 75 7 76 10 77 5 79 7 80 12 81 2 82 13 83 13 84 9 85 1 86 11 67 9 73 5 78 16
67 0 7 1 20 2 11 3 15 5 14 6 11 7 6 8 5 9 7 10 9 13 13 14 8 15 19 17 7 18 10 19 7 20 3 21 14 22 20 23 20 24 20 25 3 26 13 27 12 28 10 29 7 30 15 31 11 32 16 33 19 34 7 36 16 37 16 38 18 39 6 41 3 42 8 43 1 44 16 45 9 48 1 49 3 50 8 51 3 52 11 53 15 55 7 56 16 58 10 59 6 60 12 61 3 62 17 63 13 64 12 65 3 4 2 12 2 16 4 35 13 40 1 46 15 47 8 54 1 57 20 66 9 68 20 69 15 71 13 72 9 73 8 74 13 75 1 76 19 77 7 78 13 79 19 80 11 81 18 83 2 84 7 85 2 86 8 70 18 82 4
68 0 15 1 2 2 5 3 1 4 18 5 12 6 10 7 3 8 9 9 9 10 3 11 12 12 10 13 18 14 13 15 10 16 16 17 9 18 16 19 20 20 20 22 16 23 6 24 19 25 5 26 16 27 7 28 17 29 17 30 20 31 11 32 17 33 9 34 10 36 2 37 3 38 2 39 5 40 8 41 16 42 15 44 12 45 8 46 1 47 15 48 2 49 14 50 13 51 12 52 1 53 19 54 2 55 2 56 2 57 3 58 10 59 19 60 2 61 18 62 7 63 3 64 20 65 1 66 9 67 20 21 17 35 15 43 8 69 2 70 17 71 17 72 1 76 20 77 15 78 18 79 7 81 1 82 11 83 13 84 13 85 12 86 9 73 5 75 1
69 0 2 3 1 4 7 5 17 7 19 8 3 9 8 12 8 13 14 14 13 15 18 17 13 18 13 20 17 21 7 22 17 23 15 24 1 25 6 27 19 28 16 30 3 31 11 32 19 33 11 34 4 35 8 38 13 39 13 40 12 41 9 42 13 43 17 44 18 45 12 46 5 47 1 48 15 50 7 51 12 52 4 53 4 55 12 58 9 59 17 60 15 61 2 62 14 64 3 65 18 66 19 67 15 68 2 1 7 2 4 6 5 10 19 11 13 16 15 19 1 26 7 29 8 36 16 37 19 49 10 54 1 56 16 57 18 63 8 70 18 71 18 72 9 73 15 74 1 75 13 76 2 78 18 79 7 80 8 81 9 82 7 83 9 85 4 86 4 77 19 84 9
70 0 11 1 20 2 9 4 17 5 15 6 14 7 16 8 10 9 3 11 17 12 18 13 12 14 15 15 6 16 18 17 14 19 17 20 14 21 12 22 6 23 5 24 2 25 6 26 20 28 9 31 14 32 11 33 6 34 9 35 5 36 2 38 4 39 14 41 13 42 7 43 15 44 17 45 18 46 14 47 6 48 13 49 8 50 16 51 19 52 17 53 1 55 12 57 14 59 14 60 9 61 11 62 20 63 16 64 13 65 13 66 14 68 17 69 18 3 6 10 15 27 3 29 14 40 7 54 17 56 18 58 6 67 18 71 5 72 2 73 4 74 4 75 1 76 6 77 2 78 16 79 8 80 16 81 20 83 19 84 12 82 15 85 20 86 12
71 1 16 2 13 3 17 4 13 5 8 6 11 7 20 8 12 9 19 10 10 11 3 12 1 13 6 14 14 15 3 16 16 17 20 18 7 19 17 20 19 21 5 22 6 23 7 24 12 25 4 26 7 27 13 28 11 30 10 31 20 32 17 33 12 34 5 35 8 36 19 37 2 38 11 39 5 40 2 41 1 42 5 43 1 45 1 47 2 48 5 49 6 50 18 51 11 52 13 53 12 54 1 55 11 56 8 57 17 58 6 59 6 60 2 61 9 62 16 63 3 64 15 65 19 66 8 67 13 68 17 69 18 70 5 0 9 29 9 44 18 46 11 72 6 73 14 74 6 75 4 76 14 77 11 78 3 79 9 80 9 81 8 82 18 83 6 84 15 85 16 86 11
72 0 3 1 5 2 20 3 12 4 19 5 8 6 10 7 4 8 10 9 18 10 5 11 10 12 11 13 9 15 20 16 20 17 19 19 5 20 7 21 12 22 5 23 19 24 20 25 6 26 13 27 17 28 1 29 10 30 6 31 20 32 1 33 20 35 18 36 14 37 5 38 20 39 4 40 14 41 17 42 16 43 11 44 8 46 10 47 12 48 8 49 20 50 4 51 8 52 1 53 15 54 10 55 5 56 3 57 15 58 20 59 20 60 8 61 2 62 8 63 19 65 5 67 9 68 1 69 9 70 2 71 6 14 2 18 7 34 20 45 16 64 7 73 6 74 17 75 14 76 13 79 2 80 15 81 16 82 17 83 10 84 7 85 3 86 20 77 12 78 10
73 0 14 1 8 2 4 3 17 4 14 6 7 7 14 8 18 9 18 11 6 12 1 13 2 14 15 15 3 16 19 17 3 18 7 19 6 21 14 22 8 23 12 24 15 25 14 26 5 28 4 29 16 30 1 31 16 32 8 33 8 34 12 35 13 36 5 37 16 38 8 39 3 40 9 41 20 42 8 43 8 44 7 45 16 46 15 47 1 48 2 49 20 50 9 51 3 52 18 53 16 54 7 55 6 56 13 57 20 58 9 59 19 60 9 61 13 62 20 63 12 64 11 65 7 67 8 69 15 70 4 71 14 72 6 5 14 10 11 20 15 27 3 66 5 68 5 74 5 76 12 77 19 78 18 79 7 80 11 82 5 83 10 84 6 85 17 86 6 75 18 81 17
74 0 18 1 5 2 17 3 1 4 1 5 10 6 7 7 8 8 12 9 12 10 18 12 15 13 17 14 9 15 2 16 9 17 16 19 3 20 10 21 11 22 11 23 19 24 6 25 20 26 19 27 8 28 1 29 14 30 15 31 17 32 14 33 17 34 3 35 13 36 4 37 6 40 18 41 16 43 13 44 20 45 1 46 19 48 8 49 10 51 17 52 11 53 1 54 8 55 3 56 19 58 7 59 15 62 19 63 18 64 2 65 15 66 10 67 13 69 1 70 4 71 6 72 17 73 5 11 7 18 20 38 15 39 9 42 16 47 7 57 2 60 1 61 7 75 9 76 11 78 19 79 10 80 18 81 7 82 5 83 4 84 17 85 14 86 15 77 15
75 0 7 1 17 2 19 3 20 4 17 5 7 6 18 7 16 8 15 9 2 10 7 11 14 12 12 13 9 14 7 15 10 16 2 17 5 18 19 19 3 20 8 21 9 22 12 23 6 24 2 25 13 26 13 27 16 28 16 29 19 31 2 32 3 33 5 34 12 35 8 36 16 37 18 38 10 39 19 40 14 41 19 42 3 43 12 44 4 45 5 46 17 47 2 48 19 49 7 50 19 52 18 53 20 54 20 55 5 56 3 57 12 58 6 59 5 60 2 61 13 62 8 63 3 64 11 66 7 67 1 69 13 70 1 71 4 72 14 74 9 30 10 51 3 65 13 68 1 73 18 76 1 77 8 78 8 79 18 80 2 81 1 82 1 83 17 84 5 85 9 86 12
76 0 18 2 4 3 14 4 16 5 6 6 9 7 5 9 20 10 5 11 1 13 7 14 2 15 9 16 2 17 3 18 19 19 11 20 3 21 6 22 7 23 15 24 14 25 3 26 1 27 7 28 20 29 18 30 17 31 2 32 8 33 13 34 10 35 10 36 8 37 2 38 3 39 15 40 17 41 18 42 20 43 13 44 15 45 13 46 20 47 6 48 13 49 8 50 3 51 13 52 5 53 12 54 10 55 1 56 7 57 3 58 19 60 13 61 1 62 15 63 10 64 19 65 14 66 10 67 19 68 20 69 2 70 6 71 14 72 13 73 12 74 11 75 1 1 10 8 18 12 13 59 12 77 20 78 14 79 1 80 19 81 2 82 9 83 16 84 18 85 20 86 4
77 0 17 1 6 2 12 4 6 5 16 7 13 8 10 9 10 10 9 12 9 14 15 15 16 16 4 17 1 18 13 20 14 24 18 25 12 26 8 27 12 28 8 29 13 30 5 31 20 32 18 33 5 34 12 35 17 36 19 37 10 38 19 39 11 40 8 41 8 42 16 43 3 44 8 45 15 46 17 47 13 48 9 49 17 50 18 51 4 52 6 53 9 54 14 55 16 56 9 58 10 59 10 60 7 62 5 63 18 64 4 66 5 67 7 68 15 70 2 71 11 73 19 75 8 76 20 3 9 6 18 11 7 13 15 19 19 21 17 22 1 23 17 57 6 61 16 65 7 69 19 72 12 74 15 78 2 79 17 80 12 82 8 83 13 84 10 85 14 86 2 81 20
78 2 8 3 11 4 11 6 1 7 4 8 3 9 18 10 16 12 7 13 5 14 17 15 13 16 14 17 18 18 3 19 12 21 13 22 3 23 1 24 19 25 10 26 12 27 17 28 5 29 11 31 15 32 18 33 9 35 9 36 14 37 8 38 13 39 14 41 18 42 5 43 10 45 5 46 18 47 14 48 20 49 13 50 16 51 1 52 15 53 5 55 8 56 10 57 5 58 20 59 7 60 3 61 10 62 5 63 19 64 6 65 12 67 13 68 18 69 18 70 16 71 3 73 18 74 19 75 8 76 14 77 2 0 13 1 6 5 8 11 7 20 1 30 14 40 14 54 14 66 16 72 10 79 15 81 2 82 14 85 3 86 20 80 14 83 7 84 5
79 0 9 1 12 2 20 3 11 4 20 5 16 7 9 8 13 9 2 10 11 11 15 12 20 13 12 14 14 15 6 16 13 17 5 19 10 20 7 21 20 22 15 23 19 24 1 25 8 26 15 27 11 28 3 30 9 31 9 32 17 33 11 34 5 35 16 36 10 37 4 38 19 39 14 40 19 41 13 42 10 43 2 44 5 45 1 46 11 47 3 48 17 49 12 50 9 51 6 52 19 53 12 54 4 55 1 56 4 57 8 58 8 60 16 61 15 62 5 64 2 65 15 66 7 67 19 68 7 69 7 70 8 71 9 72 2 73 7 74 10 75 18 76 1 77 17 78 15 6 20 18 12 59 14 63 12 80 13 81 5 82 13 83 16 84 17 85 14 86 8
80 0 11 1 11 2 17 4 10 5 1 6 2 7 16 8 8 9 15 10 13 11 16 12 18 14 18 15 2 16 1 17 12 18 3 19 18 20 6 21 11 22 18 23 1 24 5 25 5 27 4 28 5 30 13 31 8 32 10 33 5 34 15 35 1 36 16 37 4 38 1 39 11 40 13 41 9 42 11 43 14 44 7 45 3 46 4 47 17 48 9 49 20 50 13 51 15 52 10 53 16 54 5 55 2 56 19 57 17 58 16 59 3 61 19 62 12 63 3 64 14 65 19 66 12 67 11 69 8 70 16 71 9 72 15 73 11 74 18 75 2 76 19 77 12 79 13 3 14 13 8 26 18 29 2 78 14 82 5 83 15 84 6 85 4 86 8 81 7
81 0 19 1 8 3 3 4 6 5 4 6 13 7 20 8 18 9 11 10 4 12 5 13 12 14 12 15 17 16 5 17 8 19 5 20 1 21 11 22 6 23 12 24 6 25 16 26 20 27 7 29 4 30 3 31 16 32 6 33 3 34 14 36 11 37 18 38 1 39 9 40 12 42 11 43 3 44 11 45 14 46 15 47 9 48 19 49 16 50 11 51 7 53 17 54 7 55 19 56 12 57 17 58 2 59 8 60 4 61 5 62 4 63 4 64 13 65 4 66 2 67 18 68 1 69 9 70 20 71 8 72 16 74 7 75 1 76 2 78 2 79 5 2 14 11 6 18 12 28 19 41 4 73 17 77 20 80 7 82 18 84 20 85 19 86 2
82 0 19 1 3 2 1 3 12 4 7 5 7 6 12 7 7 9 18 10 11 11 15 12 4 13 3 14 6 15 16 16 10 17 11 18 14 19 12 20 17 21 7 22 14 23 19 24 13 25 10 26 6 27 8 28 1 29 15 30 17 31 14 32 8 33 17 34 11 35 15 36 5 37 6 39 16 40 14 41 14 42 17 43 7 44 16 45 9 46 19 47 3 48 17 49 8 50 9 51 9 52 9 53 7 54 10 55 16 56 2 57 15 58 5 59 5 61 3 62 2 63 10 65 5 66 13 68 11 69 7 71 18 72 17 73 5 74 5 75 1 76 9 77 8 78 14 79 13 80 5 81 18 8 19 38 12 64 5 67 4 70 15 83 13 84 14 86 12 85 16
83 0 11 2 11 3 2 4 20 5 7 6 1 7 15 8 7 9 10 10 4 13 6 14 6 15 11 16 5 17 7 19 1 21 7 22 2 23 4 24 17 25 3 26 16 27 17 28 14 29 16 30 13 31 12 32 2 33 20 34 12 35 2 36 7 37 6 38 18 39 19 40 8 41 4 42 10 43 2 44 20 45 18 46 17 47 10 48 14 49 14 50 13 51 8 52 1 53 5 54 20 55 11 56 8 57 5 58 13 59 10 60 4 61 16 62 18 63 19 64 11 65 6 66 13 67 2 68 13 69 9 70 19 71 6 72 10 73 10 74 4 75 17 76 16 77 13 79 16 80 15 82 13 1 20 11 16 12 14 20 15 78 7 84 18 85 15
84 0 9 1 14 2 7 3 2 4 3 5 18 6 5 7 13 8 16 9 17 10 1 11 12 12 13 13 9 14 19 15 10 16 11 17 19 18 16 19 11 21 13 22 11 23 17 24 3 25 3 26 6 27 12 28 2 29 10 30 4 31 4 32 3 33 20 34 15 35 2 36 13 37 11 38 11 39 2 40 10 41 17 42 14 43 19 44 19 45 5 47 7 48 16 49 17 50 7 52 18 53 20 54 12 55 19 56 20 58 3 59 13 60 16 61 14 62 9 63 11 64 8 65 5 66 9 67 7 68 13 70 12 71 15 72 7 73 6 74 17 75 5 76 18 77 10 79 17 80 6 81 20 82 14 83 18 46 9 51 17 57 19 69 9 78 5 85 15 86 7
85 0 13 1 11 2 10 4 17 5 7 6 19 7 3 9 10 11 2 13 11 14 10 15 14 16 15 17 12 18 6 19 8 20 3 21 5 23 16 24 12 25 10 27 4 28 20 29 16 30 5 31 15 32 11 33 8 34 1 36 2 37 4 38 1 39 10 40 10 41 5 42 20 43 6 44 4 45 4 46 1 47 10 48 13 49 2 50 9 51 3 52 13 53 1 54 3 56 14 57 12 58 6 59 1 60 14 61 14 62 5 63 7 64 8 65 14 66 1 67 2 68 12 69 4 71 16 72 3 73 17 74 14 75 9 76 20 77 14 78 3 79 14 80 4 81 19 83 15 84 15 3 9 8 8 10 11 12 9 22 18 35 11 55 17 70 20 82 16 86 14
86 0 4 1 3 2 5 3 13 5 1 7 2 9 19 10 8 11 17 15 11 16 11 17 4 18 6 19 2 20 13 21 7 22 15 24 20 25 15 26 3 27 9 28 7 29 12 30 4 33 6 34 18 35 11 36 10 37 13 38 14 39 6 40 12 42 8 43 20 44 6 45 7 46 13 47 4 48 5 49 13 50 9 51 6 53 18 54 19 55 13 56 2 57 1 61 1 62 9 63 20 64 11 65 2 66 11 67 8 68 9 69 4 71 11 72 20 73 6 74 15 75 12 76 4 77 2 78 20 79 8 80 8 81 2 82 12 84 7 85 14 4 5 6 19 12 20 13 11 23 4 32 1 41 8 58 18 59 10 60 11 70 12
