91
0 16 12 65 18 79 20
1 36 4 48 2
2 21 13 40 7 46 14 50 8 55 11 60 7
3 64 16 65 14 78 12
4 82 6 76 10
5 18 8 20 6 29 1 72 16 6 6 37 3
6 5 6 31 20 84 9 87 4
7 15 16 39 4 87 2 47 9
8 17 15 30 16 85 7 89 17
9 11 7 22 5 43 7 60 19 82 3 14 5 29 13
10 30 1 35 1
11 9 7 35 1 39 9 53 3 65 13 75 13 27 15
12 33 13 64 7
13 28 15 47 5 85 9 40 10 49 19
14 9 5 43 12
15 7 16 22 16
16 0 12
17 8 15 27 2 61 6
18 5 8 25 20 88 7
19 67 1
20 5 6 57 13 71 18 25 12
21 2 13 38 9 66 12 71 11 40 19
22 9 5 15 16 40 12 48 1
23 35 3 87 7
24 29 6 42 2 71 10 84 16
25 18 20 20 12 38 15 73 11 90 18 50 11
26 75 3 76 7
27 17 2 11 15
28 13 15 37 11 58 19
29 5 1 24 6 9 13 75 2
30 8 16 10 1 89 15
31 6 20
32 82 2 89 10 53 20 73 12
33 12 13 77 5 87 9 36 5
34 70 18 90 12
35 10 1 11 1 23 3 69 7
36 1 4 33 5 37 1 40 17 67 15 83 13 77 18
37 36 1 5 3 28 11 41 7 42 18 48 5 86 8
38 21 9 25 15 44 14 54 3 59 1 61 20 75 18 82 10 87 2 60 8
39 7 4 11 9 61 4 86 2
40 2 7 36 17 13 10 21 19 22 12 41 10
41 37 7 40 10 49 13 74 19 57 5 87 12
42 24 2 37 18 53 15 79 10
43 9 7 14 12
44 38 14 73 19 77 18
45 51 9 55 15 85 6 87 16 58 6 88 13
46 2 14 60 18 55 5 72 5
47 13 5 7 9 50 2
48 1 2 22 1 37 5 57 13 72 13
49 41 13 13 19 51 16 81 3
50 2 8 25 11 47 2 56 6
51 45 9 49 16 52 3
52 51 3 53 18
53 11 3 42 15 52 18 32 20
54 38 3 64 2
55 2 11 45 15 46 5
56 50 6
57 20 13 48 13 41 5 69 6 82 13
58 28 19 45 6 64 17 80 17 85 20
59 38 1 86 14
60 2 7 9 19 46 18 38 8 87 2
61 38 20 39 4 17 6
62 72 2 75 15 80 5
63 78 17
64 3 16 12 7 54 2 58 17 76 13
65 0 18 3 14 11 13 70 1
66 21 12 81 18
67 19 1 36 15 89 10
68 82 11 88 4
69 35 7 57 6 71 8
70 34 18 65 1 86 2
71 20 18 21 11 24 10 69 8
72 5 16 48 13 62 2 46 5
73 25 11 44 19 32 12
74 41 19 89 9 80 8
75 11 13 26 3 38 18 62 15 29 2 80 9
76 26 7 64 13 4 10
77 33 5 44 18 36 18
78 3 12 63 17 79 9 83 4
79 0 20 78 9 42 10
80 58 17 62 5 75 9 74 8 89 17
81 66 18 49 3
82 4 6 9 3 32 2 38 10 57 13 68 11
83 36 13 78 4 88 1
84 6 9 24 16 87 9 88 19
85 8 7 13 9 45 6 58 20
86 39 2 59 14 70 2 37 8
87 6 4 7 2 23 7 33 9 38 2 45 16 60 2 84 9 41 12
88 18 7 68 4 83 1 84 19 45 13
89 30 15 32 10 67 10 74 9 80 17 8 17
90 25 18 34 12
