65
0 19 9 59 13 8 9 53 17
1 44 15 8 19
2 54 1 62 8 26 13 59 12
3 53 15 12 13 39 10
4 20 5 44 15 48 13
5 13 10 32 7 50 13 53 11
6 10 2 36 1 38 17 48 10 46 1 57 5
7 17 2 25 4 28 8 52 6 57 17
8 0 9 1 19 52 15 53 2 54 18
9 23 12 56 5 58 9
10 6 2 22 4 35 19 11 4
11 10 4 31 9 35 14 22 12 49 1
12 3 13 36 15 38 11 39 2 52 6 64 17
13 5 10 20 1 47 4
14 36 4 49 7 63 8
15 23 2 48 12
16 31 12 41 7 45 16
17 7 2 27 2 63 6
18 26 14 31 7 25 18
19 0 9 20 9 21 6 22 12 31 4
20 4 5 13 1 19 9 36 19 60 11
21 19 6 42 13 32 9 64 15
22 10 4 19 12 11 12 44 9 58 9
23 9 12 15 2 36 3 41 16 52 4
24 49 10 51 20 63 3
25 7 4 18 18 43 13 56 15
26 18 14 2 13 50 2 52 11 31 18 63 2
27 17 2 31 7 34 17 44 7
28 7 8 45 7
29 45 8 58 16
30 32 15 44 10 40 8 42 13
31 11 9 16 12 18 7 19 4 26 18 27 7
32 5 7 30 15 21 9
33 44 7 46 12 58 9 51 9
34 27 17 39 2 50 15
35 10 19 11 14
36 6 1 12 15 14 4 20 19 23 3 42 19
37 38 5 51 14 60 12 62 12 47 1
38 6 17 12 11 37 5 58 5 54 5
39 12 2 34 2 3 10 61 11 50 4 64 17
40 30 8 49 14
41 16 7 23 16
42 21 13 36 19 30 13
43 25 13 48 9
44 1 15 4 15 22 9 30 10 33 7 27 7 58 16 51 19 56 3
45 16 16 28 7 29 8 60 19 61 10
46 33 12 6 1 56 5 59 15
47 13 4 37 1 63 14 48 6
48 4 13 6 10 43 9 15 12 47 6 62 10 50 8
49 14 7 24 10 40 14 11 1
50 5 13 26 2 34 15 39 4 48 8 53 8
51 37 14 24 20 33 9 44 19 55 2
52 7 6 8 15 12 6 23 4 26 11
53 3 15 8 2 50 8 0 17 5 11 55 16
54 2 1 8 18 38 5 61 1
55 53 16 51 2 59 6 64 13
56 9 5 25 15 46 5 44 3
57 6 5 7 17 58 12
58 9 9 22 9 29 16 33 9 38 5 44 16 57 12
59 0 13 46 15 55 6 2 12 64 20
60 20 11 37 12 45 19
61 39 11 54 1 45 10
62 2 8 37 12 48 10
63 14 8 47 14 17 6 24 3 26 2
64 12 17 21 15 39 17 55 13 59 20
