79
0 1 20 2 11 3 2 4 14 5 9 6 10 7 13 8 13 9 15 10 19 11 8 12 7 13 16 14 8 15 18 16 9 17 12 18 20 19 3 20 8 21 9 22 6 23 4 24 10 25 10 26 12 27 16 28 13 29 1 30 5 31 10 32 3 33 10 34 14 35 20 36 6 37 3 38 4 39 6 40 8 41 8 42 1 43 7 45 5 46 20 47 7 48 5 49 13 50 11 51 16 52 4 53 11 54 11 55 9 56 12 57 19 58 5 60 18 61 8 62 1 63 1 64 20 66 4 67 10 69 4 71 3 72 16 73 18 74 6 75 8 76 13 77 20 44 1 59 5 65 10 68 6 70 10 78 2
1 0 20 2 8 3 20 4 15 5 3 6 12 7 5 8 17 9 4 10 5 11 5 13 3 14 15 15 1 16 15 17 12 18 10 19 12 20 9 21 16 22 1 23 6 24 9 25 12 26 14 27 3 28 3 29 12 31 4 32 19 33 20 34 16 35 17 37 12 39 14 41 10 42 16 43 11 44 9 45 5 46 11 47 4 48 5 49 16 50 11 51 13 52 4 53 1 54 5 55 4 56 12 57 11 58 19 59 3 60 2 61 16 62 3 63 1 64 3 65 4 66 3 67 10 68 2 69 2 70 16 71 3 72 19 73 16 76 15 77 5 78 14 12 4 30 20 38 13 40 10 74 14 75 20
2 0 11 1 8 3 19 4 18 5 11 6 3 8 18 9 6 10 14 12 10 13 19 14 8 15 14 16 20 17 6 18 18 19 6 20 4 21 18 22 5 23 1 24 7 25 15 26 11 27 20 28 16 29 7 30 14 32 17 33 13 34 13 35 18 36 13 37 17 38 7 39 10 40 14 41 14 42 14 43 11 45 11 46 3 47 18 48 17 49 2 50 6 51 20 52 9 53 1 54 1 55 8 56 19 57 19 58 6 59 7 60 15 61 16 62 14 63 10 64 5 65 17 66 9 67 18 68 18 69 7 70 2 71 5 72 9 73 1 74 15 75 11 76 18 77 11 7 14 11 10 31 14 44 7 78 14
3 0 2 1 20 2 19 5 6 6 18 7 18 8 3 9 11 10 17 11 14 12 2 13 19 14 5 16 16 17 19 18 2 19 5 20 14 21 1 22 4 23 9 24 1 25 1 26 7 27 20 28 18 29 8 30 3 31 16 32 7 34 17 35 4 36 5 37 1 38 19 39 19 40 10 41 2 42 19 43 5 44 20 45 4 46 15 47 13 48 1 49 18 50 20 51 10 52 11 53 19 54 16 55 9 56 2 57 18 58 8 59 3 60 18 61 4 62 10 63 19 64 19 65 7 66 6 68 15 69 2 70 9 71 2 72 10 73 20 74 12 75 16 76 9 77 19 78 18 4 8 15 10 33 19 67 3
4 0 14 1 15 2 18 3 8 5 4 6 4 7 4 8 6 9 7 11 15 12 1 13 7 14 9 15 8 16 19 17 20 18 14 19 2 20 7 21 9 22 12 23 6 25 1 26 7 27 13 29 4 30 13 31 6 32 20 33 19 34 10 35 2 36 13 37 5 38 13 39 3 40 10 41 2 42 3 43 2 44 5 45 16 46 1 47 8 48 8 49 16 50 16 51 17 52 7 53 1 54 7 55 5 56 17 57 8 58 13 59 11 60 20 61 16 62 18 63 2 64 1 65 1 66 17 67 19 68 18 69 14 70 13 71 2 72 15 73 19 74 10 75 5 77 14 78 14 10 10 24 12 28 1 76 3
5 0 9 1 3 2 11 3 6 4 4 6 17 7 12 8 3 9 2 10 20 12 1 13 18 14 17 15 2 16 4 17 18 18 20 19 17 21 11 22 11 23 13 24 5 25 10 26 5 27 1 28 16 30 5 31 11 32 12 33 19 34 6 35 18 36 15 37 14 38 4 39 4 40 11 41 5 42 9 43 16 44 6 45 19 46 13 48 13 49 3 51 2 52 3 53 3 54 7 55 13 56 17 57 19 58 2 59 14 60 19 61 1 62 18 63 16 64 18 65 2 67 4 68 19 69 3 70 19 71 3 72 13 73 7 74 8 75 10 76 9 77 12 11 1 20 12 29 8 47 6 50 7 66 5 78 20
6 0 10 1 12 2 3 3 18 4 4 5 17 7 12 9 14 10 18 11 16 12 15 13 15 14 13 15 1 16 20 17 19 18 8 19 1 20 3 22 8 24 6 26 12 27 4 28 6 29 9 30 3 31 5 32 16 33 2 35 3 36 16 37 2 38 1 39 3 40 10 41 13 42 4 43 10 44 8 45 7 46 15 47 6 48 4 49 1 51 11 52 13 54 15 55 15 56 9 57 20 58 20 59 7 60 3 61 10 62 9 63 17 64 5 65 8 66 13 67 13 68 12 69 18 70 15 71 10 72 12 73 1 75 17 76 13 77 12 8 16 21 20 23 11 25 7 34 16 53 2 74 20 78 8
7 0 13 1 5 3 18 4 4 5 12 6 12 2 14 8 17 9 1 10 18 11 18 12 15 13 5 14 9 15 16 16 13 17 17 18 7 19 17 20 9 21 13 22 6 23 17 24 12 25 15 26 13 27 16 28 12 29 3 30 11 31 6 33 20 34 3 35 4 36 17 37 14 38 18 39 17 40 8 41 8 42 10 43 16 44 6 45 9 46 2 47 6 48 2 50 1 51 20 52 15 53 14 54 19 55 11 56 12 57 14 58 17 59 9 60 2 63 7 64 15 65 16 67 14 68 20 69 7 70 12 71 1 72 3 73 8 74 4 75 2 76 6 77 7 78 7 32 12 62 20 66 9
8 0 13 1 17 2 18 3 3 4 6 5 3 7 17 6 16 9 16 11 19 13 1 14 13 15 8 16 14 17 12 18 19 19 20 20 1 21 7 22 10 23 3 24 3 26 7 27 7 28 17 29 8 30 9 31 10 32 11 33 9 34 2 35 6 36 4 37 16 38 9 40 3 41 16 42 17 43 16 44 19 45 12 46 6 47 14 48 3 49 19 50 20 51 3 52 18 53 1 54 13 56 2 57 4 58 18 59 10 60 5 61 9 62 1 63 19 65 4 66 19 67 14 68 20 69 5 71 18 72 9 73 2 74 1 75 1 77 16 78 19 10 8 12 16 25 11 39 16 55 15 64 18 70 1 76 20
9 0 15 1 4 2 6 3 11 4 7 5 2 6 14 7 1 8 16 10 1 11 10 12 12 13 6 14 7 15 11 16 1 17 10 18 6 19 2 20 4 21 6 22 2 23 16 24 2 25 11 26 18 27 4 29 17 30 20 31 1 32 5 33 10 34 1 35 3 36 17 37 2 38 1 39 12 40 10 41 19 42 6 43 10 44 8 45 3 46 16 47 14 48 12 49 15 50 1 51 8 52 14 53 14 54 9 55 8 56 17 57 14 58 8 59 11 60 5 61 2 62 12 63 12 64 11 65 8 66 2 67 13 68 5 69 5 70 14 71 18 72 17 73 8 74 15 75 10 76 9 78 11 28 5
10 0 19 1 5 2 14 3 17 5 20 6 18 7 18 9 1 4 10 8 8 11 11 12 2 13 4 14 1 15 10 16 1 17 8 18 7 19 6 20 20 21 13 22 12 23 20 24 19 25 12 26 10 27 2 29 18 30 4 31 8 32 20 33 9 34 16 35 15 36 16 37 2 38 1 39 1 40 20 41 16 42 17 43 8 44 15 45 13 48 13 49 8 50 1 51 2 52 7 53 19 54 10 55 18 57 14 58 5 60 9 61 2 62 3 63 17 64 13 65 10 66 19 67 19 68 18 69 1 70 11 71 2 73 18 74 3 76 7 78 15 28 8 46 6 47 20 56 16 59 20 72 1 75 10 77 20
11 0 8 1 5 3 14 4 15 6 16 7 18 8 19 9 10 10 11 2 10 5 1 12 7 13 9 14 5 15 12 16 9 17 9 18 5 19 6 21 19 22 19 23 2 24 2 25 14 26 16 27 4 28 19 30 7 31 9 32 17 33 8 34 5 35 12 36 17 37 17 38 11 39 11 40 20 41 14 42 19 43 12 45 7 46 4 47 20 48 7 49 3 50 9 51 10 52 8 53 14 54 7 55 3 56 10 57 17 58 3 59 2 60 14 61 11 62 18 63 19 64 5 65 18 68 20 70 15 71 11 72 11 73 20 74 14 75 17 77 14 78 1 20 10 29 14 66 9 67 1 76 10
12 0 7 2 10 3 2 4 1 5 1 6 15 7 15 9 12 10 2 11 7 1 4 8 16 13 11 14 9 15 6 16 15 17 6 18 15 20 14 21 15 22 6 23 19 24 7 25 15 26 5 27 8 28 1 29 15 30 10 31 20 32 2 33 20 34 4 35 5 36 14 37 6 38 4 39 12 40 10 41 5 42 20 44 9 45 4 46 7 47 18 49 20 50 15 51 1 52 6 53 16 54 8 55 15 56 20 57 20 58 10 59 7 60 9 61 18 62 3 63 16 64 20 65 8 66 7 67 1 68 12 69 12 70 2 71 14 72 2 73 8 75 15 76 17 78 14 19 3 43 10 48 12 74 16 77 9
13 0 16 1 3 2 19 3 19 4 7 5 18 6 15 7 5 8 1 9 6 10 4 11 9 12 11 14 20 16 19 17 14 18 11 19 7 20 10 21 15 22 8 23 10 24 12 25 7 26 3 28 2 29 13 30 14 31 16 32 5 33 1 35 5 36 18 37 10 38 18 39 5 40 8 41 5 42 14 43 18 44 7 45 9 46 7 47 3 48 13 50 15 51 17 53 13 54 8 55 8 56 6 57 7 58 4 59 1 60 16 61 20 62 10 63 7 64 7 65 3 66 6 67 10 68 14 71 18 72 19 73 8 74 6 75 1 76 12 77 13 78 1 15 11 27 9 34 15 49 4 52 12 69 18 70 3
14 0 8 1 15 2 8 3 5 4 9 5 17 6 13 7 9 8 13 9 7 10 1 11 5 12 9 13 20 15 9 16 6 17 8 18 4 19 13 20 17 21 16 22 18 23 16 24 19 25 20 26 17 27 20 28 11 29 13 31 11 32 5 33 17 34 17 37 2 38 1 39 3 40 1 41 14 42 18 43 17 44 6 45 17 46 14 47 3 48 1 49 7 50 19 51 2 52 12 53 12 54 3 56 14 58 13 59 8 60 20 61 17 62 6 63 3 64 4 65 6 66 5 68 13 69 5 70 8 71 6 73 14 74 15 76 9 77 17 30 3 35 13 36 8 55 20 57 1 67 11 72 14 75 8 78 4
15 0 18 1 1 2 14 4 8 5 2 6 1 7 16 8 8 9 11 10 10 11 12 12 6 14 9 3 10 13 11 16 4 18 5 19 16 20 9 21 3 22 18 23 16 24 16 25 19 26 12 27 16 29 11 30 17 31 10 32 13 33 5 35 17 36 16 37 20 38 20 39 16 40 1 41 16 42 7 43 10 44 9 45 4 47 4 49 16 50 8 51 13 53 9 54 19 55 1 57 16 58 17 59 8 60 6 61 4 62 11 63 20 65 1 66 19 67 5 68 5 69 5 70 5 71 10 72 13 73 1 74 13 75 14 76 1 77 4 78 2 17 2 28 3 34 12 46 12 48 7 52 12 56 1 64 10
16 0 9 1 15 2 20 3 16 4 19 5 4 6 20 7 13 8 14 9 1 10 1 11 9 12 15 13 19 14 6 15 4 18 16 19 10 20 6 21 4 23 19 24 5 25 20 26 3 27 1 28 5 29 5 30 17 31 14 33 7 34 3 35 5 36 8 37 11 38 4 39 3 40 12 41 9 42 1 43 18 45 15 46 4 48 12 49 17 50 9 51 20 54 8 55 4 56 3 57 4 58 3 59 13 61 9 62 15 63 5 64 8 65 10 66 18 67 11 68 4 69 18 70 1 71 7 72 6 73 13 75 1 76 3 77 1 78 9 17 5 22 17 32 10 47 7 52 11 53 10 60 13 74 5
17 0 12 1 12 2 6 3 19 4 20 5 18 6 19 7 17 8 12 9 10 10 8 11 9 12 6 13 14 14 8 15 2 16 5 18 16 19 6 20 14 21 17 22 2 23 13 24 1 25 8 26 5 27 13 28 20 29 5 30 17 31 18 32 10 33 16 34 11 35 6 36 10 37 18 38 3 39 17 40 16 41 14 42 15 43 11 44 16 45 20 46 14 47 9 48 14 49 6 50 10 51 7 52 20 54 15 55 8 56 14 57 12 58 14 59 13 60 18 61 15 62 12 63 3 64 17 65 11 66 19 67 20 68 6 69 16 70 5 71 9 72 11 73 19 74 4 75 13 76 1 77 16 78 17 53 3
18 0 20 1 10 2 18 3 2 4 14 5 20 6 8 7 7 8 19 9 6 10 7 11 5 12 15 13 11 14 4 15 5 16 16 17 16 19 3 21 1 22 16 23 5 24 4 25 16 26 3 27 14 28 8 29 7 30 8 31 7 32 9 33 6 34 16 35 19 36 14 37 7 38 14 40 17 41 16 42 9 43 15 44 10 45 16 46 10 47 7 48 11 49 14 50 16 51 17 52 17 53 16 54 8 55 19 56 20 57 2 58 8 59 9 60 5 61 8 63 5 64 2 65 15 66 13 67 9 68 16 69 17 70 11 71 2 72 5 73 3 74 6 75 14 76 8 77 15 78 10 20 1 39 18 62 9
19 0 3 1 12 2 6 3 5 4 2 5 17 6 1 7 17 8 20 9 2 10 6 11 6 13 7 14 13 15 16 16 10 17 6 18 3 12 3 20 2 21 4 22 5 24 4 25 11 26 20 27 7 28 8 29 2 30 8 31 11 32 20 33 8 34 17 35 12 36 16 37 3 38 1 39 19 40 15 41 13 43 3 44 15 45 16 46 1 47 8 48 19 49 12 50 8 51 6 52 20 53 4 54 9 55 3 56 12 58 4 59 10 60 16 61 9 62 19 63 1 65 4 66 2 67 10 68 7 69 11 70 18 71 6 72 8 73 9 74 10 75 15 76 4 77 11 78 19 23 10 42 9 57 5
20 0 8 1 9 2 4 3 14 4 7 6 3 7 9 8 1 9 4 10 20 12 14 13 10 14 17 15 9 16 6 17 14 19 2 5 12 11 10 18 1 22 8 23 5 24 17 25 19 26 10 27 7 28 5 29 19 30 8 31 9 32 15 33 3 34 5 35 3 36 10 37 1 38 14 39 20 40 5 41 2 42 20 43 14 44 16 45 10 46 20 47 7 48 5 49 18 50 12 51 18 52 7 53 7 54 6 55 11 56 15 57 7 58 17 59 15 60 9 61 19 62 4 63 6 64 16 65 10 66 14 67 17 68 18 69 9 70 15 71 17 72 14 73 14 74 19 75 18 76 20 77 12 78 12 21 13
21 0 9 1 16 2 18 3 1 4 9 5 11 7 13 8 7 9 6 10 13 11 19 12 15 13 15 14 16 15 3 16 4 17 17 18 1 19 4 6 20 20 13 22 10 24 1 25 9 26 20 27 11 28 3 29 6 30 3 31 13 34 11 35 3 38 10 39 6 40 8 41 10 42 10 43 20 44 10 45 12 46 20 47 13 48 11 49 20 50 16 51 9 53 2 54 4 55 18 56 8 57 8 58 2 59 8 60 2 61 12 64 14 65 7 66 5 67 9 68 11 69 12 70 6 71 5 72 8 74 17 75 18 76 15 77 10 78 11 23 11 32 8 36 10 37 15 52 1 62 3 63 18 73 17
22 0 6 1 1 2 5 3 4 4 12 5 11 6 8 7 6 8 10 9 2 10 12 11 19 12 6 13 8 14 18 15 18 17 2 18 16 19 5 20 8 21 10 16 17 23 7 24 6 25 19 26 3 27 10 28 5 29 12 30 17 31 7 32 18 33 4 34 20 35 12 36 17 37 13 38 20 39 11 40 13 41 16 43 3 44 8 45 10 46 4 47 4 48 11 50 3 51 2 52 19 54 2 55 6 56 18 57 6 58 15 60 5 61 6 62 20 64 15 65 15 66 2 67 5 68 3 69 2 70 16 71 20 72 19 73 15 74 12 75 7 76 10 77 5 42 18 49 15 53 14 59 12 63 13 78 4
23 0 4 1 6 2 1 3 9 4 6 5 13 7 17 8 3 9 16 10 20 11 2 12 19 13 10 14 16 15 16 16 19 17 13 18 5 20 5 22 7 6 11 19 10 21 11 24 13 25 15 26 9 27 10 28 13 30 10 31 7 32 8 33 15 34 6 35 9 37 9 38 4 39 14 40 7 41 9 42 12 43 20 44 1 45 19 46 16 47 12 48 8 49 11 50 8 51 6 52 17 53 10 54 12 57 1 58 20 59 9 61 13 62 9 63 12 64 10 65 13 66 3 67 11 69 18 70 1 71 4 72 14 74 19 75 17 77 18 78 2 29 9 36 12 55 7 56 20 60 8 68 8 73 9
24 0 10 1 9 2 7 3 1 5 5 6 6 7 12 8 3 9 2 10 19 11 2 12 7 13 12 14 19 15 16 16 5 17 1 18 4 19 4 20 17 21 1 22 6 23 13 4 12 25 6 26 3 27 3 28 20 29 15 30 20 31 11 32 11 33 5 34 3 35 2 36 6 37 14 38 2 39 12 40 1 41 6 42 17 43 8 44 10 45 7 46 10 47 20 48 18 49 1 50 12 51 19 52 18 53 13 54 13 55 11 56 10 57 8 58 19 59 5 60 10 61 10 62 13 63 4 64 12 65 7 66 14 67 19 68 1 69 8 70 4 71 2 72 6 73 1 74 7 75 7 77 15 78 8 76 5
25 0 10 1 12 2 15 3 1 4 1 5 10 7 15 9 11 10 12 11 14 12 15 13 7 14 20 15 19 16 20 17 8 18 16 19 11 20 19 21 9 22 19 23 15 24 6 6 7 8 11 26 7 27 10 29 1 30 12 31 8 32 2 33 20 34 11 35 5 36 4 37 12 38 2 40 12 41 2 42 17 43 11 44 20 45 8 46 17 47 6 48 10 49 12 50 10 51 9 52 4 53 5 54 4 55 1 56 14 57 7 58 18 61 8 62 19 63 11 64 20 65 2 66 3 67 4 68 4 70 16 71 6 72 3 73 12 74 2 75 20 76 7 77 5 78 14 28 2 39 20 59 19 60 13 69 14
26 0 12 1 14 2 11 3 7 4 7 5 5 6 12 7 13 8 7 9 18 10 10 11 16 12 5 13 3 14 17 15 12 16 3 17 5 18 3 19 20 20 10 21 20 22 3 23 9 24 3 25 7 27 20 28 10 29 6 30 5 31 20 32 10 33 2 34 3 35 5 36 12 38 12 39 20 40 3 41 18 42 8 43 9 45 17 46 8 47 12 48 12 49 3 50 11 51 6 52 8 53 1 54 13 55 2 56 14 57 5 58 15 59 14 60 1 61 9 62 11 63 2 64 11 65 14 66 15 67 2 68 13 70 9 71 12 72 1 73 2 74 5 75 3 76 10 77 19 78 11 37 10 69 6
27 0 16 1 3 2 20 3 20 4 13 5 1 6 4 7 16 8 7 9 4 10 2 11 4 12 8 14 20 15 16 16 1 17 13 18 14 19 7 20 7 21 11 22 10 23 10 24 3 25 10 26 20 13 9 28 13 30 19 31 2 32 3 33 4 36 8 37 18 38 15 39 7 40 12 41 18 42 8 43 17 44 11 47 3 48 6 50 11 52 2 53 8 54 7 55 3 56 17 57 16 60 1 61 20 62 12 64 2 65 17 68 5 69 18 71 2 72 17 73 4 74 8 75 2 76 8 77 15 78 2 29 16 34 11 35 15 45 20 46 11 49 10 51 19 58 12 59 19 63 16 67 10 70 14
28 0 13 1 3 2 16 3 18 5 16 6 6 7 12 8 17 11 19 12 1 13 2 14 11 16 5 17 20 18 8 19 8 20 5 21 3 22 5 23 13 24 20 26 10 27 13 4 1 9 5 10 8 15 3 25 2 29 1 30 17 32 10 33 18 34 3 35 20 36 8 37 16 38 20 39 4 40 13 42 4 43 9 44 5 45 15 46 19 47 12 48 1 49 4 50 2 51 7 53 6 55 4 56 2 57 3 58 16 59 10 60 11 61 12 62 1 64 2 65 16 66 9 68 11 69 11 70 6 71 11 72 5 74 12 75 3 76 15 77 7 78 2 31 20 41 19 54 15 63 11 67 4 73 2
29 0 1 1 12 2 7 3 8 4 4 6 9 7 3 8 8 9 17 10 18 12 15 13 13 14 13 15 11 16 5 17 5 18 7 19 2 20 19 21 6 22 12 24 15 25 1 26 6 28 1 5 8 11 14 23 9 27 16 30 2 31 5 32 16 33 7 34 15 36 3 37 4 38 10 39 19 40 15 41 8 42 2 43 6 44 16 45 20 46 20 47 9 48 2 49 19 50 13 51 12 52 8 53 18 54 7 55 1 56 8 57 17 58 1 59 17 60 3 61 11 62 4 63 16 64 13 66 1 67 3 68 13 69 6 71 7 72 9 74 12 75 2 76 9 77 7 78 14 35 9 65 17 70 10 73 10
30 0 5 2 14 3 3 4 13 5 5 6 3 7 11 8 9 9 20 10 4 11 7 12 10 13 14 15 17 16 17 17 17 18 8 19 8 20 8 21 3 22 17 23 10 24 20 25 12 26 5 27 19 28 17 29 2 1 20 14 3 31 10 32 6 33 13 34 16 35 7 36 2 37 2 38 11 39 4 40 3 41 12 42 18 44 3 45 10 47 3 48 11 49 19 50 14 51 4 52 1 54 2 55 17 57 12 58 3 59 6 60 6 61 20 62 15 63 2 64 1 65 14 66 2 67 11 68 16 69 5 70 10 71 6 72 3 73 7 74 4 75 16 77 11 78 20 43 18 46 15 53 13 56 15 76 9
31 0 10 1 4 3 16 4 6 5 11 6 5 7 6 8 10 9 1 10 8 11 9 12 20 13 16 14 11 15 10 16 14 17 18 18 7 19 11 20 9 21 13 22 7 23 7 24 11 25 8 26 20 27 2 29 5 30 10 2 14 28 20 33 20 34 19 35 18 36 9 37 9 38 8 39 13 40 10 41 18 43 2 44 10 45 11 46 13 47 10 49 5 50 9 51 16 52 16 54 5 55 13 56 17 57 20 59 2 60 16 61 13 62 2 63 16 64 3 65 11 66 12 67 12 68 12 69 10 70 15 71 20 72 9 73 5 74 14 77 14 78 3 32 16 42 2 48 16 53 18 58 1 75 14 76 7
32 0 3 1 19 2 17 3 7 4 20 5 12 6 16 8 11 9 5 10 20 11 17 12 2 13 5 14 5 15 13 17 10 18 9 19 20 20 15 22 18 23 8 24 11 25 2 26 10 27 3 28 10 29 16 30 6 7 12 16 10 21 8 31 16 33 14 34 17 35 14 36 7 37 18 38 16 40 2 41 10 42 14 43 4 45 14 46 10 47 5 48 12 49 18 50 2 51 18 52 8 53 1 54 9 55 10 56 2 57 12 58 12 59 13 60 9 61 18 62 16 63 14 64 3 65 11 66 17 67 17 68 10 69 8 70 14 71 6 73 12 74 11 75 14 76 8 77 7 78 8 39 15 44 14 72 2
33 0 10 1 20 2 13 4 19 5 19 6 2 7 20 8 9 9 10 10 9 11 8 12 20 13 1 14 17 15 5 16 7 17 16 18 6 19 8 20 3 22 4 23 15 24 5 25 20 26 2 27 4 28 18 29 7 30 13 31 20 32 14 3 19 34 7 35 6 36 13 37 12 38 9 39 16 40 5 41 2 42 19 43 6 44 4 45 1 47 2 48 14 49 8 50 20 51 2 52 9 53 11 54 13 55 12 56 13 58 18 59 16 60 9 61 11 62 9 63 6 64 2 65 10 66 13 67 5 68 3 69 7 70 6 71 16 72 11 73 15 74 12 75 10 76 8 46 7 57 7 78 10
34 0 14 1 16 2 13 3 17 4 10 5 6 7 3 8 2 9 1 10 16 11 5 12 4 14 17 16 3 17 11 18 16 19 17 20 5 21 11 22 20 23 6 24 3 25 11 26 3 28 3 29 15 30 16 31 19 32 17 33 7 6 16 13 15 15 12 27 11 35 12 36 19 37 16 38 15 39 2 40 15 41 11 42 10 44 13 45 19 46 7 47 18 48 14 49 18 50 18 51 13 52 18 54 6 55 10 56 2 57 5 58 6 60 2 61 7 62 5 63 15 64 13 66 5 67 20 68 15 69 16 70 2 71 13 72 9 74 1 75 2 76 11 77 4 78 6 43 19 53 15 59 13 65 6
35 0 20 1 17 2 18 3 4 4 2 5 18 6 3 7 4 8 6 9 3 10 15 11 12 12 5 13 5 15 17 16 5 17 6 18 19 19 12 20 3 21 3 22 12 23 9 24 2 25 5 26 5 28 20 30 7 31 18 32 14 33 6 34 12 14 13 27 15 29 9 36 20 37 1 38 10 39 3 40 3 41 2 42 2 43 2 44 8 45 10 46 5 47 6 48 7 49 14 50 11 51 1 53 12 54 16 55 1 56 18 57 17 58 6 59 14 60 15 61 10 62 5 63 16 64 18 65 11 66 12 67 16 68 12 69 18 71 9 72 17 73 12 74 20 75 10 76 8 77 3 78 7 52 9 70 11
36 0 6 2 13 3 5 4 13 5 15 6 16 7 17 8 4 9 17 10 16 11 17 12 14 13 18 15 16 16 8 17 10 18 14 19 16 20 10 22 17 24 6 25 4 26 12 27 8 28 8 29 3 30 2 31 9 32 7 33 13 34 19 35 20 14 8 21 10 23 12 37 17 38 15 39 7 40 13 41 13 42 12 43 14 44 1 45 5 46 16 47 18 48 11 51 15 53 18 54 15 55 13 56 13 57 9 58 4 59 3 60 4 61 5 62 13 64 1 67 18 68 4 69 20 70 16 71 12 72 13 73 20 74 4 75 18 77 8 78 4 49 2 50 2 52 20 63 15 65 19 66 9 76 20
37 0 3 1 12 2 17 3 1 4 5 5 14 6 2 7 14 8 16 9 2 10 2 11 17 12 6 13 10 14 2 15 20 16 11 17 18 18 7 19 3 20 1 22 13 23 9 24 14 25 12 27 18 28 16 29 4 30 2 31 9 32 18 33 12 34 16 35 1 36 17 21 15 26 10 38 2 39 13 40 1 41 9 42 19 43 2 44 8 45 14 47 14 48 2 49 2 50 12 51 17 52 13 53 5 54 11 55 15 56 12 57 1 60 15 61 5 62 12 63 2 64 19 65 18 66 19 67 16 68 11 70 9 72 15 73 11 74 19 75 1 76 1 77 3 78 4 46 13 58 3 59 8 69 3 71 3
38 0 4 2 7 3 19 4 13 5 4 6 1 7 18 8 9 9 1 10 1 11 11 12 4 13 18 14 1 15 20 16 4 17 3 18 14 19 1 20 14 21 10 22 20 23 4 24 2 25 2 26 12 27 15 28 20 29 10 30 11 31 8 32 16 33 9 34 15 35 10 36 15 37 2 1 13 40 2 41 17 42 17 43 14 45 19 46 13 47 10 48 19 49 3 50 20 51 1 52 15 53 16 54 15 55 9 56 12 57 19 58 14 59 18 60 6 61 15 62 14 63 19 64 10 65 10 66 14 67 3 68 11 69 2 70 13 71 17 72 19 73 19 74 13 75 9 76 2 77 19 78 9 39 10 44 3
39 0 6 1 14 2 10 3 19 4 3 5 4 6 3 7 17 9 12 10 1 11 11 12 12 13 5 14 3 15 16 16 3 17 17 19 19 20 20 21 6 22 11 23 14 24 12 26 20 27 7 28 4 29 19 30 4 31 13 33 16 34 2 35 3 36 7 37 13 8 16 18 18 25 20 32 15 38 10 40 10 41 18 43 3 44 20 45 20 46 5 47 9 49 20 50 7 51 18 52 18 53 13 54 18 55 6 56 12 57 3 58 5 59 3 61 5 62 8 63 5 64 11 65 13 67 2 68 16 69 8 70 12 71 4 72 18 73 10 74 11 75 16 76 6 77 1 78 3 42 15 48 15 60 9 66 4
40 0 8 2 14 3 10 4 10 5 11 6 10 7 8 8 3 9 10 10 20 11 20 12 10 13 8 14 1 15 1 16 12 17 16 18 17 19 15 20 5 21 8 22 13 23 7 24 1 25 12 26 3 27 12 28 13 29 15 30 3 31 10 32 2 33 5 34 15 35 3 36 13 37 1 38 2 39 10 1 10 41 18 42 3 43 10 44 8 46 14 47 8 48 18 49 12 50 10 52 7 53 18 54 20 55 18 56 15 57 10 58 18 59 9 60 14 61 5 62 9 63 7 64 10 65 2 66 19 67 19 68 6 69 11 70 13 71 16 72 10 73 1 75 13 76 18 77 3 78 16 45 18 51 11 74 12
41 0 8 1 10 2 14 3 2 4 2 5 5 6 13 7 8 8 16 9 19 10 16 11 14 12 5 13 5 14 14 15 16 16 9 17 14 18 16 19 13 20 2 21 10 22 16 23 9 24 6 25 2 26 18 27 18 29 8 30 12 31 18 32 10 33 2 34 11 35 2 36 13 37 9 38 17 39 18 40 18 28 19 42 6 44 12 45 10 46 4 47 11 48 5 49 19 50 5 51 18 52 3 53 12 54 15 55 15 56 17 57 1 58 1 59 12 60 11 61 5 63 11 64 13 65 2 67 3 68 4 69 18 70 5 71 18 73 7 74 14 75 16 76 3 77 15 78 16 62 2 66 2 72 16
42 0 1 1 16 2 14 3 19 4 3 5 9 6 4 7 10 8 17 9 6 10 17 11 19 12 20 13 14 14 18 15 7 16 1 17 15 18 9 20 20 21 10 23 12 24 17 25 17 26 8 27 8 28 4 29 2 30 18 32 14 33 19 34 10 35 2 36 12 37 19 38 17 40 3 41 6 19 9 22 18 31 2 39 15 43 3 44 13 45 12 46 13 47 11 48 11 49 11 50 14 51 12 52 15 53 8 54 7 55 7 56 11 57 4 58 16 59 14 60 15 61 13 62 15 64 14 65 3 66 18 67 10 68 3 69 15 70 17 72 16 73 3 74 6 75 9 76 19 77 20 78 12 63 12 71 17
43 0 7 1 11 2 11 3 5 4 2 5 16 6 10 7 16 8 16 9 10 10 8 11 12 13 18 14 17 15 10 16 18 17 11 18 15 19 3 20 14 21 20 22 3 23 20 24 8 25 11 26 9 27 17 28 9 29 6 31 2 32 4 33 6 35 2 36 14 37 2 38 14 39 3 40 10 42 3 12 10 30 18 34 19 44 11 45 7 46 1 47 5 49 10 50 10 51 9 52 12 54 3 57 18 58 15 60 7 61 11 62 20 63 11 64 15 65 18 66 13 67 7 68 11 69 11 70 19 71 16 72 6 73 2 74 6 75 15 76 16 77 3 78 18 53 2 55 11 56 15 59 15
44 1 9 3 20 4 5 5 6 6 8 7 6 8 19 9 8 10 15 12 9 13 7 14 6 15 9 17 16 18 10 19 15 20 16 21 10 22 8 23 1 24 10 25 20 27 11 28 5 29 16 30 3 31 10 33 4 34 13 35 8 36 1 37 8 39 20 40 8 41 12 42 13 43 11 0 1 2 7 32 14 38 3 45 3 46 2 47 4 48 13 49 19 50 5 51 18 52 20 53 16 55 4 56 7 57 9 58 13 59 18 61 1 62 2 63 19 64 5 65 2 66 11 67 13 68 4 69 5 70 20 71 10 72 12 73 16 74 4 75 8 76 9 77 16 78 16 54 1 60 16
45 0 5 1 5 2 11 3 4 4 16 5 19 6 7 7 9 8 12 9 3 10 13 11 7 12 4 13 9 14 17 15 4 16 15 17 20 18 16 19 16 20 10 21 12 22 10 23 19 24 7 25 8 26 17 28 15 29 20 30 10 31 11 32 14 33 1 34 19 35 10 36 5 37 14 38 19 39 20 41 10 42 12 43 7 44 3 27 20 40 18 46 5 47 10 48 6 49 11 50 10 51 20 52 14 53 16 54 13 55 9 56 20 57 17 58 7 59 2 60 3 61 20 62 7 63 8 65 19 66 10 67 6 68 9 69 16 70 18 71 16 72 7 73 18 74 2 75 9 76 4 77 1 78 17 64 18
46 0 20 1 11 2 3 3 15 4 1 5 13 6 15 7 2 8 6 9 16 11 4 12 7 13 7 14 14 16 4 17 14 18 10 19 1 20 20 21 20 22 4 23 16 24 10 25 17 26 8 28 19 29 20 31 13 32 10 34 7 35 5 36 16 38 13 39 5 40 14 41 4 42 13 43 1 44 2 45 5 10 6 15 12 27 11 30 15 33 7 37 13 47 5 48 6 49 10 50 15 52 20 53 18 54 2 55 19 56 9 57 13 58 8 59 9 60 17 61 5 62 6 63 20 65 19 66 10 67 9 68 12 69 8 70 16 71 2 72 9 73 4 74 11 76 15 77 5 78 10 51 1 64 15 75 2
47 0 7 1 4 2 18 3 13 4 8 6 6 7 6 8 14 9 14 11 20 12 18 13 3 14 3 15 4 17 9 18 7 19 8 20 7 21 13 22 4 23 12 24 20 25 6 26 12 27 3 28 12 29 9 30 3 31 10 32 5 33 2 34 18 35 6 36 18 37 14 38 10 39 9 40 8 41 11 42 11 43 5 44 4 45 10 46 5 5 6 10 20 16 7 48 11 49 9 50 2 52 13 53 8 54 20 55 6 56 10 57 6 59 9 60 13 61 2 62 19 63 11 64 5 65 15 67 18 68 10 69 13 70 14 71 12 72 8 73 16 74 8 75 9 76 3 77 8 78 20 51 16 58 1 66 17
48 0 5 1 5 2 17 3 1 4 8 5 13 6 4 7 2 8 3 9 12 10 13 11 7 13 13 14 1 16 12 17 14 18 11 19 19 20 5 21 11 22 11 23 8 24 18 25 10 26 12 27 6 28 1 29 2 30 11 32 12 33 14 34 14 35 7 36 11 37 2 38 19 40 18 41 5 42 11 44 13 45 6 46 6 47 11 12 12 15 7 31 16 39 15 49 11 50 12 51 5 52 15 53 18 54 12 56 14 57 15 58 13 59 2 60 15 61 19 62 11 63 3 64 15 65 20 66 5 67 4 68 20 69 6 70 3 71 16 72 13 73 14 75 5 76 7 77 12 55 6 74 4 78 6
49 0 13 1 16 2 2 3 18 4 16 5 3 6 1 8 19 9 15 10 8 11 3 12 20 14 7 15 16 16 17 17 6 18 14 19 12 20 18 21 20 23 11 24 1 25 12 26 3 28 4 29 19 30 19 31 5 32 18 33 8 34 18 35 14 37 2 38 3 39 20 40 12 41 19 42 11 43 10 44 19 45 11 46 10 47 9 48 11 13 4 22 15 27 10 36 2 50 17 51 5 52 6 53 10 54 10 55 9 56 4 57 13 58 7 59 18 60 5 61 11 62 17 63 12 64 14 65 7 66 7 67 10 68 7 69 3 70 15 71 7 72 1 73 5 74 11 75 10 76 2 77 13 78 10
50 0 11 1 11 2 6 3 20 4 16 7 1 8 20 9 1 10 1 11 9 12 15 13 15 14 19 15 8 16 9 17 10 18 16 19 8 20 12 21 16 22 3 23 8 24 12 25 10 26 11 27 11 28 2 29 13 30 14 31 9 32 2 33 20 34 18 35 11 37 12 38 20 39 7 40 10 41 5 42 14 43 10 44 5 45 10 46 15 47 2 48 12 49 17 5 7 36 2 51 9 52 9 53 18 54 9 55 9 56 1 57 14 58 6 59 12 60 10 61 17 62 12 63 8 65 5 67 6 68 8 69 4 70 16 71 8 72 3 73 20 74 3 76 13 64 19 66 10 75 5 77 6 78 1
51 0 16 1 13 2 20 3 10 4 17 5 2 6 11 7 20 8 3 9 8 10 2 11 10 12 1 13 17 14 2 15 13 16 20 17 7 18 17 19 6 20 18 21 9 22 2 23 6 24 19 25 9 26 6 28 7 29 12 30 4 31 16 32 18 33 2 34 13 35 1 36 15 37 17 38 1 39 18 41 18 42 12 43 9 44 18 45 20 48 5 49 5 50 9 27 19 40 11 46 1 47 16 52 12 53 7 54 19 55 11 56 2 57 4 58 18 59 13 60 5 61 4 62 6 63 9 64 3 65 2 66 3 67 9 68 5 69 12 70 10 71 7 73 7 75 2 76 17 77 9 78 7 72 13 74 17
52 0 4 1 4 2 9 3 11 4 7 5 3 6 13 7 15 8 18 9 14 10 7 11 8 12 6 14 12 17 20 18 17 19 20 20 7 22 19 23 17 24 18 25 4 26 8 27 2 29 8 30 1 31 16 32 8 33 9 34 18 37 13 38 15 39 18 40 7 41 3 42 15 43 12 44 20 45 14 46 20 47 13 48 15 49 6 50 9 51 12 13 12 15 12 16 11 21 1 35 9 36 20 54 5 55 17 56 11 57 6 58 16 59 2 60 8 62 7 63 14 64 18 65 9 66 13 67 1 68 4 69 6 70 6 71 12 72 11 73 13 74 19 75 4 76 12 77 16 78 13 53 17 61 13
53 0 11 1 1 2 1 3 19 4 1 5 3 7 14 8 1 9 14 10 19 11 14 12 16 13 13 14 12 15 9 18 16 19 4 20 7 21 2 23 10 24 13 25 5 26 1 27 8 28 6 29 18 32 1 33 11 35 12 36 18 37 5 38 16 39 13 40 18 41 12 42 8 44 16 45 16 46 18 47 8 48 18 49 10 50 18 51 7 6 2 16 10 17 3 22 14 30 13 31 18 34 15 43 2 52 17 54 9 56 4 59 17 60 20 61 15 62 6 63 19 64 10 65 12 66 13 67 2 68 14 69 4 70 10 71 2 72 5 73 3 74 14 75 18 76 4 77 13 78 2 55 4 57 20 58 13
54 0 11 1 5 2 1 3 16 4 7 5 7 6 15 7 19 8 13 9 9 10 10 11 7 12 8 13 8 14 3 15 19 16 8 17 15 18 8 19 9 20 6 21 4 22 2 23 12 24 13 25 4 26 13 27 7 29 7 30 2 31 5 32 9 33 13 34 6 35 16 36 15 37 11 38 15 39 18 40 20 41 15 42 7 43 3 45 13 46 2 47 20 48 12 49 10 50 9 51 19 52 5 53 9 28 15 44 1 55 19 56 5 57 14 58 16 59 19 60 20 61 13 63 4 64 18 65 17 66 13 67 14 68 6 69 16 70 1 73 2 74 16 75 18 76 17 77 17 62 12 71 12 72 4 78 5
55 0 9 1 4 2 8 3 9 4 5 5 13 6 15 7 11 9 8 10 18 11 3 12 15 13 8 15 1 16 4 17 8 18 19 19 3 20 11 21 18 22 6 24 11 25 1 26 2 27 3 28 4 29 1 30 17 31 13 32 10 33 12 34 10 35 1 36 13 37 15 38 9 39 6 40 18 41 15 42 7 44 4 45 9 46 19 47 6 49 9 50 9 51 11 52 17 54 19 8 15 14 20 23 7 43 11 48 6 53 4 56 3 57 11 58 18 59 10 60 11 61 14 62 2 63 16 64 10 65 4 66 1 67 7 68 13 69 2 70 6 71 19 72 16 73 20 74 20 75 10 77 2 78 19 76 9
56 0 12 1 12 2 19 3 2 4 17 5 17 6 9 7 12 8 2 9 17 11 10 12 20 13 6 14 14 16 3 17 14 18 20 19 12 20 15 21 8 22 18 24 10 25 14 26 14 27 17 28 2 29 8 31 17 32 2 33 13 34 2 35 18 36 13 37 12 38 12 39 12 40 15 41 17 42 11 44 7 45 20 46 9 47 10 48 14 49 4 50 1 51 2 52 11 53 4 54 5 55 3 10 16 15 1 23 20 30 15 43 15 57 19 58 13 59 17 61 3 62 14 63 19 64 5 65 10 66 4 68 7 69 13 71 2 72 4 73 10 74 11 75 3 76 10 77 7 78 13 60 4 67 10 70 12
57 0 19 1 11 2 19 3 18 4 8 5 19 6 20 7 14 8 4 9 14 10 14 11 17 12 20 13 7 15 16 16 4 17 12 18 2 20 7 21 8 22 6 23 1 24 8 25 7 26 5 27 16 28 3 29 17 30 12 31 20 32 12 34 5 35 17 36 9 37 1 38 19 39 3 40 10 41 1 42 4 43 18 44 9 45 17 46 13 47 6 48 15 49 13 50 14 51 4 52 6 54 14 55 11 56 19 14 1 19 5 33 7 53 20 58 10 60 3 61 16 62 5 63 4 64 8 65 4 66 12 67 9 68 17 69 12 70 7 71 11 72 20 73 20 74 7 75 6 76 18 77 16 78 9 59 5
58 0 5 1 19 2 6 3 8 4 13 5 2 6 20 7 17 8 18 9 8 10 5 11 3 12 10 13 4 14 13 15 17 16 3 17 14 18 8 19 4 20 17 21 2 22 15 23 20 24 19 25 18 26 15 28 16 29 1 30 3 32 12 33 18 34 6 35 6 36 4 38 14 39 5 40 18 41 1 42 16 43 15 44 13 45 7 46 8 48 13 49 7 50 6 51 18 52 16 54 16 55 18 56 13 57 10 27 12 31 1 37 3 47 1 53 13 59 7 60 5 61 2 62 19 63 8 64 2 65 1 67 15 68 1 69 9 70 19 71 18 72 20 73 15 74 9 75 20 76 9 77 9 78 8 66 5
59 1 3 2 7 3 3 4 11 5 14 6 7 7 9 8 10 9 11 11 2 12 7 13 1 14 8 15 8 16 13 17 13 18 9 19 10 20 15 21 8 23 9 24 5 26 14 28 10 29 17 30 6 31 2 32 13 33 16 35 14 36 3 38 18 39 3 40 9 41 12 42 14 44 18 45 2 46 9 47 9 48 2 49 18 50 12 51 13 52 2 53 17 54 19 55 10 56 17 58 7 0 5 10 20 22 12 25 19 27 19 34 13 37 8 43 15 57 5 60 9 61 19 62 18 63 20 64 11 65 19 66 20 67 1 68 12 69 16 70 1 71 6 73 15 74 12 76 6 78 1 72 8 75 7 77 4
60 0 18 1 2 2 15 3 18 4 20 5 19 6 3 7 2 8 5 9 5 10 9 11 14 12 9 13 16 14 20 15 6 17 18 18 5 19 16 20 9 21 2 22 5 24 10 26 1 27 1 28 11 29 3 30 6 31 16 32 9 33 9 34 2 35 15 36 4 37 15 38 6 40 14 41 11 42 15 43 7 45 3 46 17 47 13 48 15 49 5 50 10 51 5 52 8 53 20 54 20 55 11 57 3 58 5 59 9 16 13 23 8 25 13 39 9 44 16 56 4 61 4 62 10 63 3 64 11 65 11 66 18 67 3 68 12 69 4 70 4 71 20 72 16 73 11 74 6 75 7 76 9 77 14 78 14
61 0 8 1 16 2 16 3 4 4 16 5 1 6 10 8 9 9 2 10 2 11 11 12 18 13 20 14 17 15 4 16 9 17 15 18 8 19 9 20 19 21 12 22 6 23 13 24 10 25 8 26 9 27 20 28 12 29 11 30 20 31 13 32 18 33 11 34 7 35 10 36 5 37 5 38 15 39 5 40 5 41 5 42 13 43 11 44 1 45 20 46 5 47 2 48 19 49 11 50 17 51 4 53 15 54 13 55 14 56 3 57 16 58 2 59 19 60 4 52 13 62 16 63 4 64 10 65 20 66 13 68 9 69 8 70 3 71 15 72 3 74 6 75 13 76 4 77 13 78 13 67 17 73 16
62 0 1 1 3 2 14 3 10 4 18 5 18 6 9 8 1 9 12 10 3 11 18 12 3 13 10 14 6 15 11 16 15 17 12 19 19 20 4 22 20 23 9 24 13 25 19 26 11 27 12 28 1 29 4 30 15 31 2 32 16 33 9 34 5 35 5 36 13 37 12 38 14 39 8 40 9 42 15 43 20 44 2 45 7 46 6 47 19 48 11 49 17 50 12 51 6 52 7 53 6 55 2 56 14 57 5 58 19 59 18 60 10 61 16 7 20 18 9 21 3 41 2 54 12 63 10 64 19 65 10 66 11 67 12 68 3 69 10 70 11 72 2 73 4 74 4 75 4 76 15 78 17 71 13 77 19
63 0 1 1 1 2 10 3 19 4 2 5 16 6 17 7 7 8 19 9 12 10 17 11 19 12 16 13 7 14 3 15 20 16 5 17 3 18 5 19 1 20 6 23 12 24 4 25 11 26 2 29 16 30 2 31 16 32 14 33 6 34 15 35 16 37 2 38 19 39 5 40 7 41 11 43 11 44 19 45 8 46 20 47 11 48 3 49 12 50 8 51 9 52 14 53 19 54 4 55 16 56 19 57 4 58 8 59 20 60 3 61 4 62 10 21 18 22 13 27 16 28 11 36 15 42 12 64 8 65 2 66 19 67 10 68 19 69 16 70 15 71 6 72 5 73 11 74 2 76 17 77 1 78 10 75 7
64 0 20 1 3 2 5 3 19 4 1 5 18 6 5 7 15 9 11 10 13 11 5 12 20 13 7 14 4 16 8 17 17 18 2 20 16 21 14 22 15 23 10 24 12 25 20 26 11 27 2 28 2 29 13 30 1 31 3 32 3 33 2 34 13 35 18 36 1 37 19 38 10 39 11 40 10 41 13 42 14 43 15 44 5 47 5 48 15 49 14 51 3 52 18 53 10 54 18 55 10 56 5 57 8 58 2 59 11 60 11 61 10 62 19 63 8 8 18 15 10 45 18 46 15 50 19 66 10 67 20 68 7 69 11 70 13 71 5 72 12 73 2 74 7 75 15 76 1 77 17 78 20 65 18
65 1 4 2 17 3 7 4 1 5 2 6 8 7 16 8 4 9 8 10 10 11 18 12 8 13 3 14 6 15 1 16 10 17 11 18 15 19 4 20 10 21 7 22 15 23 13 24 7 25 2 26 14 27 17 28 16 30 14 31 11 32 11 33 10 35 11 37 18 38 10 39 13 40 2 41 2 42 3 43 18 44 2 45 19 46 19 47 15 48 20 49 7 50 5 51 2 52 9 53 12 54 17 55 4 56 10 57 4 58 1 59 19 60 11 61 20 62 10 63 2 0 10 29 17 34 6 36 19 64 18 67 17 69 18 70 17 71 16 72 17 73 16 74 9 75 18 77 13 78 20 66 17 68 17 76 14
66 0 4 1 3 2 9 3 6 4 17 6 13 8 19 9 2 10 19 12 7 13 6 14 5 15 19 16 18 17 19 18 13 19 2 20 14 21 5 22 2 23 3 24 14 25 3 26 15 28 9 29 1 30 2 31 12 32 17 33 13 34 5 35 12 37 19 38 14 40 19 42 18 43 13 44 11 45 10 46 10 48 5 49 7 51 3 52 13 53 13 54 13 55 1 56 4 57 12 59 20 60 18 61 13 62 11 63 19 64 10 5 5 7 9 11 9 36 9 39 4 41 2 47 17 50 10 58 5 65 17 67 9 68 19 69 11 71 4 72 4 73 16 74 8 75 2 77 10 70 6 76 2 78 1
67 0 10 1 10 2 18 4 19 5 4 6 13 7 14 8 14 9 13 10 19 12 1 13 10 15 5 16 11 17 20 18 9 19 10 20 17 21 9 22 5 23 11 24 19 25 4 26 2 29 3 30 11 31 12 32 17 33 5 34 20 35 16 36 18 37 16 38 3 39 2 40 19 41 3 42 10 43 7 44 13 45 6 46 9 47 18 48 4 49 10 50 6 51 9 52 1 53 2 54 14 55 7 57 9 58 15 59 1 60 3 62 12 63 10 64 20 65 17 66 9 3 3 11 1 14 11 27 10 28 4 56 10 61 17 68 14 69 2 70 1 71 17 72 16 73 2 74 19 75 9 76 5 77 12 78 9
68 1 2 2 18 3 15 4 18 5 19 6 12 7 20 8 20 9 5 10 18 11 20 12 12 13 14 14 13 15 5 16 4 17 6 18 16 19 7 20 18 21 11 22 3 24 1 25 4 26 13 27 5 28 11 29 13 30 16 31 12 32 10 33 3 34 15 35 12 36 4 37 11 38 11 39 16 40 6 41 4 42 3 43 11 44 4 45 9 46 12 47 10 48 20 49 7 50 8 51 5 52 4 53 14 54 6 55 13 56 7 57 17 58 1 59 12 60 12 61 9 62 3 63 19 64 7 66 19 67 14 0 6 23 8 65 17 69 16 70 10 71 17 73 9 75 9 76 2 77 16 78 16 72 8 74 7
69 0 4 1 2 2 7 3 2 4 14 5 3 6 18 7 7 8 5 9 5 10 1 12 12 14 5 15 5 16 18 17 16 18 17 19 11 20 9 21 12 22 2 23 18 24 8 27 18 28 11 29 6 30 5 31 10 32 8 33 7 34 16 35 18 36 20 38 2 39 8 40 11 41 18 42 15 43 11 44 5 45 16 46 8 47 13 48 6 49 3 50 4 51 12 52 6 53 4 54 16 55 2 56 13 57 12 58 9 59 16 60 4 61 8 62 10 63 16 64 11 65 18 66 11 67 2 68 16 13 18 25 14 26 6 37 3 70 7 71 11 72 4 73 20 74 16 75 8 76 3 77 4 78 20
70 1 16 2 2 3 9 4 13 5 19 6 15 7 12 9 14 10 11 11 15 12 2 14 8 15 5 16 1 17 5 18 11 19 18 20 15 21 6 22 16 23 1 24 4 25 16 26 9 28 6 30 10 31 15 32 14 33 6 34 2 36 16 37 9 38 13 39 12 40 13 41 5 42 17 43 19 44 20 45 18 46 16 47 14 48 3 49 15 50 16 51 10 52 6 53 10 54 1 55 6 57 7 58 19 59 1 60 4 61 3 62 11 63 15 64 13 65 17 67 1 68 10 69 7 0 10 8 1 13 3 27 14 29 10 35 11 56 12 66 6 71 16 72 17 73 18 74 15 75 2 76 2 77 9 78 16
71 0 3 1 3 2 5 3 2 4 2 5 3 6 10 7 1 8 18 9 18 10 2 11 11 12 14 13 18 14 6 15 10 16 7 17 9 18 2 19 6 20 17 21 5 22 20 23 4 24 2 25 6 26 12 27 2 28 11 29 7 30 6 31 20 32 6 33 16 34 13 35 9 36 12 38 17 39 4 40 16 41 18 43 16 44 10 45 16 46 2 47 12 48 16 49 7 50 8 51 7 52 12 53 2 55 19 56 2 57 11 58 18 59 6 60 20 61 15 63 6 64 5 65 16 66 4 67 17 68 17 69 11 70 16 37 3 42 17 54 12 62 13 74 14 75 6 76 20 77 17 78 12 72 15 73 20
72 0 16 1 19 2 9 3 10 4 15 5 13 6 12 7 3 8 9 9 17 11 11 12 2 13 19 15 13 16 6 17 11 18 5 19 8 20 14 21 8 22 19 23 14 24 6 25 3 26 1 27 17 28 5 29 9 30 3 31 9 33 11 34 9 35 17 36 13 37 15 38 19 39 18 40 10 42 16 43 6 44 12 45 7 46 9 47 8 48 13 49 1 50 3 52 11 53 5 55 16 56 4 57 20 58 20 60 16 61 3 62 2 63 5 64 12 65 17 66 4 67 16 69 4 70 17 10 1 14 14 32 2 41 16 51 13 54 4 59 8 68 8 71 15 73 15 74 14 75 14 76 13 77 20 78 5
73 0 18 1 16 2 1 3 20 4 19 5 7 6 1 7 8 8 2 9 8 10 18 11 20 12 8 13 8 14 14 15 1 16 13 17 19 18 3 19 9 20 14 22 15 24 1 25 12 26 2 27 4 30 7 31 5 32 12 33 15 35 12 36 20 37 11 38 19 39 10 40 1 41 7 42 3 43 2 44 16 45 18 46 4 47 16 48 14 49 5 50 20 51 7 52 13 53 3 54 2 55 20 56 10 57 20 58 15 59 15 60 11 62 4 63 11 64 2 65 16 66 16 67 2 68 9 69 20 70 18 72 15 21 17 23 9 28 2 29 10 61 16 71 20 74 3 77 2 78 5 75 2 76 14
74 0 6 2 15 3 12 4 10 5 8 7 4 8 1 9 15 10 3 11 14 13 6 14 15 15 13 17 4 18 6 19 10 20 19 21 17 22 12 23 19 24 7 25 2 26 5 27 8 28 12 29 12 30 4 31 14 32 11 33 12 34 1 35 20 36 4 37 19 38 13 39 11 41 14 42 6 43 6 44 4 45 2 46 11 47 8 49 11 50 3 52 19 53 14 54 16 55 20 56 11 57 7 58 9 59 12 60 6 61 6 62 4 63 2 64 7 65 9 66 8 67 19 69 16 70 15 71 14 72 14 73 3 1 14 6 20 12 16 16 5 40 12 48 4 51 17 68 7 75 4 76 20 78 13 77 11
75 0 8 2 11 3 16 4 5 5 10 6 17 7 2 8 1 9 10 11 17 12 15 13 1 15 14 16 1 17 13 18 14 19 15 20 18 21 18 22 7 23 17 24 7 25 20 26 3 27 2 28 3 29 2 30 16 32 14 33 10 34 2 35 10 36 18 37 1 38 9 39 16 40 13 41 16 42 9 43 15 44 8 45 9 47 9 48 5 49 10 51 2 52 4 53 18 54 18 55 10 56 3 57 6 58 20 60 7 61 13 62 4 64 15 65 18 66 2 67 9 68 9 69 8 70 2 71 6 72 14 74 4 1 20 10 10 14 8 31 14 46 2 50 5 59 7 63 7 73 2 76 16 78 18 77 16
76 0 13 1 15 2 18 3 9 5 9 6 13 7 6 9 9 10 7 12 17 13 12 14 9 15 1 16 3 17 1 18 8 19 4 20 20 21 15 22 10 25 7 26 10 27 8 28 15 29 9 32 8 33 8 34 11 35 8 37 1 38 2 39 6 40 18 41 3 42 19 43 16 44 9 45 4 46 15 47 3 48 7 49 2 50 13 51 17 52 12 53 4 54 17 56 10 57 18 58 9 59 6 60 9 61 4 62 15 63 17 64 1 67 5 68 2 69 3 70 2 71 20 72 13 74 20 75 16 4 3 8 20 11 10 24 5 30 9 31 7 36 20 55 9 65 14 66 2 73 14 77 13 78 1
77 0 20 1 5 2 11 3 19 4 14 5 12 6 12 7 7 8 16 11 14 13 13 14 17 15 4 16 1 17 16 18 15 19 11 20 12 21 10 22 5 23 18 24 15 25 5 26 19 27 15 28 7 29 7 30 11 31 14 32 7 34 4 35 3 36 8 37 3 38 19 39 1 40 3 41 15 42 20 43 3 44 16 45 1 46 5 47 8 48 12 49 13 51 9 52 16 53 13 54 17 55 2 56 7 57 16 58 9 60 14 61 13 63 1 64 17 65 13 66 10 67 12 68 16 69 4 70 9 71 17 72 20 73 2 76 13 10 20 12 9 50 6 59 4 62 19 74 11 75 16 78 2
78 1 14 3 18 4 14 7 7 8 19 9 11 10 15 11 1 12 14 13 1 15 2 16 9 17 17 18 10 19 19 20 12 21 11 23 2 24 8 25 14 26 11 27 2 28 2 29 14 30 20 31 3 32 8 34 6 35 7 36 4 37 4 38 9 39 3 40 16 41 16 42 12 43 18 44 16 45 17 46 10 47 20 51 7 52 13 53 2 55 19 56 13 57 9 58 8 59 1 60 14 61 13 62 17 63 10 64 20 65 20 67 9 68 16 69 20 70 16 71 12 72 5 73 5 74 13 75 18 76 1 77 2 0 2 2 14 5 20 6 8 14 4 22 4 33 10 48 6 49 10 50 1 54 5 66 1
