25
0 9 17 10 4
1 5 18 7 13 8 13 14 9 10 9
2 12 8 14 15 19 19 23 13 11 18
3 16 4 17 5 22 6 19 17 24 16
4 9 12 15 1 16 12 20 13
5 1 18 20 13
6 14 10 15 9 19 18
7 1 13 22 16
8 1 13 13 9 18 10
9 0 17 4 12 10 7 24 2
10 9 7 0 4 1 9 11 20 18 7 19 4 24 5 22 3
11 10 20 2 18 13 5
12 2 8 13 8 19 3 20 19
13 8 9 11 5 12 8
14 1 9 2 15 6 10 23 13
15 4 1 6 9 17 20 24 15
16 3 4 4 12 22 15
17 3 5 15 20 20 17
18 10 7 8 10 23 13
19 2 19 6 18 10 4 12 3 3 17 20 17
20 4 13 5 13 12 19 19 17 17 17 24 5
21 22 10
22 3 6 21 10 7 16 10 3 16 15 24 19
23 2 13 18 13 14 13
24 10 5 15 15 20 5 22 19 3 16 9 2
