49
0 1 2 2 9 4 7 5 17 6 3 7 4 8 15 9 19 10 3 11 3 12 17 13 14 14 8 15 12 16 9 17 11 18 10 19 10 20 20 21 15 22 17 23 14 24 18 26 7 27 15 28 9 29 15 30 19 31 11 32 4 33 8 34 18 35 15 36 1 37 2 38 2 39 11 40 14 41 10 42 17 43 17 44 3 45 5 46 3 47 5 48 18 3 11 25 17
1 0 2 2 6 3 7 4 13 5 5 6 2 7 14 8 7 9 3 10 7 11 7 12 4 13 4 14 11 15 8 16 2 17 10 18 15 19 16 20 3 21 9 22 9 23 15 24 19 25 19 26 12 27 6 28 9 29 3 30 10 31 7 32 9 33 10 34 17 35 9 36 20 37 14 38 18 39 3 40 15 41 1 42 5 43 10 44 15 45 9 46 5 47 19 48 1
2 0 9 1 6 3 13 4 1 5 13 7 2 8 17 9 1 10 18 11 4 12 8 14 7 15 9 17 10 18 4 19 9 20 14 22 3 23 10 24 8 25 1 26 5 27 20 28 11 29 8 30 13 31 15 32 15 33 10 34 12 35 2 36 17 37 16 38 1 39 7 40 4 42 18 43 2 44 4 45 12 47 8 48 14 6 11 13 12 16 2 21 12 41 10 46 12
3 1 7 2 13 0 11 4 2 5 17 6 7 7 8 8 6 9 15 10 13 11 10 12 13 13 19 14 7 15 12 16 9 17 4 18 6 19 10 20 10 21 3 22 9 23 6 24 4 25 11 26 13 27 10 28 1 29 11 31 13 32 10 34 8 35 12 36 13 37 4 39 19 40 19 41 17 43 9 44 4 45 17 46 9 48 17 30 13 33 5 38 8 42 12
4 0 7 1 13 2 1 3 2 5 18 6 2 7 4 8 20 9 16 10 3 11 20 12 16 13 15 14 15 15 11 16 5 17 11 18 4 19 18 20 16 21 5 24 19 25 6 26 5 27 12 28 18 29 9 30 12 31 18 32 1 33 10 34 3 35 6 36 19 37 15 38 16 39 3 40 14 43 13 44 17 45 6 46 15 47 11 48 6 23 14 41 10 42 6
5 0 17 1 5 2 13 3 17 4 18 7 9 8 11 9 10 10 10 11 4 12 3 13 17 14 1 15 12 17 8 18 20 19 19 20 5 21 3 22 14 23 6 24 12 25 15 26 11 27 15 28 1 29 19 30 8 32 17 33 10 34 2 35 1 36 10 37 7 38 8 40 11 41 9 43 14 44 20 45 4 46 20 47 5 48 14 6 1 16 2 31 13 39 16 42 7
6 0 3 1 2 3 7 4 2 2 11 5 1 7 4 8 7 10 17 12 5 13 8 14 20 15 2 16 14 18 4 19 2 20 9 21 20 22 17 23 13 24 18 25 14 26 16 27 15 28 2 29 10 30 16 31 14 32 7 34 16 35 20 36 16 37 8 38 20 39 1 40 14 41 4 42 17 43 3 44 8 45 2 46 4 47 17 48 20 9 8 11 13 17 9
7 0 4 1 14 2 2 3 8 4 4 5 9 6 4 8 14 9 7 10 10 12 13 13 14 14 17 15 17 16 2 17 18 19 2 20 11 21 8 22 2 23 1 24 2 25 13 26 12 27 7 28 2 29 5 30 5 31 1 32 15 33 19 34 5 35 11 36 13 38 19 39 18 40 12 41 15 42 1 43 3 44 18 45 3 46 10 47 6 48 14 11 19 18 3 37 14
8 0 15 1 7 2 17 3 6 4 20 5 11 6 7 7 14 9 14 10 2 11 11 12 17 13 7 14 18 15 20 16 4 17 18 18 10 21 19 22 2 23 1 24 9 26 1 28 9 29 18 30 4 31 19 32 18 33 11 34 12 37 10 38 10 39 5 40 11 41 18 42 18 43 12 44 9 45 2 46 19 47 18 19 2 20 12 27 16 35 2 36 19 48 1
9 0 19 1 3 2 1 3 15 4 16 5 10 7 7 8 14 6 8 10 10 11 9 12 10 13 4 14 19 15 18 16 19 17 19 18 12 20 4 21 4 22 2 24 1 25 6 26 16 27 12 28 1 29 11 30 19 31 11 32 9 33 3 34 19 35 9 36 4 37 2 38 4 39 11 40 8 41 3 42 10 44 15 45 7 46 4 47 8 48 6 19 5 23 10 43 6
10 0 3 1 7 2 18 3 13 4 3 5 10 6 17 7 10 8 2 9 10 12 7 13 16 14 17 15 16 16 13 17 2 18 4 19 7 20 4 21 4 23 2 24 18 25 6 26 8 28 6 29 20 30 10 31 4 32 8 33 8 34 3 37 12 38 20 39 2 40 6 41 18 42 10 43 18 44 20 45 7 46 1 48 4 11 13 22 9 27 2 35 12 36 17 47 3
11 0 3 1 7 2 4 3 10 4 20 5 4 8 11 9 9 6 13 7 19 10 13 12 14 16 7 17 10 18 16 19 1 20 16 21 6 22 14 23 6 24 8 25 18 26 19 27 13 28 16 29 1 31 6 33 5 35 13 36 16 37 7 38 10 39 20 40 3 41 8 42 14 43 19 44 20 45 16 46 14 47 5 48 3 13 6 14 2 15 5 30 16 32 20 34 8
12 0 17 1 4 2 8 3 13 4 16 5 3 6 5 7 13 8 17 9 10 10 7 11 14 13 13 14 15 15 16 16 20 17 9 18 7 19 10 20 11 21 8 22 5 24 2 25 12 26 9 27 20 28 2 29 5 30 10 31 6 33 2 34 17 35 12 36 20 37 8 38 2 39 3 40 12 41 13 42 14 43 12 45 11 46 19 47 2 48 8 23 5 32 17 44 12
13 0 14 1 4 3 19 4 15 5 17 6 8 7 14 8 7 9 4 10 16 12 13 2 12 11 6 15 3 16 3 17 3 18 7 19 16 20 9 21 10 22 17 23 8 24 13 25 14 26 18 27 18 28 1 29 14 30 3 31 14 32 11 33 2 34 20 35 10 36 1 37 3 38 10 39 15 40 11 42 1 43 13 44 15 45 7 46 6 47 4 48 18 14 6 41 1
14 0 8 1 11 2 7 3 7 4 15 5 1 6 20 7 17 8 18 9 19 10 17 12 15 11 2 13 6 15 6 16 13 17 2 18 4 19 20 20 1 21 4 22 2 23 4 24 18 25 12 26 4 27 20 28 10 29 16 31 11 32 5 33 6 34 18 36 20 37 13 38 18 39 1 40 2 41 5 42 3 43 3 44 3 45 10 46 18 47 1 48 1 30 16
15 0 12 1 8 2 9 3 12 4 11 5 12 6 2 7 17 8 20 9 18 10 16 12 16 13 3 14 6 11 5 16 19 17 15 18 2 19 9 21 20 22 11 23 20 24 12 25 2 26 19 27 5 28 7 29 9 30 6 31 7 32 11 33 16 34 18 35 8 36 16 37 1 38 9 39 5 40 13 41 19 42 10 43 20 44 19 45 18 46 4 47 18 48 19
16 0 9 1 2 3 9 4 5 6 14 7 2 8 4 9 19 10 13 11 7 12 20 13 3 14 13 15 19 2 2 5 2 17 11 19 8 20 19 21 14 22 4 24 19 25 5 26 6 27 5 28 20 29 17 31 16 32 19 34 1 35 5 36 12 37 2 38 15 40 14 41 8 42 18 43 4 44 6 45 5 46 1 47 20 48 15 18 14 23 4 39 16
17 0 11 1 10 2 10 3 4 4 11 5 8 7 18 8 18 9 19 10 2 11 10 12 9 13 3 14 2 15 15 16 11 6 9 18 20 19 2 20 10 21 7 22 11 23 9 24 2 26 7 28 18 29 16 31 10 32 13 33 20 34 16 35 16 37 19 38 11 39 16 40 15 41 9 42 15 43 1 44 17 45 6 46 19 47 2 48 12 25 2 27 20 30 12 36 16
18 0 10 1 15 2 4 3 6 4 4 5 20 6 4 8 10 9 12 10 4 11 16 12 7 13 7 14 4 15 2 17 20 7 3 16 14 19 5 20 6 21 19 22 14 23 16 24 4 25 9 26 5 28 18 29 14 30 13 31 14 32 17 33 15 34 14 35 16 36 16 37 10 38 7 39 17 40 1 41 20 42 3 43 8 44 12 45 6 46 4 47 5 48 3 27 3
19 0 10 1 16 2 9 3 10 4 18 5 19 6 2 7 2 10 7 11 1 12 10 13 16 14 20 15 9 16 8 17 2 18 5 8 2 9 5 21 18 22 5 23 15 24 11 25 17 26 18 27 6 29 20 30 17 31 19 32 4 34 3 35 1 36 8 37 13 38 5 39 10 40 7 41 6 42 1 43 7 44 11 45 1 46 7 47 11 48 20 20 3 28 4 33 4
20 0 20 1 3 2 14 3 10 4 16 5 5 6 9 7 11 9 4 10 4 11 16 12 11 13 9 14 1 16 19 17 10 18 6 8 12 19 3 21 1 22 17 23 9 24 10 25 17 26 15 27 6 28 8 29 3 30 14 31 19 32 6 33 19 34 5 35 12 36 9 37 7 38 5 39 5 40 16 41 18 42 13 43 16 44 2 45 8 46 6 47 2 48 7
21 0 15 1 9 3 3 4 5 5 3 6 20 7 8 8 19 9 4 10 4 11 6 12 8 13 10 14 4 15 20 16 14 17 7 18 19 19 18 20 1 2 12 22 10 23 6 24 8 25 7 26 14 27 19 28 1 29 1 30 6 31 1 32 8 34 20 35 14 36 20 37 13 38 4 39 6 40 5 41 17 43 17 44 14 45 14 46 9 47 18 48 10 33 18 42 5
22 0 17 1 9 2 3 3 9 5 14 6 17 7 2 8 2 9 2 11 14 12 5 13 17 14 2 15 11 16 4 17 11 18 14 19 5 20 17 21 10 10 9 23 7 24 20 25 4 26 5 27 18 29 6 30 3 31 5 32 12 33 10 34 13 35 13 36 14 38 17 39 5 40 5 41 15 42 14 43 10 44 20 45 5 46 10 47 19 48 13 37 15
23 0 14 1 15 2 10 3 6 5 6 6 13 7 1 8 1 10 2 11 6 13 8 14 4 15 20 17 9 18 16 19 15 20 9 21 6 22 7 4 14 9 10 12 5 16 4 24 4 26 13 27 19 28 6 29 3 30 11 31 11 32 13 33 8 34 19 35 2 36 17 37 17 38 14 39 9 40 2 41 1 42 9 43 10 44 17 46 6 47 15 48 19 25 16 45 6
24 0 18 1 19 2 8 3 4 4 19 5 12 6 18 7 2 8 9 9 1 10 18 11 8 12 2 13 13 14 18 15 12 16 19 17 2 18 4 19 11 20 10 21 8 22 20 23 4 25 3 26 7 27 8 29 5 30 9 31 16 32 13 33 18 34 18 35 11 36 19 37 3 39 8 40 10 41 6 42 8 43 2 44 3 45 3 46 2 47 17 48 9 28 13
25 1 19 2 1 3 11 4 6 5 15 6 14 7 13 9 6 10 6 11 18 12 12 13 14 14 12 15 2 16 5 18 9 19 17 20 17 21 7 22 4 24 3 0 17 17 2 23 16 26 2 27 8 28 19 29 16 30 11 31 2 32 17 33 9 34 15 35 7 36 10 37 2 38 16 39 14 41 15 42 13 43 11 44 6 45 4 46 20 47 18 48 4 40 4
26 0 7 1 12 2 5 3 13 4 5 5 11 6 16 7 12 8 1 9 16 10 8 11 19 12 9 13 18 14 4 15 19 16 6 17 7 18 5 19 18 20 15 21 14 22 5 23 13 24 7 25 2 27 20 28 7 29 10 30 4 31 2 32 5 33 18 34 14 36 10 37 18 38 16 39 12 40 8 41 11 42 14 43 8 44 20 45 5 46 20 47 4 48 9 35 6
27 0 15 1 6 2 20 3 10 4 12 5 15 6 15 7 7 9 12 11 13 12 20 13 18 14 20 15 5 16 5 19 6 20 6 21 19 22 18 23 19 24 8 25 8 26 20 8 16 10 2 17 20 18 3 28 5 29 11 30 5 31 20 32 13 33 13 34 8 35 8 36 3 37 9 38 14 39 9 40 6 41 17 42 14 43 7 44 2 45 15 46 14 47 9 48 16
28 0 9 1 9 2 11 3 1 4 18 5 1 6 2 7 2 8 9 9 1 10 6 11 16 12 2 13 1 14 10 15 7 16 20 17 18 18 18 20 8 21 1 23 6 25 19 26 7 27 5 19 4 24 13 29 10 32 12 34 5 35 14 36 6 37 9 38 3 39 3 40 3 41 5 42 8 43 4 44 8 45 16 46 6 47 20 48 11 30 13 33 20
29 0 15 1 3 2 8 3 11 4 9 5 19 6 10 7 5 8 18 9 11 10 20 11 1 12 5 13 14 14 16 15 9 16 17 17 16 18 14 19 20 20 3 21 1 22 6 23 3 24 5 25 16 26 10 27 11 28 10 30 18 31 2 32 1 33 5 34 20 35 9 36 14 37 3 38 11 39 18 40 20 41 14 42 3 43 16 44 13 45 16 46 18 47 1 48 16
30 0 19 1 10 2 13 4 12 5 8 6 16 7 5 8 4 9 19 10 10 12 10 13 3 15 6 18 13 19 17 20 14 21 6 22 3 23 11 24 9 25 11 26 4 27 5 29 18 3 13 11 16 14 16 17 12 28 13 31 14 32 7 33 12 34 9 35 4 36 4 38 20 39 8 40 20 41 14 42 1 43 14 44 16 45 8 46 19 47 20 48 5 37 17
31 0 11 1 7 2 15 3 13 4 18 6 14 7 1 8 19 9 11 10 4 11 6 12 6 13 14 14 11 15 7 16 16 17 10 18 14 19 19 20 19 21 1 22 5 23 11 24 16 25 2 26 2 27 20 29 2 30 14 5 13 32 19 34 4 36 14 37 1 38 10 39 2 40 17 41 17 42 9 43 1 44 4 45 8 46 4 47 7 33 15 35 4 48 19
32 0 4 1 9 2 15 3 10 4 1 5 17 6 7 7 15 8 18 9 9 10 8 13 11 14 5 15 11 16 19 17 13 18 17 19 4 20 6 21 8 22 12 23 13 24 13 25 17 26 5 27 13 28 12 29 1 30 7 31 19 11 20 12 17 34 1 35 8 36 19 37 13 38 1 39 3 40 8 41 7 42 9 43 19 44 13 45 4 47 16 48 19 46 12
33 0 8 1 10 2 10 4 10 5 10 7 19 8 11 9 3 10 8 11 5 12 2 13 2 14 6 15 16 17 20 18 15 20 19 22 10 23 8 24 18 25 9 26 18 27 13 29 5 30 12 3 5 19 4 21 18 28 20 31 15 34 3 35 2 36 19 37 18 39 18 40 11 41 4 42 7 43 18 44 7 46 16 47 6 48 1 38 9 45 2
34 0 18 1 17 2 12 3 8 4 3 5 2 6 16 7 5 8 12 9 19 10 3 12 17 13 20 14 18 15 18 16 1 17 16 18 14 19 3 20 5 21 20 22 13 23 19 24 18 25 15 26 14 27 8 28 5 29 20 30 9 31 4 32 1 33 3 11 8 35 15 36 5 37 1 38 9 39 18 40 15 41 18 42 11 43 7 44 3 45 1 46 3 47 19 48 2
35 0 15 1 9 2 2 3 12 4 6 5 1 6 20 7 11 9 9 11 13 12 12 13 10 15 8 16 5 17 16 18 16 19 1 20 12 21 14 22 13 23 2 24 11 25 7 27 8 28 14 29 9 30 4 32 8 33 2 34 15 8 2 10 12 26 6 31 4 37 19 38 20 39 10 40 1 41 5 42 2 43 5 44 13 45 5 46 18 47 17 48 4 36 18
36 0 1 1 20 2 17 3 13 4 19 5 10 6 16 7 13 9 4 11 16 12 20 13 1 14 20 15 16 16 12 18 16 19 8 20 9 21 20 22 14 23 17 24 19 25 10 26 10 27 3 28 6 29 14 30 4 31 14 32 19 33 19 34 5 8 19 10 17 17 16 35 18 38 16 39 9 40 15 41 10 42 17 43 8 44 14 45 10 46 11 47 2 48 18 37 3
37 0 2 1 14 2 16 3 4 4 15 5 7 6 8 8 10 9 2 10 12 11 7 12 8 13 3 14 13 15 1 16 2 17 19 18 10 19 13 20 7 21 13 23 17 24 3 25 2 26 18 27 9 28 9 29 3 31 1 32 13 33 18 34 1 35 19 7 14 22 15 30 17 36 3 38 16 40 20 41 17 42 19 43 2 44 20 45 7 46 5 47 18 48 16 39 8
38 0 2 1 18 2 1 4 16 5 8 6 20 7 19 8 10 9 4 10 20 11 10 12 2 13 10 14 18 15 9 16 15 17 11 18 7 19 5 20 5 21 4 22 17 23 14 25 16 26 16 27 14 28 3 29 11 30 20 31 10 32 1 34 9 35 20 36 16 37 16 3 8 33 9 39 18 40 6 41 3 42 15 43 15 44 17 45 15 46 12 48 12 47 17
39 0 11 1 3 2 7 3 19 4 3 6 1 7 18 8 5 9 11 10 2 11 20 12 3 13 15 14 1 15 5 17 16 18 17 19 10 20 5 21 6 22 5 23 9 24 8 25 14 26 12 27 9 28 3 29 18 30 8 31 2 32 3 33 18 34 18 35 10 36 9 38 18 5 16 16 16 37 8 40 5 41 15 42 2 43 1 44 14 45 12 46 6 47 10 48 5
40 0 14 1 15 2 4 3 19 4 14 5 11 6 14 7 12 8 11 9 8 10 6 11 3 12 12 13 11 14 2 15 13 16 14 17 15 18 1 19 7 20 16 21 5 22 5 23 2 24 10 26 8 27 6 28 3 29 20 30 20 31 17 32 8 33 11 34 15 35 1 36 15 37 20 38 6 39 5 25 4 42 2 46 3 47 1 48 9 41 12 43 1 44 19 45 19
41 0 10 1 1 3 17 5 9 6 4 7 15 8 18 9 3 10 18 11 8 12 13 14 5 15 19 16 8 17 9 18 20 19 6 20 18 21 17 22 15 23 1 24 6 25 15 26 11 27 17 28 5 29 14 30 14 31 17 32 7 33 4 34 18 35 5 36 10 37 17 38 3 39 15 2 10 4 10 13 1 40 12 42 16 43 16 44 1 45 8 46 1 47 5 48 6
42 0 17 1 5 2 18 6 17 7 1 8 18 9 10 10 10 11 14 12 14 13 1 14 3 15 10 16 18 17 15 18 3 19 1 20 13 22 14 23 9 24 8 25 13 26 14 27 14 28 8 29 3 30 1 31 9 32 9 33 7 34 11 35 2 36 17 37 19 38 15 39 2 40 2 41 16 3 12 4 6 5 7 21 5 43 17 45 4 46 2 47 6 48 14 44 15
43 0 17 1 10 2 2 3 9 4 13 5 14 6 3 7 3 8 12 10 18 11 19 12 12 13 13 14 3 15 20 16 4 17 1 18 8 19 7 20 16 21 17 22 10 23 10 24 2 25 11 26 8 27 7 28 4 29 16 30 14 31 1 32 19 33 18 34 7 35 5 36 8 37 2 38 15 39 1 41 16 42 17 9 6 40 1 44 19 45 16 46 5 47 16 48 17
44 0 3 1 15 2 4 3 4 4 17 5 20 6 8 7 18 8 9 9 15 10 20 11 20 13 15 14 3 15 19 16 6 17 17 18 12 19 11 20 2 21 14 22 20 23 17 24 3 25 6 26 20 27 2 28 8 29 13 30 16 31 4 32 13 33 7 34 3 35 13 36 14 37 20 38 17 39 14 41 1 43 19 12 12 40 19 42 15 45 4 46 1 47 3 48 2
45 0 5 1 9 2 12 3 17 4 6 5 4 6 2 7 3 8 2 9 7 10 7 11 16 12 11 13 7 14 10 15 18 16 5 17 6 18 6 19 1 20 8 21 14 22 5 24 3 25 4 26 5 27 15 28 16 29 16 30 8 31 8 32 4 34 1 35 5 36 10 37 7 38 15 39 12 41 8 42 4 43 16 44 4 23 6 33 2 40 19 46 13 47 4 48 12
46 0 3 1 5 3 9 4 15 5 20 6 4 7 10 8 19 9 4 10 1 11 14 12 19 13 6 14 18 15 4 16 1 17 19 18 4 19 7 20 6 21 9 22 10 23 6 24 2 25 20 26 20 27 14 28 6 29 18 30 19 31 4 33 16 34 3 35 18 36 11 37 5 38 12 39 6 40 3 41 1 42 2 43 5 44 1 45 13 2 12 32 12 47 2 48 9
47 0 5 1 19 2 8 4 11 5 5 6 17 7 6 8 18 9 8 11 5 12 2 13 4 14 1 15 18 16 20 17 2 18 5 19 11 20 2 21 18 22 19 23 15 24 17 25 18 26 4 27 9 28 20 29 1 30 20 31 7 32 16 33 6 34 19 35 17 36 2 37 18 39 10 40 1 41 5 42 6 43 16 44 3 45 4 46 2 10 3 38 17 48 17
48 0 18 1 1 2 14 3 17 4 6 5 14 6 20 7 14 9 6 10 4 11 3 12 8 13 18 14 1 16 15 17 12 18 3 19 20 20 7 21 10 22 13 23 19 24 9 25 4 26 9 27 16 28 11 30 5 32 19 33 1 34 2 35 4 36 18 37 16 38 12 39 5 40 9 41 6 42 14 43 17 44 2 45 12 46 9 47 17 8 1 15 19 29 16 31 19
