77
0 2 20 11 1 14 14 7 7 30 6
1 55 16 76 14
2 0 20 27 20 42 10
3 37 7 38 18
4 9 15 23 20 26 6 73 20
5 13 16
6 65 1 74 8
7 0 7 19 1 59 13 63 5
8 10 2 39 7 40 10 64 8
9 4 15 52 9
10 8 2 60 13 74 14 51 2 63 12
11 0 1 15 4
12 36 8
13 5 16 49 10
14 0 14 22 7
15 11 4 37 15 49 20 75 6 76 12 56 14
16 27 20 31 18 35 3 48 13 65 18
17 43 1 58 1
18 28 11 65 10 68 13 40 18 46 16
19 7 1 55 9
20 40 15 41 17 50 15
21 48 11
22 14 7 42 12 71 7
23 4 20 38 7 56 20
24 31 6
25 47 12
26 4 6
27 2 20 16 20 29 3
28 18 11 54 6 63 6 72 10
29 27 3 68 12
30 0 6 70 9
31 16 18 24 6 52 18
32 49 11 50 18
33 44 7 47 15 46 6 74 2
34 73 11 75 19 35 10
35 16 3 34 10 48 4 63 7 73 5
36 12 8 63 15
37 3 7 15 15 65 10 73 5
38 3 18 23 7 50 4
39 8 7 46 16
40 8 10 20 15 18 18 47 17
41 20 17 47 9 49 19 52 20
42 2 10 22 12 63 10 68 6 71 3
43 17 1
44 33 7 63 9 66 11 75 11 46 20
45 46 6 58 16
46 39 16 45 6 18 16 33 6 44 20 49 6 70 12 74 11
47 25 12 33 15 40 17 41 9 50 18 71 12
48 16 13 21 11 35 4 58 17 61 1 63 6
49 13 10 15 20 32 11 41 19 46 6 62 1 64 16
50 32 18 38 4 47 18 20 15 70 7
51 10 2 63 5
52 9 9 31 18 41 20
53 57 8 69 8
54 28 6
55 1 16 19 9 60 7 67 8
56 23 20 15 14 62 11
57 53 8
58 17 1 45 16 48 17 69 16
59 7 13 69 3
60 10 13 55 7
61 48 1 73 18
62 49 1 56 11
63 7 5 28 6 36 15 42 10 44 9 48 6 51 5 10 12 35 7 67 8 70 14 74 13 75 15
64 8 8 49 16 74 6 72 15
65 6 1 16 18 18 10 37 10
66 44 11
67 63 8 55 8
68 18 13 29 12 42 6 71 15
69 53 8 58 16 59 3
70 30 9 46 12 50 7 63 14
71 42 3 47 12 22 7 68 15
72 28 10 64 15
73 4 20 34 11 37 5 61 18 35 5
74 6 8 10 14 63 13 64 6 33 2 46 11
75 15 6 34 19 44 11 63 15
76 1 14 15 12
