27
0 4 20 7 17 11 3 14 1 23 11 24 20
1 4 8
2 3 7 10 14 21 2 24 16 25 10 16 11
3 2 7 8 8 22 16 12 4
4 0 20 1 8 10 18 19 11 23 8
5 11 11 21 15 26 14 6 5
6 5 5 8 16 18 19 19 12 21 6 26 12
7 0 17 11 1
8 3 8 6 16 21 9 25 5
9 15 12 20 7
10 2 14 4 18 13 6 19 18
11 0 3 5 11 7 1 14 9
12 3 4 14 20 16 19 19 6
13 10 6 17 12
14 0 1 11 9 12 20 18 9
15 9 12 23 5 16 16
16 12 19 2 11 15 16 18 10 22 7 26 4
17 13 12 19 12
18 6 19 16 10 14 9 20 5 22 2
19 4 11 6 12 10 18 12 6 17 12 21 20
20 9 7 18 5 21 15 26 1
21 2 2 5 15 6 6 8 9 20 15 19 20
22 3 16 18 2 16 7
23 0 11 15 5 4 8 26 9 25 2
24 0 20 2 16
25 2 10 8 5 23 2
26 5 14 20 1 23 9 6 12 16 4
