35
0 6 2 13 7 16 7 19 11
1 9 7 22 2
2 7 6 9 20 10 12 12 16 24 4 27 17 8 19 22 20
3 9 4 32 6 6 1
4 14 7 15 2 17 8 20 15 25 12 10 8
5 13 19 24 14 26 19
6 0 2 3 1 9 10 27 10 28 6 30 13 32 7
7 2 6 32 2 16 12
8 2 19 16 6 24 11 14 8
9 1 7 2 20 3 4 6 10 11 16 21 20 30 17
10 2 12 4 8 21 13
11 9 16 26 9 33 4
12 2 16
13 0 7 5 19 28 18
14 4 7 8 8 34 15
15 4 2 32 8
16 0 7 8 6 7 12 32 18
17 4 8
18 32 11
19 0 11
20 4 15 27 13 29 16
21 9 20 10 13
22 1 2 2 20 27 5 34 2
23 27 1 33 16
24 2 4 5 14 8 11 29 10 31 2
25 4 12 29 7
26 11 9 5 19
27 2 17 6 10 20 13 22 5 23 1 33 15
28 6 6 13 18
29 20 16 24 10 25 7 31 16
30 6 13 9 17
31 24 2 29 16
32 3 6 6 7 7 2 15 8 16 18 18 11 34 11
33 11 4 23 16 27 15
34 14 15 22 2 32 11
