61
0 1 20 2 2 5 18 6 3 7 9 8 11 9 4 10 11 12 1 13 8 14 17 15 13 16 3 17 13 18 6 19 10 20 7 21 19 22 6 23 5 24 2 25 13 26 19 27 11 28 2 29 17 30 17 32 17 33 14 35 17 36 6 37 10 38 12 39 11 40 16 43 13 44 6 45 2 46 9 47 20 48 11 49 7 50 12 51 2 52 20 53 18 54 11 55 14 56 7 57 14 58 10 59 14 60 17 3 12 4 9 11 10 31 11 34 13 42 4
1 0 20 2 9 3 16 5 10 6 14 7 10 8 11 9 19 10 16 12 12 14 11 15 9 16 6 17 11 18 4 19 9 20 15 21 11 22 4 23 12 24 12 25 17 26 15 27 20 28 2 31 3 32 6 33 9 34 6 35 13 36 8 37 7 38 10 39 13 40 6 41 1 42 16 43 10 44 10 45 8 46 9 47 2 48 13 49 18 51 9 52 13 53 10 54 6 55 4 56 1 57 12 58 20 59 16 60 3 4 9 11 5 13 6 29 20 30 14 50 4
2 0 2 1 9 3 10 5 15 6 2 7 18 10 4 11 13 12 16 13 7 14 19 15 11 17 3 18 18 19 7 21 13 22 9 23 1 26 10 27 5 28 9 29 8 30 15 31 4 32 20 33 7 34 7 35 16 36 3 39 20 40 20 41 17 42 9 43 19 44 4 46 5 47 15 48 6 49 17 50 18 51 13 52 7 53 7 54 17 55 13 56 15 57 17 58 6 59 2 60 17 4 7 8 4 9 15 16 7 20 15 24 4 25 18 37 10 38 9 45 13
3 1 16 2 10 0 12 4 1 5 11 6 15 7 17 8 9 9 17 10 1 11 18 13 18 14 13 16 1 17 17 18 9 19 10 21 12 22 13 23 16 24 13 25 15 26 12 27 3 28 8 29 19 30 5 31 6 32 9 34 18 37 8 39 8 40 5 41 20 42 18 43 19 44 11 46 11 47 16 48 8 49 4 51 2 52 4 53 16 54 19 55 10 56 5 57 13 58 20 59 15 60 13 12 16 15 17 20 11 33 6 35 4 38 11 45 20 50 6
4 3 1 0 9 1 9 2 7 7 16 8 11 10 5 11 5 12 14 13 18 14 2 15 13 17 14 18 14 19 6 20 16 21 3 22 13 23 13 25 4 26 6 27 17 28 12 29 18 30 2 31 3 32 12 33 5 35 20 36 12 37 19 38 1 39 14 40 14 41 19 42 11 43 8 44 4 45 16 47 2 48 5 49 15 52 7 53 6 54 9 55 2 56 7 57 3 58 15 60 1 5 19 6 8 9 1 16 9 24 12 34 3 46 6 50 1 51 13 59 8
5 0 18 1 10 2 15 3 11 4 19 6 10 7 3 8 1 9 16 10 16 11 8 12 13 13 13 14 2 15 2 16 9 17 16 18 9 19 7 20 16 21 15 22 10 23 19 24 19 25 9 27 14 28 18 29 15 30 10 31 8 32 3 33 4 34 8 35 6 36 1 37 9 38 8 39 16 40 14 41 3 42 1 43 18 44 2 45 19 46 15 47 5 48 19 49 16 50 7 51 12 52 15 53 6 54 9 55 4 56 14 57 5 59 8 60 10 26 17 58 11
6 0 3 1 14 2 2 3 15 5 10 4 8 7 14 10 6 11 2 12 18 13 8 14 19 15 6 16 5 17 11 18 14 19 8 20 15 21 12 22 6 23 11 24 12 25 4 26 7 27 19 28 14 29 11 31 1 32 8 33 4 34 20 35 3 36 7 37 17 38 11 39 15 40 3 41 13 42 14 45 7 46 13 47 13 48 15 49 20 51 13 52 17 53 20 54 6 55 5 56 17 57 8 58 6 59 5 60 18 8 18 9 14 30 14 43 8 44 11 50 16
7 0 9 1 10 2 18 3 17 4 16 5 3 6 14 8 1 9 11 10 10 11 20 12 1 13 1 14 12 15 6 16 8 17 17 18 5 20 3 21 18 22 20 23 1 24 19 25 8 26 17 27 6 28 15 29 19 30 12 31 6 32 11 34 12 35 17 36 13 37 6 38 4 40 6 41 18 42 14 44 10 45 9 46 7 47 4 49 8 51 19 52 20 53 3 54 20 55 7 56 11 57 6 58 15 59 10 60 16 19 13 39 5 43 7 48 1 50 4
8 0 11 1 11 3 9 4 11 5 1 7 1 2 4 6 18 9 20 12 7 14 14 15 9 17 5 18 20 19 8 20 13 21 7 23 10 25 14 26 10 27 3 28 20 29 5 30 9 31 15 32 17 33 14 34 11 35 7 36 6 37 18 38 16 39 13 41 4 42 17 43 7 44 16 45 19 47 6 48 10 49 7 50 16 51 6 52 12 53 8 55 4 56 4 57 9 58 20 59 7 60 2 10 7 13 1 16 2 24 18 40 16 46 16
9 0 4 1 19 3 17 5 16 7 11 8 20 2 15 4 1 6 14 10 20 11 9 12 3 13 13 15 13 16 2 17 17 18 5 19 5 20 3 21 1 22 18 23 6 24 1 25 2 26 5 27 12 29 12 30 1 31 7 32 4 33 12 34 10 35 18 36 9 37 15 38 20 40 5 41 10 42 2 43 13 44 19 45 7 46 7 47 9 49 11 50 18 51 20 53 12 54 20 56 10 57 6 58 12 59 12 60 11 14 12 28 8 48 3 52 5 55 14
10 0 11 1 16 2 4 3 1 4 5 5 16 6 6 7 10 9 20 8 7 11 11 12 12 13 19 15 15 16 18 17 6 18 1 19 7 20 19 21 2 23 10 28 14 29 7 30 7 31 1 32 3 33 12 35 20 36 15 37 16 38 17 39 18 40 10 41 20 42 11 43 7 44 15 45 18 46 18 47 16 48 7 49 20 50 12 51 16 52 12 53 6 54 16 55 7 56 8 57 4 58 11 59 10 60 18 14 6 22 11 24 5 25 18 26 18 27 2 34 4
11 2 13 3 18 4 5 5 8 6 2 7 20 9 9 10 11 0 10 1 5 12 15 13 2 16 2 17 8 18 1 19 12 20 14 21 18 22 7 23 17 24 6 25 9 26 10 27 20 28 2 29 13 31 14 32 6 33 20 34 1 35 16 36 20 37 12 39 15 40 7 41 6 42 10 43 9 44 19 46 9 47 8 48 10 49 10 50 18 51 6 52 9 53 16 54 19 57 15 58 14 59 20 60 16 14 6 15 18 30 1 38 17 55 6 56 17
12 0 1 1 12 2 16 4 14 5 13 6 18 7 1 8 7 9 3 10 12 11 15 3 16 13 17 14 4 15 20 16 13 17 7 18 3 19 17 21 7 22 9 23 8 24 15 25 7 26 2 27 10 28 12 29 5 30 7 31 7 32 2 33 1 34 7 35 20 36 18 37 9 38 1 39 1 40 12 41 5 42 9 43 17 44 15 45 2 46 6 47 8 49 5 50 16 51 2 52 18 53 6 54 5 55 2 56 16 57 12 58 13 59 4 60 13 48 9
13 0 8 2 7 3 18 4 18 5 13 6 8 7 1 9 13 10 19 11 2 12 17 1 6 8 1 14 2 15 5 16 19 17 4 18 10 19 8 20 15 21 15 22 2 23 8 24 7 26 6 27 1 28 18 29 18 30 15 31 4 32 14 33 9 34 14 35 13 36 1 37 12 38 16 39 17 40 16 41 14 42 11 43 13 44 13 45 8 46 19 47 9 48 20 49 9 50 2 51 2 52 16 53 19 54 8 55 16 56 19 57 16 58 11 59 7 60 4 25 13
14 0 17 1 11 2 19 3 13 4 2 5 2 6 19 7 12 8 14 12 4 13 2 9 12 10 6 11 6 15 1 16 2 17 8 18 17 19 19 20 8 21 18 22 7 23 3 24 9 25 14 26 4 28 18 29 2 30 3 31 19 32 12 33 11 34 7 35 20 36 18 37 20 38 12 40 3 41 6 42 12 44 7 45 6 46 12 47 20 48 7 49 8 51 7 53 16 54 5 55 17 56 2 57 6 59 13 60 6 27 7 39 5 43 10 52 11 58 2
15 0 13 1 9 2 11 4 13 5 2 6 6 7 6 8 9 9 13 10 15 12 20 13 5 14 1 3 17 11 18 16 7 17 9 21 3 22 18 23 8 25 8 26 20 27 15 28 1 29 16 30 6 31 4 32 8 35 17 36 8 37 11 39 16 40 12 41 2 42 14 43 9 44 11 45 6 46 2 47 13 48 12 49 4 50 3 52 4 53 2 54 20 55 19 56 9 58 11 59 1 60 12 18 12 19 15 24 19 34 13 38 16 51 18 57 5
16 0 3 1 6 3 1 5 9 6 5 7 8 9 2 10 18 11 2 12 13 13 19 14 2 15 7 2 7 4 9 8 2 18 14 19 19 20 11 21 9 22 8 23 12 24 9 25 7 26 17 27 1 28 14 29 10 30 9 31 20 32 5 33 4 34 3 35 4 36 9 38 5 39 18 40 11 41 11 42 4 43 5 44 17 45 14 46 13 47 4 48 10 49 10 50 7 51 10 53 7 54 15 55 10 56 4 57 15 58 6 60 17 17 13 37 4 52 17 59 20
17 0 13 1 11 2 3 3 17 4 14 5 16 6 11 7 17 8 5 9 17 10 6 11 8 12 7 13 4 14 8 15 9 16 13 18 13 19 1 20 7 21 9 22 13 23 12 24 12 26 4 27 4 28 10 29 9 30 18 31 15 32 17 33 14 34 10 35 2 36 12 37 6 38 3 39 11 40 7 42 4 43 2 44 2 46 1 47 4 48 20 49 9 50 14 51 11 52 7 54 6 55 10 56 7 57 4 58 20 59 12 60 13 25 6 41 12 45 6 53 14
18 0 6 1 4 2 18 3 9 4 14 5 9 6 14 7 5 8 20 9 5 10 1 11 1 12 3 13 10 14 17 16 14 17 13 15 12 19 15 20 15 21 14 22 8 23 15 24 8 25 1 26 7 27 14 28 17 29 14 30 10 31 9 32 9 33 2 34 15 35 4 36 15 37 13 38 20 39 14 40 9 41 15 42 9 43 16 45 15 46 16 47 1 48 2 51 3 53 4 54 10 57 19 58 4 59 7 60 5 44 3 49 1 52 3 55 8 56 9
19 0 10 1 9 2 7 3 10 4 6 5 7 6 8 8 8 9 5 10 7 11 12 12 17 13 8 14 19 16 19 17 1 18 15 7 13 15 15 20 5 21 12 22 17 23 15 25 10 26 7 27 8 28 8 29 7 30 19 31 3 32 14 33 8 34 15 35 3 36 20 37 9 38 19 39 17 41 17 42 5 44 2 45 9 46 8 47 6 48 13 52 16 53 10 54 17 55 1 56 17 58 5 59 5 60 17 24 10 40 11 43 7 49 5 50 13 51 19
20 0 7 1 15 4 16 5 16 6 15 7 3 8 13 9 3 10 19 11 14 13 15 14 8 16 11 17 7 18 15 19 5 2 15 3 11 21 20 22 10 25 1 26 18 27 8 28 20 29 3 30 7 31 9 32 17 33 14 34 7 35 14 36 8 37 1 38 15 39 18 40 4 41 10 42 15 43 9 45 20 46 13 47 8 48 7 49 11 50 9 51 13 52 4 53 17 54 11 55 12 56 2 57 7 58 1 59 6 60 16 23 8 24 1 44 7
21 0 19 1 11 2 13 3 12 4 3 5 15 6 12 7 18 8 7 9 1 10 2 11 18 12 7 13 15 14 18 15 3 16 9 17 9 18 14 19 12 20 20 22 2 23 18 24 4 25 19 27 17 28 1 29 7 30 11 34 8 35 12 36 10 37 13 38 16 39 15 40 12 41 19 42 12 43 12 45 9 46 14 47 8 48 10 49 15 50 14 52 10 53 11 54 7 55 6 56 4 57 15 58 4 59 19 60 8 26 15 31 5 32 16 33 9 51 6
22 0 6 1 4 2 9 3 13 4 13 5 10 6 6 7 20 9 18 11 7 12 9 13 2 14 7 15 18 16 8 17 13 18 8 19 17 20 10 21 2 10 11 23 18 24 18 25 10 27 14 28 3 29 4 30 7 31 5 32 11 33 7 34 12 35 9 36 17 37 11 38 12 39 6 40 8 41 11 42 18 43 17 44 10 45 16 46 9 47 10 49 19 50 11 51 10 52 15 53 3 55 2 56 2 57 2 58 1 60 1 26 16 48 2 54 3 59 2
23 0 5 1 12 2 1 3 16 4 13 5 19 6 11 7 1 8 10 9 6 10 10 11 17 12 8 13 8 14 3 15 8 16 12 17 12 18 15 19 15 21 18 22 18 20 8 24 16 25 1 26 4 27 14 28 12 29 7 30 20 31 8 32 8 33 18 34 7 36 18 37 19 38 6 40 1 41 13 42 9 44 6 45 19 46 10 47 4 48 2 50 8 51 1 52 2 53 6 54 11 55 17 56 14 58 13 59 14 60 6 35 7 43 17 49 1 57 3
24 0 2 1 12 3 13 5 19 6 12 7 19 9 1 11 6 12 15 13 7 14 9 16 9 17 12 18 8 21 4 22 18 23 16 2 4 4 12 8 18 10 5 15 19 19 10 20 1 25 11 26 18 27 2 28 17 29 2 32 10 33 19 35 7 37 17 38 16 39 2 40 14 41 14 42 9 43 14 44 4 45 12 46 20 47 19 48 11 49 19 50 8 51 10 52 3 53 12 54 5 55 6 56 15 57 14 58 6 59 19 30 9 34 16 36 1
25 0 13 1 17 3 15 4 4 5 9 6 4 7 8 8 14 9 2 11 9 12 7 14 14 15 8 16 7 18 1 19 10 20 1 21 19 22 10 23 1 24 11 2 18 10 18 13 13 17 6 26 13 27 16 28 13 29 4 30 8 31 15 32 2 33 6 34 19 35 19 36 13 37 8 38 19 39 20 40 6 41 2 43 10 45 2 46 17 47 6 49 9 51 9 52 19 55 9 57 1 58 16 59 6 60 4 42 1 44 4 48 2 50 12 53 12 54 15 56 12
26 0 19 1 15 2 10 3 12 4 6 6 7 7 17 8 10 9 5 11 10 12 2 13 6 14 4 15 20 16 17 17 4 18 7 19 7 20 18 23 4 24 18 25 13 5 17 10 18 21 15 22 16 28 11 29 10 30 9 31 9 32 5 33 19 34 10 35 12 36 14 37 1 38 17 39 13 40 18 41 19 42 8 43 20 44 17 45 9 46 16 47 12 48 2 50 12 51 19 53 6 54 18 55 8 56 11 57 14 58 4 59 6 60 13 27 10 49 13 52 10
27 0 11 1 20 2 5 3 3 4 17 5 14 6 19 7 6 8 3 9 12 11 20 12 10 13 1 15 15 16 1 17 4 18 14 19 8 20 8 21 17 22 14 23 14 24 2 25 16 10 2 14 7 26 10 28 16 30 6 31 5 32 1 33 19 34 14 35 7 36 13 37 20 38 9 39 16 40 1 41 19 42 7 43 5 44 17 45 18 46 6 47 17 48 6 49 20 50 5 51 19 52 8 53 11 54 7 55 8 56 5 58 18 59 16 60 9 57 11
28 0 2 1 2 2 9 3 8 4 12 5 18 6 14 7 15 8 20 10 14 11 2 12 12 13 18 14 18 15 1 16 14 17 10 18 17 19 8 20 20 21 1 22 3 23 12 24 17 25 13 26 11 27 16 9 8 29 2 30 6 32 4 33 15 34 9 35 11 36 8 37 18 39 6 40 2 41 15 42 9 43 3 44 15 45 19 46 7 48 17 49 3 50 2 51 16 52 11 53 5 54 20 55 11 56 15 57 5 59 13 60 2 31 8 38 18 47 16 58 16
29 0 17 2 8 3 19 4 18 5 15 6 11 7 19 8 5 9 12 10 7 11 13 12 5 13 18 14 2 15 16 16 10 17 9 18 14 19 7 20 3 21 7 22 4 23 7 24 2 25 4 26 10 28 2 1 20 30 2 31 9 32 14 34 7 35 9 36 14 37 12 38 20 39 20 40 11 42 6 43 7 44 5 45 7 46 12 48 19 49 8 50 11 51 11 52 17 53 9 54 4 55 13 57 12 58 14 59 18 33 20 41 18 47 13 56 14 60 10
30 0 17 2 15 3 5 4 2 5 10 7 12 8 9 9 1 10 7 12 7 13 15 14 3 15 6 16 9 17 18 18 10 19 19 20 7 21 11 22 7 23 20 25 8 26 9 27 6 28 6 29 2 1 14 6 14 11 1 24 9 31 17 32 18 35 11 36 8 37 18 38 14 39 7 40 7 41 13 42 13 43 12 44 8 45 6 47 11 48 3 49 8 50 6 52 9 53 10 54 6 55 1 56 13 57 13 58 9 59 6 60 2 33 13 34 8 46 14 51 2
31 1 3 2 4 3 6 4 3 5 8 6 1 7 6 8 15 9 7 10 1 11 14 12 7 13 4 14 19 15 4 16 20 17 15 18 9 19 3 20 9 22 5 23 8 25 15 26 9 27 5 29 9 30 17 0 11 21 5 28 8 33 7 34 3 35 10 36 1 37 9 38 8 40 4 41 2 42 19 43 1 44 9 45 20 46 3 47 10 48 20 49 4 50 19 51 9 52 5 53 2 54 1 55 2 57 17 58 14 59 6 60 8 32 19 39 20
32 0 17 1 6 2 20 3 9 4 12 5 3 6 8 7 11 8 17 9 4 10 3 11 6 12 2 13 14 14 12 15 8 16 5 17 17 18 9 19 14 20 17 22 11 23 8 24 10 25 2 26 5 27 1 28 4 29 14 30 18 21 16 31 19 34 8 35 3 36 20 37 3 38 4 40 2 41 3 42 2 43 19 44 14 46 6 47 13 48 16 49 18 50 17 51 20 52 20 53 8 54 12 55 17 56 3 57 16 58 18 59 10 60 6 33 16 45 8
33 0 14 1 9 2 7 4 5 5 4 6 4 8 14 9 12 10 12 11 20 12 1 13 9 14 11 16 4 17 14 18 2 19 8 20 14 22 7 23 18 24 19 25 6 26 19 27 19 28 15 31 7 3 6 21 9 29 20 30 13 32 16 34 11 35 2 36 13 37 18 38 1 39 4 40 14 41 3 42 9 43 6 44 13 45 14 46 1 47 4 48 10 49 17 50 3 51 9 52 11 53 20 54 16 56 18 57 8 58 2 60 6 55 9 59 3
34 1 6 2 7 3 18 5 8 6 20 7 12 8 11 9 10 11 1 12 7 13 14 14 7 16 3 17 10 18 15 19 15 20 7 21 8 22 12 23 7 25 19 26 10 27 14 28 9 29 7 31 3 32 8 33 11 0 13 4 3 10 4 15 13 24 16 30 8 35 3 36 7 37 20 39 12 40 9 41 5 42 15 43 4 44 3 45 14 46 5 47 16 48 17 49 4 50 6 51 7 52 1 53 18 54 1 55 3 56 6 57 12 58 9 59 11 60 4 38 10
35 0 17 1 13 2 16 4 20 5 6 6 3 7 17 8 7 9 18 10 20 11 16 12 20 13 13 14 20 15 17 16 4 17 2 18 4 19 3 20 14 21 12 22 9 24 7 25 19 26 12 27 7 28 11 29 9 30 11 31 10 32 3 33 2 34 3 3 4 23 7 36 12 37 11 38 10 41 11 42 11 43 2 44 20 45 1 46 7 47 10 48 16 49 6 50 20 51 7 52 16 54 5 55 4 56 3 58 14 59 12 60 4 40 10 53 5
36 0 6 1 8 2 3 4 12 5 1 6 7 7 13 8 6 9 9 10 15 11 20 12 18 13 1 14 18 15 8 16 9 17 12 18 15 19 20 20 8 21 10 22 17 23 18 25 13 26 14 27 13 28 8 29 14 30 8 31 1 32 20 33 13 34 7 35 12 24 1 37 16 38 6 39 3 40 3 42 10 43 20 44 3 45 2 46 7 48 9 49 20 50 15 51 12 52 4 53 12 54 4 55 7 57 3 58 5 59 19 60 16 41 3 47 6 56 17
37 0 10 1 7 3 8 4 19 5 9 6 17 7 6 8 18 9 15 10 16 11 12 12 9 13 12 14 20 15 11 17 6 18 13 19 9 20 1 21 13 22 11 23 19 24 17 25 8 26 1 27 20 28 18 29 12 30 18 31 9 32 3 33 18 34 20 35 11 36 16 2 10 16 4 38 9 39 20 40 18 42 1 43 13 45 19 46 6 47 10 48 18 49 1 50 20 51 9 52 2 56 20 57 13 59 15 60 16 41 10 44 15 53 20 54 16 55 6 58 9
38 0 12 1 10 4 1 5 8 6 11 7 4 8 16 9 20 10 17 12 1 13 16 14 12 16 5 17 3 18 20 19 19 20 15 21 16 22 12 23 6 24 16 25 19 26 17 27 9 29 20 30 14 31 8 32 4 33 1 35 10 36 6 37 9 2 9 3 11 11 17 15 16 28 18 34 10 39 19 40 10 41 5 42 17 43 16 44 11 45 16 47 3 48 19 49 19 51 17 52 13 53 1 54 8 55 14 56 8 58 14 59 18 60 6 46 17 50 10 57 11
39 0 11 1 13 2 20 3 8 4 14 5 16 6 15 8 13 10 18 11 15 12 1 13 17 15 16 16 18 17 11 18 14 19 17 20 18 21 15 22 6 24 2 25 20 26 13 27 16 28 6 29 20 30 7 33 4 34 12 36 3 37 20 38 19 7 5 14 5 31 20 40 16 41 16 42 4 43 17 44 8 45 1 47 5 48 5 49 6 50 5 51 11 52 1 53 20 54 13 55 13 56 2 57 15 58 16 59 2 60 15 46 17
40 0 16 1 6 2 20 3 5 4 14 5 14 6 3 7 6 9 5 10 10 11 7 12 12 13 16 14 3 15 12 16 11 17 7 18 9 20 4 21 12 22 8 23 1 24 14 25 6 26 18 27 1 28 2 29 11 30 7 31 4 32 2 33 14 34 9 36 3 37 18 38 10 39 16 8 16 19 11 35 10 41 17 42 5 43 10 44 6 46 3 47 19 48 10 49 18 50 20 51 16 52 1 53 4 54 6 55 6 56 1 57 1 58 19 45 12 59 6 60 14
41 1 1 2 17 3 20 4 19 5 3 6 13 7 18 8 4 9 10 10 20 11 6 12 5 13 14 14 6 15 2 16 11 18 15 19 17 20 10 21 19 22 11 23 13 24 14 25 2 26 19 27 19 28 15 30 13 31 2 32 3 33 3 34 5 35 11 38 5 39 16 40 17 17 12 29 18 36 3 37 10 42 6 43 4 44 20 45 18 46 16 47 10 48 11 49 19 50 12 51 18 52 12 54 6 56 14 57 15 59 16 60 10 53 3 55 1 58 11
42 1 16 2 9 3 18 4 11 5 1 6 14 7 14 8 17 9 2 10 11 11 10 12 9 13 11 14 12 15 14 16 4 17 4 18 9 19 5 20 15 21 12 22 18 23 9 24 9 26 8 27 7 28 9 29 6 30 13 31 19 32 2 33 9 34 15 35 11 36 10 37 1 38 17 39 4 40 5 41 6 0 4 25 1 43 13 44 5 45 15 47 8 48 18 49 1 50 9 51 18 52 5 53 13 54 19 55 8 56 9 58 16 59 17 60 16 46 1 57 18
43 0 13 1 10 2 19 3 19 4 8 5 18 8 7 9 13 10 7 11 9 12 17 13 13 15 9 16 5 17 2 18 16 20 9 21 12 22 17 24 14 25 10 26 20 27 5 28 3 29 7 30 12 31 1 32 19 33 6 34 4 35 2 36 20 37 13 38 16 39 17 40 10 41 4 42 13 6 8 7 7 14 10 19 7 23 17 44 17 45 9 46 9 47 1 48 14 49 6 50 18 51 20 52 6 53 13 54 16 55 20 56 18 58 13 60 17 57 6 59 11
44 0 6 1 10 2 4 3 11 4 4 5 2 7 10 8 16 9 19 10 15 11 19 12 15 13 13 14 7 15 11 16 17 17 2 19 2 22 10 23 6 24 4 26 17 27 17 28 15 29 5 30 8 31 9 32 14 33 13 34 3 35 20 36 3 38 11 39 8 40 6 41 20 42 5 43 17 6 11 18 3 20 7 25 4 37 15 45 20 46 9 47 2 48 7 49 19 50 15 51 1 52 15 53 15 54 3 55 9 56 18 57 16 58 10 59 6 60 5
45 0 2 1 8 4 16 5 19 6 7 7 9 8 19 9 7 10 18 12 2 13 8 14 6 15 6 16 14 18 15 19 9 20 20 21 9 22 16 23 19 24 12 25 2 26 9 27 18 28 19 29 7 30 6 31 20 33 14 34 14 35 1 36 2 37 19 38 16 39 1 41 18 42 15 43 9 44 20 2 13 3 20 17 6 32 8 40 12 46 6 48 15 49 18 50 1 51 2 52 12 53 10 55 3 56 18 57 13 58 10 59 20 60 13 47 5 54 9
46 0 9 1 9 2 5 3 11 5 15 6 13 7 7 9 7 10 18 11 9 12 6 13 19 14 12 15 2 16 13 17 1 18 16 19 8 20 13 21 14 22 9 23 10 24 20 25 17 26 16 27 6 28 7 29 12 31 3 32 6 33 1 34 5 35 7 36 7 37 6 40 3 41 16 43 9 44 9 45 6 4 6 8 16 30 14 38 17 39 17 42 1 47 15 49 4 50 18 51 6 52 15 53 13 54 19 55 9 56 18 57 6 58 20 60 20 59 14
47 0 20 1 2 2 15 3 16 4 2 5 5 6 13 7 4 8 6 9 9 10 16 11 8 12 8 13 9 14 20 15 13 16 4 17 4 18 1 19 6 20 8 21 8 22 10 23 4 24 19 25 6 26 12 27 17 30 11 31 10 32 13 33 4 34 16 35 10 37 10 38 3 39 5 40 19 41 10 42 8 43 1 44 2 46 15 28 16 29 13 36 6 45 5 48 20 49 8 50 7 51 4 52 1 53 2 54 15 55 14 56 8 57 7 58 11 59 6 60 20
48 0 11 1 13 2 6 3 8 4 5 5 19 6 15 8 10 10 7 11 10 13 20 14 7 15 12 16 10 17 20 18 2 19 13 20 7 21 10 23 2 24 11 26 2 27 6 28 17 29 19 30 3 31 20 32 16 33 10 34 17 35 16 36 9 37 18 38 19 39 5 40 10 41 11 42 18 43 14 44 7 45 15 47 20 7 1 9 3 12 9 22 2 25 2 49 2 50 3 51 4 53 16 54 18 55 13 56 11 58 15 59 7 60 9
49 0 7 1 18 2 17 3 4 4 15 5 16 6 20 7 8 8 7 9 11 10 20 11 10 12 5 13 9 14 8 15 4 16 10 17 9 20 11 21 15 22 19 24 19 25 9 27 20 28 3 29 8 30 8 31 4 32 18 33 17 34 4 35 6 36 20 37 1 38 19 39 6 40 18 41 19 42 1 43 6 44 19 45 18 46 4 47 8 48 2 18 1 19 5 23 1 26 13 51 13 52 1 53 18 54 17 55 13 56 11 57 15 58 2 59 7 60 8 50 7
50 0 12 2 18 5 7 8 16 9 18 10 12 11 18 12 16 13 2 15 3 16 7 17 14 20 9 21 14 22 11 23 8 24 8 26 12 27 5 28 2 29 11 30 6 31 19 32 17 33 3 34 6 35 20 36 15 37 20 39 5 40 20 41 12 42 9 43 18 44 15 45 1 46 18 47 7 48 3 1 4 3 6 4 1 6 16 7 4 19 13 25 12 38 10 49 7 51 14 52 1 53 11 54 15 55 9 56 9 57 7 59 11 60 3 58 14
51 0 2 1 9 2 13 3 2 5 12 6 13 7 19 8 6 9 20 10 16 11 6 12 2 13 2 14 7 16 10 17 11 18 3 20 13 22 10 23 1 24 10 25 9 26 19 27 19 28 16 29 11 31 9 32 20 33 9 34 7 35 7 36 12 37 9 38 17 39 11 40 16 41 18 42 18 43 20 44 1 45 2 46 6 47 4 48 4 49 13 50 14 4 13 15 18 19 19 21 6 30 2 52 6 54 16 55 13 56 20 57 15 58 2 59 12 53 13 60 9
52 0 20 1 13 2 7 3 4 4 7 5 15 6 17 7 20 8 12 10 12 11 9 12 18 13 16 15 4 17 7 19 16 20 4 21 10 22 15 23 2 24 3 25 19 27 8 28 11 29 17 30 9 31 5 32 20 33 11 34 1 35 16 36 4 37 2 38 13 39 1 40 1 41 12 42 5 43 6 44 15 45 12 46 15 47 1 49 1 50 1 51 6 9 5 14 11 16 17 18 3 26 10 53 10 54 15 55 19 56 4 57 3 58 16 59 20 60 2
53 0 18 1 10 2 7 3 16 4 6 5 6 6 20 7 3 8 8 9 12 10 6 11 16 12 6 13 19 14 16 15 2 16 7 18 4 19 10 20 17 21 11 22 3 23 6 24 12 26 6 27 11 28 5 29 9 30 10 31 2 32 8 33 20 34 18 36 12 38 1 39 20 40 4 42 13 43 13 44 15 45 10 46 13 47 2 48 16 49 18 50 11 52 10 17 14 25 12 35 5 37 20 41 3 51 13 54 13 55 10 56 1 57 19 58 19 59 17 60 4
54 0 11 1 6 2 17 3 19 4 9 5 9 6 6 7 20 9 20 10 16 11 19 12 5 13 8 14 5 15 20 16 15 17 6 18 10 19 17 20 11 21 7 23 11 24 5 26 18 27 7 28 20 29 4 30 6 31 1 32 12 33 16 34 1 35 5 36 4 38 8 39 13 40 6 41 6 42 19 43 16 44 3 46 19 47 15 48 18 49 17 50 15 51 16 52 15 53 13 22 3 25 15 37 16 45 9 55 12 56 3 57 9 58 18 59 11 60 11
55 0 14 1 4 2 13 3 10 4 2 5 4 6 5 7 7 8 4 10 7 12 2 13 16 14 17 15 19 16 10 17 10 19 1 20 12 21 6 22 2 23 17 24 6 25 9 26 8 27 8 28 11 29 13 30 1 31 2 32 17 34 3 35 4 36 7 38 14 39 13 40 6 42 8 43 20 44 9 45 3 46 9 47 14 48 13 49 13 50 9 51 13 52 19 53 10 54 12 9 14 11 6 18 8 33 9 37 6 41 1 56 11 57 14 58 7 59 19 60 9
56 0 7 1 1 2 15 3 5 4 7 5 14 6 17 7 11 8 4 9 10 10 8 12 16 13 19 14 2 15 9 16 4 17 7 19 17 20 2 21 4 22 2 23 14 24 15 26 11 27 5 28 15 30 13 32 3 33 18 34 6 35 3 37 20 38 8 39 2 40 1 41 14 42 9 43 18 44 18 45 18 46 18 47 8 48 11 49 11 50 9 51 20 52 4 53 1 54 3 55 11 11 17 18 9 25 12 29 14 36 17 57 2 58 4 59 11 60 14
57 0 14 1 12 2 17 3 13 4 3 5 5 6 8 7 6 8 9 9 6 10 4 11 15 12 12 13 16 14 6 16 15 17 4 18 19 20 7 21 15 22 2 24 14 25 1 26 14 28 5 29 12 30 13 31 17 32 16 33 8 34 12 36 3 37 13 39 15 40 1 41 15 44 16 45 13 46 6 47 7 49 15 50 7 51 15 52 3 53 19 54 9 55 14 56 2 15 5 23 3 27 11 38 11 42 18 43 6 58 11 59 5 60 10
58 0 10 1 20 2 6 3 20 4 15 6 6 7 15 8 20 9 12 10 11 11 14 12 13 13 11 15 11 16 6 17 20 18 4 19 5 20 1 21 4 22 1 23 13 24 6 25 16 26 4 27 18 29 14 30 9 31 14 32 18 33 2 34 9 35 14 36 5 38 14 39 16 40 19 42 16 43 13 44 10 45 10 46 20 47 11 48 15 49 2 51 2 52 16 53 19 54 18 55 7 56 4 57 11 5 11 14 2 28 16 37 9 41 11 50 14 59 14 60 12
59 0 14 1 16 2 2 3 15 5 8 6 5 7 10 8 7 9 12 10 10 11 20 12 4 13 7 14 13 15 1 17 12 18 7 19 5 20 6 21 19 23 14 24 19 25 6 26 6 27 16 28 13 29 18 30 6 31 6 32 10 34 11 35 12 36 19 37 15 38 18 39 2 41 16 42 17 44 6 45 20 47 6 48 7 49 7 50 11 51 12 52 20 53 17 54 11 55 19 56 11 57 5 58 14 4 8 16 20 22 2 33 3 40 6 43 11 46 14
60 0 17 1 3 2 17 3 13 4 1 5 10 6 18 7 16 8 2 9 11 10 18 11 16 12 13 13 4 14 6 15 12 16 17 17 13 18 5 19 17 20 16 21 8 22 1 23 6 25 4 26 13 27 9 28 2 30 2 31 8 32 6 33 6 34 4 35 4 36 16 37 16 38 6 39 15 41 10 42 16 43 17 44 5 45 13 46 20 48 9 49 8 50 3 52 2 53 4 54 11 55 9 56 14 57 10 58 12 29 10 40 14 47 20 51 9
