53
0 3 12 4 12 5 11 7 2 8 4 9 9 10 4 11 1 12 14 13 20 14 4 15 17 16 13 17 1 18 15 19 8 20 5 21 1 22 16 23 15 24 20 25 16 26 11 27 15 28 9 29 9 30 19 31 11 32 2 33 10 34 16 35 1 36 6 37 8 38 13 39 3 40 15 41 6 42 14 43 12 44 18 45 3 46 20 47 14 48 10 49 7 50 8 51 5 52 15 1 1 2 11 6 15
1 0 1 4 17 5 9 6 7 7 19 8 2 9 9 10 13 11 7 13 8 14 20 15 17 16 18 17 20 19 18 21 6 22 4 23 1 24 1 25 1 26 15 27 4 29 4 30 4 31 19 32 18 33 2 34 4 35 4 36 12 37 20 39 12 40 9 41 18 42 17 43 15 44 2 46 4 47 9 48 7 49 17 50 11 51 15 52 8 2 8 3 17 18 12 20 13 28 6 38 15 45 3
2 0 11 1 8 3 5 5 14 6 5 7 2 9 14 10 20 12 17 13 1 14 8 16 2 17 11 18 4 19 7 20 8 21 4 22 20 23 17 24 13 25 2 26 17 27 12 28 3 29 17 31 13 33 3 34 13 35 10 36 16 37 15 38 9 40 2 41 12 42 16 43 13 44 7 45 6 46 20 47 8 48 4 49 5 50 18 51 14 52 10 4 11 8 16 11 2 15 2 30 13 32 7
3 0 12 2 5 1 17 4 6 5 7 6 15 7 15 8 13 9 5 10 2 11 16 13 19 14 8 15 19 17 17 18 15 19 20 22 2 23 19 24 14 25 4 26 9 27 11 28 7 29 18 30 1 31 10 32 10 33 13 34 6 35 11 36 4 37 14 39 13 40 7 41 6 42 3 43 11 44 14 45 14 46 17 47 6 48 20 49 20 50 13 51 4 52 5 12 19 16 5 20 6 38 3
4 0 12 1 17 3 6 2 11 5 17 6 5 7 17 8 11 9 19 10 9 11 3 13 15 15 7 16 10 17 17 18 5 20 7 21 1 23 1 24 3 25 3 26 4 27 11 28 11 29 8 30 4 31 4 32 14 33 16 34 20 35 16 36 9 37 19 38 11 39 3 40 12 41 19 42 10 43 7 44 4 45 20 46 19 47 15 49 9 50 12 52 18 12 3 14 15 22 1 48 3 51 1
5 0 11 1 9 2 14 3 7 4 17 6 4 7 2 10 1 11 11 12 4 13 20 14 13 17 17 18 11 19 19 20 9 21 8 22 17 23 14 24 15 25 13 26 8 27 14 28 9 29 16 30 12 31 4 32 16 33 3 34 19 35 12 36 14 37 17 38 7 39 11 40 20 41 1 42 11 43 14 44 9 45 18 46 18 47 2 48 5 51 17 8 7 9 13 15 18 49 15 50 11
6 1 7 2 5 3 15 4 5 5 4 0 15 7 6 8 12 9 6 10 7 13 15 14 16 17 13 18 6 19 9 20 12 21 20 22 18 23 13 24 14 25 2 26 18 27 17 28 16 29 8 30 15 32 11 33 11 34 19 35 6 36 15 38 13 39 7 40 11 41 15 42 14 43 6 44 18 45 15 46 3 48 14 49 14 50 7 51 3 52 3 11 14 15 15 16 5 31 9 37 3 47 16
7 0 2 1 19 2 2 3 15 4 17 5 2 6 6 8 17 9 4 10 6 11 15 13 19 14 12 15 4 16 5 17 14 18 20 19 18 20 3 21 12 23 8 24 7 25 14 26 1 27 15 28 16 30 7 31 17 32 13 33 8 35 7 36 10 37 9 38 20 39 19 40 6 41 2 42 15 43 8 44 6 45 14 46 9 47 6 48 6 49 20 51 11 52 12 12 14 22 5 29 12 34 1 50 18
8 0 4 1 2 3 13 4 11 6 12 7 17 2 16 5 7 9 2 10 2 11 18 12 18 13 13 14 13 15 4 16 3 17 18 18 12 19 5 20 3 21 4 22 13 23 8 24 15 25 5 26 15 27 20 28 16 29 14 30 19 31 20 33 9 34 16 35 2 36 4 37 15 38 10 39 10 42 3 43 4 44 17 45 1 46 9 48 20 49 18 50 10 51 1 52 13 32 2 40 7 41 8 47 6
9 0 9 1 9 2 14 3 5 4 19 6 6 7 4 8 2 5 13 10 10 11 2 12 3 13 19 14 3 15 7 16 5 17 2 18 19 19 7 20 2 21 11 22 15 23 15 24 10 25 10 26 6 27 20 28 10 29 10 30 11 31 6 32 4 33 12 34 7 35 16 37 18 38 13 39 11 40 16 41 1 43 7 44 20 45 11 47 5 48 17 49 6 50 9 51 11 52 16 36 1 42 9 46 7
10 0 4 1 13 2 20 3 2 4 9 5 1 6 7 7 6 8 2 9 10 11 14 12 11 14 10 16 5 17 1 18 1 19 18 20 11 21 19 22 6 24 17 25 6 26 10 27 15 28 11 29 15 30 19 31 1 32 10 33 7 34 5 35 6 36 11 38 16 39 5 40 18 41 11 42 14 43 20 44 8 45 10 46 19 47 19 48 15 49 4 50 19 51 7 52 15 15 9 37 6
11 0 1 1 7 3 16 4 3 5 11 7 15 8 18 9 2 10 14 2 2 6 14 12 4 13 15 14 4 15 6 17 12 18 9 19 13 20 4 21 4 22 7 23 5 24 8 25 10 26 6 27 4 28 19 29 9 30 11 31 13 32 1 33 13 34 7 35 9 36 15 38 10 39 3 40 6 41 11 42 6 43 2 45 4 46 14 47 14 48 1 49 13 50 12 51 8 52 17 16 17 37 20 44 13
12 0 14 2 17 5 4 8 18 9 3 10 11 11 4 3 19 4 3 7 14 13 12 14 18 15 2 16 9 17 1 18 1 19 15 21 17 22 11 23 9 24 3 25 6 26 9 27 5 28 17 29 19 30 5 31 10 32 7 33 11 34 20 35 20 36 20 38 20 39 19 40 2 41 19 42 19 43 13 44 15 45 12 46 15 47 6 48 17 49 14 50 20 52 17 20 14 37 11 51 17
13 0 20 1 8 2 1 3 19 4 15 5 20 6 15 7 19 8 13 9 19 11 15 12 12 14 5 15 18 16 5 19 15 20 12 22 8 24 11 25 10 27 11 28 1 30 9 31 11 32 7 33 1 34 11 36 10 37 19 38 4 39 5 40 18 42 18 43 11 44 15 46 8 47 2 48 8 49 13 51 3 52 1 17 5 18 13 21 12 23 2 26 1 29 12 35 17 41 19 50 20
14 0 4 1 20 2 8 3 8 5 13 6 16 7 12 8 13 9 3 10 10 11 4 12 18 13 5 4 15 15 10 16 1 17 3 18 9 19 8 20 4 21 20 22 5 23 13 24 14 25 13 27 19 28 4 29 4 30 20 31 7 32 9 33 14 34 16 35 6 36 16 37 18 38 8 39 17 40 10 41 13 43 15 44 13 45 4 46 14 47 17 48 2 49 10 50 17 52 20 26 19 42 18 51 18
15 0 17 1 17 3 19 4 7 7 4 8 4 9 7 11 6 12 2 13 18 14 10 2 2 5 18 6 15 10 9 16 4 18 6 19 1 20 9 22 1 23 18 24 5 28 10 29 9 30 12 32 12 33 18 34 19 35 6 37 17 38 20 39 6 41 19 42 2 43 11 44 17 45 10 46 5 47 2 48 5 49 18 50 4 51 6 52 11 17 6 21 6 25 4 26 19 27 14 36 18
16 0 13 1 18 2 2 4 10 7 5 8 3 9 5 10 5 12 9 13 5 14 1 15 4 3 5 6 5 11 17 17 1 18 2 19 19 20 8 21 7 23 4 24 8 25 6 26 17 28 8 29 8 30 17 31 18 32 19 33 4 34 18 35 8 36 20 37 16 38 3 39 11 40 1 41 7 43 10 45 6 46 7 47 11 48 20 49 10 50 20 51 13 52 13 22 5 27 15 42 9 44 17
17 0 1 1 20 2 11 3 17 4 17 5 17 6 13 7 14 8 18 9 2 10 1 11 12 12 1 14 3 16 1 13 5 15 6 18 10 19 1 20 1 21 13 22 6 23 1 24 20 25 18 27 6 28 5 29 13 30 2 31 2 32 15 33 9 34 20 35 16 36 15 37 16 38 9 39 12 40 8 41 11 42 4 43 15 44 12 45 1 46 20 47 18 49 15 50 13 51 19 26 15 48 3 52 20
18 0 15 2 4 3 15 4 5 5 11 6 6 7 20 8 12 9 19 10 1 11 9 12 1 14 9 15 6 16 2 17 10 1 12 13 13 19 2 20 11 21 11 22 3 23 4 25 20 26 9 27 9 28 13 29 18 31 18 32 4 33 17 34 13 35 8 36 13 37 14 38 15 39 16 41 14 42 3 43 20 44 12 45 6 46 2 47 18 48 6 49 3 50 9 51 3 52 9 24 6 30 10 40 5
19 0 8 1 18 2 7 3 20 5 19 6 9 7 18 8 5 9 7 10 18 11 13 12 15 13 15 14 8 15 1 16 19 17 1 18 2 20 16 22 3 23 13 24 18 25 11 26 12 27 16 28 12 29 5 30 2 32 18 33 11 34 8 35 6 36 5 37 7 38 11 39 13 40 18 41 20 42 2 43 15 44 16 45 13 46 9 47 12 48 11 49 1 50 5 51 14 52 3 21 12
20 0 5 2 8 4 7 5 9 6 12 7 3 8 3 9 2 10 11 11 4 13 12 14 4 15 9 16 8 17 1 18 11 19 16 1 13 3 6 12 14 21 16 22 19 23 14 24 3 25 17 26 1 27 15 28 11 29 9 30 1 31 15 32 1 33 4 34 4 35 19 36 10 37 7 38 10 39 20 41 16 42 9 43 8 44 8 45 16 46 9 47 10 49 9 50 9 51 1 40 5 52 1
21 0 1 1 6 2 4 4 1 5 8 6 20 7 12 8 4 9 11 10 19 11 4 12 17 14 20 16 7 17 13 18 11 20 16 13 12 15 6 19 12 22 14 23 1 24 14 25 19 26 14 27 20 28 17 29 19 30 9 31 10 32 16 33 8 34 19 35 3 36 13 37 20 38 14 39 11 40 4 41 14 42 13 43 20 44 15 45 16 46 6 48 11 51 3 52 17 47 18 49 12 50 17
22 0 16 1 4 2 20 3 2 5 17 6 18 8 13 9 15 10 6 11 7 12 11 13 8 14 5 15 1 17 6 18 3 19 3 20 19 21 14 4 1 7 5 16 5 23 16 24 19 25 4 26 10 27 4 29 12 30 2 32 7 33 20 34 7 35 18 36 15 37 4 38 15 39 10 42 3 43 18 44 18 45 11 46 18 47 16 48 11 49 14 50 13 51 12 52 12 31 19 40 7 41 6
23 0 15 1 1 2 17 3 19 4 1 5 14 6 13 7 8 8 8 9 15 11 5 12 9 14 13 15 18 16 4 17 1 18 4 19 13 20 14 21 1 22 16 13 2 24 17 25 16 26 18 27 17 28 20 29 12 30 1 31 20 32 11 33 19 34 14 35 13 36 18 37 1 38 11 39 12 40 18 41 20 42 6 43 9 44 15 45 12 46 20 47 11 48 19 49 10 50 2 51 14 52 12
24 0 20 1 1 2 13 3 14 4 3 5 15 6 14 7 7 8 15 9 10 10 17 11 8 12 3 13 11 14 14 15 5 16 8 17 20 19 18 20 3 21 14 22 19 23 17 18 6 25 5 26 14 27 20 28 8 29 14 30 19 31 7 32 10 33 19 34 1 35 4 36 8 37 17 38 3 39 20 40 7 41 2 42 14 43 18 44 20 45 11 46 3 48 19 49 20 51 15 52 15 47 15 50 4
25 0 16 1 1 2 2 3 4 4 3 5 13 6 2 7 14 8 5 9 10 10 6 11 10 12 6 13 10 14 13 16 6 17 18 18 20 19 11 20 17 21 19 22 4 23 16 24 5 15 4 26 14 27 6 28 11 29 11 30 7 31 4 32 19 34 9 35 7 36 6 37 4 39 9 40 15 41 17 42 13 43 19 44 7 45 19 46 9 47 9 48 11 49 5 50 3 51 16 52 4 33 20 38 12
26 0 11 1 15 2 17 3 9 4 4 5 8 6 18 7 1 8 15 9 6 10 10 11 6 12 9 16 17 18 9 19 12 20 1 21 14 22 10 23 18 24 14 25 14 13 1 14 19 15 19 17 15 27 9 28 11 29 16 30 9 31 19 32 9 33 6 34 5 36 8 37 13 38 17 39 5 41 2 42 7 43 20 44 3 45 7 46 9 47 13 48 9 49 16 50 17 51 11 52 3 40 1
27 0 15 1 4 2 12 3 11 4 11 5 14 6 17 7 15 8 20 9 20 10 15 11 4 12 5 13 11 14 19 17 6 18 9 19 16 20 15 21 20 22 4 23 17 24 20 25 6 26 9 15 14 16 15 28 8 29 8 30 20 31 11 32 8 33 2 35 7 36 19 37 15 38 10 39 18 40 19 41 7 42 1 43 12 44 2 45 16 46 14 47 16 48 14 49 5 51 9 52 7 34 17 50 9
28 0 9 2 3 3 7 4 11 5 9 6 16 7 16 8 16 9 10 10 11 11 19 12 17 13 1 14 4 15 10 16 8 17 5 18 13 19 12 20 11 21 17 23 20 24 8 25 11 26 11 27 8 1 6 29 2 30 9 31 9 32 12 33 18 35 7 36 20 37 7 38 12 39 9 40 19 41 20 42 15 43 7 44 19 45 5 46 4 47 15 48 20 49 14 51 7 52 20 34 19 50 6
29 0 9 1 4 2 17 3 18 4 8 5 16 6 8 8 14 9 10 10 15 11 9 12 19 14 4 15 9 16 8 17 13 18 18 19 5 20 9 21 19 22 12 23 12 24 14 25 11 26 16 27 8 28 2 7 12 13 12 30 20 31 18 32 8 33 16 34 16 35 1 36 19 37 13 39 18 41 4 42 3 43 1 44 3 45 20 46 7 48 18 49 13 50 1 51 13 52 8 38 5 40 4
30 0 19 1 4 3 1 4 4 5 12 6 15 7 7 8 19 9 11 10 19 11 11 12 5 13 9 14 20 15 12 16 17 17 2 19 2 20 1 21 9 22 2 23 1 24 19 25 7 26 9 27 20 28 9 29 20 2 13 18 10 32 11 33 8 34 18 35 19 36 17 37 19 38 4 39 10 40 19 41 13 42 11 43 11 44 14 45 8 46 1 47 16 48 14 49 17 50 9 51 18 52 12 31 17
31 0 11 1 19 2 13 3 10 4 4 5 4 7 17 8 20 9 6 10 1 11 13 12 10 13 11 14 7 16 18 17 2 18 18 20 15 21 10 23 20 24 7 25 4 26 19 27 11 28 9 29 18 6 9 22 19 30 17 32 18 33 6 34 17 35 12 36 11 37 13 38 4 39 15 40 13 41 3 42 5 44 9 45 19 46 20 47 10 48 8 50 20 51 18 52 8 43 20 49 16
32 0 2 1 18 3 10 4 14 5 16 6 11 7 13 9 4 10 10 11 1 12 7 13 7 14 9 15 12 16 19 17 15 18 4 19 18 20 1 21 16 22 7 23 11 24 10 25 19 26 9 27 8 28 12 29 8 30 11 31 18 2 7 8 2 33 13 34 9 35 15 36 13 37 16 38 11 39 17 40 2 41 12 42 2 43 14 44 2 45 14 47 11 48 11 49 12 51 13 52 11 50 5
33 0 10 1 2 2 3 3 13 4 16 5 3 6 11 7 8 8 9 9 12 10 7 11 13 12 11 13 1 14 14 15 18 16 4 17 9 18 17 19 11 20 4 21 8 22 20 23 19 24 19 26 6 27 2 28 18 29 16 30 8 31 6 32 13 25 20 34 12 36 7 37 3 38 6 39 4 40 18 41 1 42 8 43 15 44 11 45 3 46 13 47 7 48 12 49 17 50 20 51 17 52 12 35 10
34 0 16 1 4 2 13 3 6 4 20 5 19 6 19 8 16 9 7 10 5 11 7 12 20 13 11 14 16 15 19 16 18 17 20 18 13 19 8 20 4 21 19 22 7 23 14 24 1 25 9 26 5 29 16 30 18 31 17 32 9 33 12 7 1 27 17 28 19 35 19 36 13 37 2 39 6 40 6 41 3 42 18 43 16 44 2 45 8 46 4 47 7 48 3 49 16 50 7 51 18 52 17 38 20
35 0 1 1 4 2 10 3 11 4 16 5 12 6 6 7 7 8 2 9 16 10 6 11 9 12 20 14 6 15 6 16 8 17 16 18 8 19 6 20 19 21 3 22 18 23 13 24 4 25 7 27 7 28 7 29 1 30 19 31 12 32 15 34 19 13 17 33 10 36 2 37 12 38 6 39 16 40 11 42 15 43 15 44 6 45 4 46 19 47 4 48 15 49 19 51 5 52 3 41 16
36 0 6 1 12 2 16 3 4 4 9 5 14 6 15 7 10 8 4 10 11 11 15 12 20 13 10 14 16 16 20 17 15 18 13 19 5 20 10 21 13 22 15 23 18 24 8 25 6 26 8 27 19 28 20 29 19 30 17 31 11 32 13 33 7 34 13 35 2 9 1 15 18 37 3 38 11 39 6 40 11 41 16 42 15 43 3 44 16 45 6 46 17 47 7 48 6 49 1 50 4 51 9 52 4
37 0 8 1 20 2 15 3 14 4 19 5 17 7 9 8 15 9 18 13 19 14 18 15 17 16 16 17 16 18 14 19 7 20 7 21 20 22 4 23 1 24 17 25 4 26 13 27 15 28 7 29 13 30 19 31 13 32 16 33 3 34 2 35 12 36 3 6 3 10 6 11 20 12 11 38 5 39 19 40 2 41 19 43 6 44 15 45 19 46 3 47 5 48 20 49 18 50 8 51 7 42 12 52 16
38 0 13 2 9 4 11 5 7 6 13 7 20 8 10 9 13 10 16 11 10 12 20 13 4 14 8 15 20 16 3 17 9 18 15 19 11 20 10 21 14 22 15 23 11 24 3 26 17 27 10 28 12 30 4 31 4 32 11 33 6 35 6 36 11 37 5 1 15 3 3 25 12 29 5 34 20 40 6 41 7 42 20 43 19 44 8 45 15 46 18 47 15 48 3 49 18 50 2 51 14 52 12 39 6
39 0 3 1 12 3 13 4 3 5 11 6 7 7 19 8 10 9 11 10 5 11 3 12 19 13 5 14 17 15 6 16 11 17 12 18 16 19 13 20 20 21 11 22 10 23 12 24 20 25 9 26 5 27 18 28 9 29 18 30 10 31 15 32 17 33 4 34 6 35 16 36 6 37 19 38 6 40 9 41 13 42 18 43 10 44 12 45 10 46 2 47 17 48 9 49 3 50 12 51 1 52 18
40 0 15 1 9 2 2 3 7 4 12 5 20 6 11 7 6 9 16 10 18 11 6 12 2 13 18 14 10 16 1 17 8 19 18 21 4 23 18 24 7 25 15 27 19 28 19 30 19 31 13 32 2 33 18 34 6 35 11 36 11 37 2 38 6 39 9 8 7 18 5 20 5 22 7 26 1 29 4 41 12 42 1 43 14 45 5 46 19 47 1 48 18 49 10 50 20 52 16 44 17 51 12
41 0 6 1 18 2 12 3 6 4 19 5 1 6 15 7 2 9 1 10 11 11 11 12 19 14 13 15 19 16 7 17 11 18 14 19 20 20 16 21 14 23 20 24 2 25 17 26 2 27 7 28 20 29 4 30 13 31 3 32 12 33 1 34 3 36 16 37 19 38 7 39 13 40 12 8 8 13 19 22 6 35 16 42 16 44 6 45 15 46 14 47 12 48 10 49 6 50 14 51 8 52 5 43 12
42 0 14 1 17 2 16 3 3 4 10 5 11 6 14 7 15 8 3 10 14 11 6 12 19 13 18 15 2 17 4 18 3 19 2 20 9 21 13 22 3 23 6 24 14 25 13 26 7 27 1 28 15 29 3 30 11 31 5 32 2 33 8 34 18 35 15 36 15 38 20 39 18 40 1 41 16 9 9 14 18 16 9 37 12 43 5 44 20 45 4 46 8 47 13 48 19 49 12 50 18 51 18 52 10
43 0 12 1 15 2 13 3 11 4 7 5 14 6 6 7 8 8 4 9 7 10 20 11 2 12 13 13 11 14 15 15 11 16 10 17 15 18 20 19 15 20 8 21 20 22 18 23 9 24 18 25 19 26 20 27 12 28 7 29 1 30 11 32 14 33 15 34 16 35 15 36 3 37 6 38 19 39 10 40 14 42 5 31 20 41 12 44 5 46 18 47 5 48 15 49 20 50 7 51 19 52 4 45 12
44 0 18 1 2 2 7 3 14 4 4 5 9 6 18 7 6 8 17 9 20 10 8 12 15 13 15 14 13 15 17 17 12 18 12 19 16 20 8 21 15 22 18 23 15 24 20 25 7 26 3 27 2 28 19 29 3 30 14 31 9 32 2 33 11 34 2 35 6 36 16 37 15 38 8 39 12 41 6 42 20 43 5 11 13 16 17 40 17 45 14 46 2 47 15 48 20 49 2 50 6 51 6 52 19
45 0 3 2 6 3 14 4 20 5 18 6 15 7 14 8 1 9 11 10 10 11 4 12 12 14 4 15 10 16 6 17 1 18 6 19 13 20 16 21 16 22 11 23 12 24 11 25 19 26 7 27 16 28 5 29 20 30 8 31 19 32 14 33 3 34 8 35 4 36 6 37 19 38 15 39 10 40 5 41 15 42 4 44 14 1 3 43 12 46 19 49 5 51 7 47 12 48 12 50 7 52 13
46 0 20 1 4 2 20 3 17 4 19 5 18 6 3 7 9 8 9 10 19 11 14 12 15 13 8 14 14 15 5 16 7 17 20 18 2 19 9 20 9 21 6 22 18 23 20 24 3 25 9 26 9 27 14 28 4 29 7 30 1 31 20 33 13 34 4 35 19 36 17 37 3 38 18 39 2 40 19 41 14 42 8 43 18 44 2 45 19 9 7 48 20 49 16 50 20 52 15 47 10 51 8
47 0 14 1 9 2 8 3 6 4 15 5 2 7 6 9 5 10 19 11 14 12 6 13 2 14 17 15 2 16 11 17 18 18 18 19 12 20 10 22 16 23 11 25 9 26 13 27 16 28 15 30 16 31 10 32 11 33 7 34 7 35 4 36 7 37 5 38 15 39 17 40 1 41 12 42 13 43 5 44 15 6 16 8 6 21 18 24 15 45 12 46 10 48 3 49 2 50 14 51 2 52 7
48 0 10 1 7 2 4 3 20 5 5 6 14 7 6 8 20 9 17 10 15 11 1 12 17 13 8 14 2 15 5 16 20 18 6 19 11 21 11 22 11 23 19 24 19 25 11 26 9 27 14 28 20 29 18 30 14 31 8 32 11 33 12 34 3 35 15 36 6 37 20 38 3 39 9 40 18 41 10 42 19 43 15 44 20 46 20 47 3 4 3 17 3 45 12 49 10 50 1 51 16 52 11
49 0 7 1 17 2 5 3 20 4 9 6 14 7 20 8 18 9 6 10 4 11 13 12 14 13 13 14 10 15 18 16 10 17 15 18 3 19 1 20 9 22 14 23 10 24 20 25 5 26 16 27 5 28 14 29 13 30 17 32 12 33 17 34 16 35 19 36 1 37 18 38 18 39 3 40 10 41 6 42 12 43 20 44 2 45 5 46 16 47 2 48 10 5 15 21 12 31 16 50 18 51 13 52 9
50 0 8 1 11 2 18 3 13 4 12 6 7 8 10 9 9 10 19 11 12 12 20 14 17 15 4 16 20 17 13 18 9 19 5 20 9 22 13 23 2 25 3 26 17 29 1 30 9 31 20 33 20 34 7 36 4 37 8 38 2 39 12 40 20 41 14 42 18 43 7 44 6 46 20 47 14 48 1 49 18 5 11 7 18 13 20 21 17 24 4 27 9 28 6 32 5 45 7 51 10 52 20
51 0 5 1 15 2 14 3 4 5 17 6 3 7 11 8 1 9 11 10 7 11 8 13 3 15 6 16 13 17 19 18 3 19 14 20 1 21 3 22 12 23 14 24 15 25 16 26 11 27 9 28 7 29 13 30 18 31 18 32 13 33 17 34 18 35 5 36 9 37 7 38 14 39 1 41 8 42 18 43 19 44 6 45 7 47 2 48 16 49 13 50 10 4 1 12 17 14 18 40 12 46 8 52 16
52 0 15 1 8 2 10 3 5 4 18 6 3 7 12 8 13 9 16 10 15 11 17 12 17 13 1 14 20 15 11 16 13 18 9 19 3 21 17 22 12 23 12 24 15 25 4 26 3 27 7 28 20 29 8 30 12 31 8 32 11 33 12 34 17 35 3 36 4 38 12 39 18 40 16 41 5 43 4 44 19 46 15 47 7 48 11 49 9 50 20 17 20 20 1 37 16 42 10 45 13 51 16
