45
0 3 6 25 19 21 7 30 16 35 19
1 33 4 37 14 16 10
2 23 20 24 1 44 7
3 0 6 6 7 16 18 30 13 36 12 43 16
4 29 8
5 11 6
6 3 7 15 2 28 19 35 7 20 9
7 12 5 21 9 31 20 41 17
8 37 12 43 4
9 17 12 24 7 26 1 44 12 19 4
10 19 12
11 5 6 38 18 43 1
12 7 5 28 20 34 5 44 4
13 28 16 36 6
14 22 18 27 9
15 6 2 22 7
16 3 18 1 10 31 20
17 9 12 18 3 39 16 42 9
18 17 3 25 11
19 10 12 9 4 22 9 25 12 32 19 41 4 29 9
20 6 9 43 19
21 7 9 0 7 27 11
22 14 18 19 9 15 7 28 11
23 2 20 27 13 39 9 33 14
24 2 1 9 7 27 14 31 13 26 2
25 0 19 18 11 19 12 29 18 30 8 37 18 39 18 42 9 43 10
26 9 1 24 2 36 13
27 14 9 23 13 24 14 21 11
28 6 19 12 20 13 16 22 11
29 4 8 25 18 19 9 40 7
30 3 13 25 8 0 16 32 4
31 7 20 24 13 16 20 39 11 44 16
32 19 19 30 4 43 9
33 1 4 23 14
34 12 5 38 8
35 6 7 0 19
36 3 12 13 6 26 13 43 20
37 1 14 8 12 25 18
38 11 18 34 8
39 23 9 25 18 17 16 31 11 42 6 44 2
40 29 7
41 7 17 19 4
42 25 9 39 6 17 9
43 3 16 8 4 11 1 20 19 25 10 32 9 36 20 44 18
44 2 7 9 12 39 2 12 4 31 16 43 18
