500
0 65 9 216 18 92 19 304 1 306 2
1 34 19 206 20 450 19
2 27 19 89 18 197 12 272 6 424 12 348 6
3 95 9 253 1 470 6 5 11 101 14 412 14
4 210 10 229 20 409 5 497 8 163 1 208 7
5 3 11 20 7 114 10 178 20 139 16 420 12
6 171 7 234 8 246 6 405 16 408 9
7 36 4 165 5 419 9
8 24 14 404 9
9 52 2 169 12 26 15
10 39 6 207 10
11 310 13
12 313 16 226 13
13 30 13 269 18
14 165 13
15 73 12 275 7 418 2 474 17 475 20
16 251 4 350 2 456 3
17 96 8
18 98 5 119 17 149 7 243 20 303 6 334 6 472 6 278 16 318 9 467 4
19 68 7 185 18 342 15 392 1
20 5 7 39 16 127 5 165 9 210 20 214 3 300 16 321 2 328 3 166 6 308 19 383 15
21 105 9 200 6 278 12 298 18 368 15
22 347 8 387 10 399 19
23 263 10 380 2 460 1 196 9
24 8 14 67 17 27 19 346 5 383 5
25 44 6 408 5 175 9 482 18 484 12
26 9 15 340 20 413 20 392 8
27 2 19 24 19 168 18
28 52 2 61 10 226 14 405 9 180 17
29 49 18 158 8 308 7
30 13 13 75 18 118 18 127 13 149 16 196 9 265 15 335 9 215 4 425 4
31 180 17 423 7 339 16
32 159 17 452 8
33 300 12 112 3 398 19
34 1 19 337 7 349 2 129 6
35 76 17 89 1 309 13 438 1 445 10 480 20
36 7 4 77 18 179 15 435 18 264 19
37 331 5 449 7
38 217 8 220 2 365 3 415 11
39 10 6 20 16 171 19 319 6 449 1
40 192 8 249 5 381 15 139 16
41 247 3
42 88 20 283 17 335 16 297 18
43 220 19 456 2 432 13
44 25 6 465 20 422 18 452 16 488 14
45 122 17 144 8 476 10 486 6
46 230 11 423 1
47 86 9 126 14 281 16
48 111 16 174 5 189 16 346 19 435 5 483 16 491 5 206 18
49 29 18 58 16 195 18 290 8 410 8
50 400 15 452 8
51 289 4 382 17 449 2 88 20
52 9 2 28 2 338 4 363 2 496 6 377 4
53 228 6 339 12 141 5 281 12
54 98 10 135 6 429 1
55 147 9 149 4 253 13 337 6 421 11
56 261 5 377 16 433 12 145 10
57 235 15 220 13
58 49 16 185 7 240 7 411 20
59 293 13 103 20 158 13 431 12
60 180 4 436 16
61 28 10 130 20 161 9 245 9 397 11 452 18 456 2
62 107 20 175 20 251 6 261 13
63 94 7 133 11 151 15 223 17 472 18
64 158 10 210 9 378 12 92 17
65 0 9 102 10
66 90 11 242 12 325 6 450 4 101 9
67 24 17 341 13 425 19 172 20
68 19 7 169 19 325 20 328 13 476 8 208 15 362 12
69 275 10 304 6 416 11 481 16 229 11
70 151 2 366 15
71 225 2 281 19 246 17
72 449 7
73 15 12 89 9 200 11 379 20 110 17
74 105 10 281 17 420 13 478 14 447 4
75 30 18 314 5
76 35 17 274 6 350 12
77 36 18
78 112 2 113 18 286 17 302 8
79 293 18 446 13 275 2 440 7
80 111 13 297 13 460 4
81 176 18 181 3 189 13 220 20 234 20 289 8 265 19
82 151 4 180 4
83 176 4 205 7 302 16 118 19 124 4 296 8 298 14
84 238 3 341 10 390 2 472 17 481 12
85 399 17 468 2
86 47 9 254 16 359 16 470 9
87 135 20 265 10 356 2 403 3
88 42 20 51 20 167 5
89 2 18 35 1 73 9 237 14 260 14 318 18
90 66 11 276 8 404 15 480 15
91 108 12 237 10 419 11
92 0 19 64 17 300 20 411 15 209 18
93 102 14 497 16 438 19
94 63 7 277 10
95 3 9 169 13 252 3 291 12 345 1 358 5 403 16
96 17 8 124 11 167 3 257 9 350 2 362 13 427 18
97 237 14 232 15
98 18 5 54 10
99 121 8 213 9 280 10 427 18
100 322 11 254 7
101 3 14 66 9 252 16 447 12
102 65 10 93 14 384 17 481 5
103 59 20 113 5 125 18 296 9 194 6 432 9
104 300 7 484 11
105 21 9 74 10 166 7 235 16 346 20 391 8 393 7 444 20
106 235 5 333 20 467 11
107 62 20 234 19 382 3 387 8
108 91 12
109 288 4 317 8 491 6
110 73 17 198 18 127 19 238 3 260 20
111 48 16 80 13 206 3 320 15 464 3 172 11
112 78 2 33 3 256 11 405 4 434 6
113 78 18 103 5 192 3 195 16 494 5
114 5 10 368 14
115 238 7
116 290 14 171 14
117 168 1 311 19
118 30 18 83 19 263 4 330 9
119 18 17 424 4 450 6 192 15
120 463 10 464 10 186 19
121 99 8 387 8 425 20
122 45 17 187 4 223 12 303 13
123 246 3 249 19 398 3 265 2 315 2
124 96 11 83 4 341 6
125 103 18 127 7 198 2 468 16
126 47 14 154 19 291 7 305 5 228 13
127 20 5 30 13 125 7 110 19 234 7 481 1 208 6 314 10
128 246 10 383 9 417 18 143 17 408 9
129 34 6 138 3 471 17
130 61 20 316 6 336 14 328 6
131 356 18 374 18 481 3 492 18 168 13 180 1
132 133 7 209 19 231 17 303 9 294 12
133 63 11 132 7 269 18 311 17 314 16 315 12 456 7 473 6 366 2 418 6
134 246 11 440 16 466 17
135 54 6 87 20 379 1 319 3
136 354 8 405 7 275 7 478 20
137 328 1 364 6
138 129 3 478 2
139 5 16 40 16 148 10
140 279 13 355 12 347 5
141 53 5 182 4
142 311 10 422 13 185 6 438 3
143 128 17 194 2 204 14 305 12 401 1
144 45 8 303 17 210 8
145 56 10 299 17 323 6 412 16
146 189 20 207 15 238 17 358 16
147 55 9 442 8 414 13
148 139 10 340 11 425 11 458 3
149 18 7 30 16 55 4 162 1 250 2 259 1 353 8 183 18 277 13
150 190 18 476 18
151 63 15 70 2 82 4
152 332 12 351 8 428 5 473 16 226 15 477 18
153 161 4 234 2 452 14
154 126 19 334 20 496 18
155 199 5 234 8 255 13 335 15 383 12
156 270 13 304 9 465 12
157 162 19
158 29 8 64 10 59 13 202 4 218 3
159 32 17 189 7 223 17 254 5 413 3 228 2
160 199 9 283 14 482 15
161 61 9 153 4 308 13 404 15 461 17
162 149 1 157 19 306 12 281 8 421 19
163 4 1 414 19
164 325 20 430 2 432 11 470 6 285 6
165 7 5 14 13 20 9 461 9 499 19
166 105 7 20 6 260 12 362 9
167 96 3 88 5 269 16 475 18 313 2
168 117 1 27 18 131 13 254 15 446 4 224 20 277 19
169 9 12 68 19 95 13 174 5 425 2 296 20
170 235 15 431 17
171 6 7 39 19 116 14 285 4
172 67 20 111 11 451 10 173 18
173 172 18 214 2 281 13 219 19
174 48 5 169 5 412 20 443 13 460 13 479 10
175 62 20 25 9 398 1 458 19
176 81 18 83 4 322 6 479 1
177 403 14
178 5 20 263 5
179 36 15 216 8 310 18
180 31 17 60 4 82 4 28 17 131 1 257 7 334 6 417 8 202 20 325 14 392 1
181 81 3 316 19 498 17
182 141 4 223 9 477 5
183 149 18 329 11 377 6
184 232 6 240 19 320 17 453 3 359 1
185 19 18 58 7 142 6 235 19 225 2
186 120 19 394 12
187 122 4 330 2
188 195 17 386 9 388 6
189 48 16 81 13 146 20 159 7 312 5 464 12 245 8
190 150 18 208 19 424 12
191 318 10 351 3 399 10 304 1
192 40 8 113 3 119 15 213 16 362 2 429 16 312 2
193 283 10
194 143 2 103 6 328 13
195 49 18 188 17 113 16 243 5 458 3 487 11
196 30 9 23 9 258 5 489 6 215 1 247 16 299 15 363 5
197 2 12 332 11 456 18 492 18 274 4
198 110 18 125 2 236 6 430 9 459 18
199 155 5 160 9 234 4 342 5
200 21 6 73 11 214 2
201 460 7 484 9 490 1
202 158 4 180 20
203 310 17 402 7 473 1
204 143 14 210 4 478 1
205 83 7 310 4
206 1 20 111 3 48 18
207 10 10 146 15 337 18 466 11
208 190 19 4 7 68 15 127 6 280 7 312 7 399 4 440 5
209 132 19 92 18 425 17 374 18
210 4 10 20 20 64 9 204 4 144 8 223 14 299 12 364 3 390 16 445 1 427 6
211 249 13
212 258 8 299 10
213 99 9 192 16 236 11
214 20 3 173 2 200 2
215 30 4 196 1 414 10 458 7 486 8 249 17
216 0 18 179 8 237 5 388 17
217 38 8 307 19 338 2 421 1 481 17
218 158 3 290 5 328 10
219 173 19 418 16 435 17 450 2 258 19 442 13
220 38 2 43 19 81 20 57 13 470 7 353 9
221 259 2 310 14 340 9 360 20
222 304 17 401 4
223 122 12 159 17 182 9 210 14 63 17
224 168 20 234 12 432 6
225 71 2 185 2 283 3 362 12 442 12
226 28 14 12 13 152 15 458 2
227 318 9 326 13 251 12
228 53 6 126 13 159 2 290 5 316 17 494 13
229 4 20 69 11 236 1
230 46 11 304 16 380 18 291 10
231 132 17 235 7 379 2
232 184 6 97 15 416 7 422 1 458 6
233 255 8 379 1
234 6 8 81 20 107 19 127 7 153 2 155 8 199 4 224 12 316 12 362 17 326 17 344 6
235 57 15 105 16 106 5 170 15 185 19 231 7 268 6
236 198 6 213 11 229 1 416 1
237 89 14 91 10 97 14 216 5 316 4
238 84 3 115 7 110 3 146 17 337 16 451 15
239 308 6 399 14 412 18 480 6 408 17 471 9
240 184 19 58 7 444 8 261 16
241 311 9 394 19
242 66 12 454 13 498 17 394 3
243 18 20 195 5 348 2
244 447 1 477 3 498 2
245 61 9 189 8 310 13 404 6 431 15
246 6 6 123 3 128 10 134 11 71 17 382 2
247 41 3 196 16 308 11 332 6 333 6 467 18
248 411 12 451 3 489 16 336 7 427 1
249 40 5 123 19 211 13 215 17
250 149 2 362 19
251 16 4 62 6 227 12 334 10 339 6 435 20 492 5 281 2 347 10
252 95 3 101 16
253 3 1 55 13 368 2
254 86 16 159 5 168 15 100 7
255 155 13 233 8 354 16 376 16 440 4
256 112 11 351 6 376 10 491 11
257 96 9 180 7 261 12
258 196 5 212 8 219 19 323 6
259 149 1 221 2 443 14 471 13
260 89 14 166 12 110 20 279 10
261 56 5 257 12 62 13 240 16 323 11 337 19 295 7
262 280 7
263 23 10 118 4 178 5 456 2 460 9 499 4
264 36 19 273 20 289 20 290 20
265 30 15 87 10 81 19 123 2
266 446 9 406 2
267 439 13 311 13
268 235 6 288 17
269 13 18 133 18 167 16 361 4 484 2
270 156 13 399 1
271 452 3 468 14
272 2 6 473 18 273 11 284 13 386 8
273 264 20 272 11
274 76 6 197 4 300 1 467 7 283 8 371 14
275 15 7 69 10 79 2 136 7 339 18
276 90 8 281 19 477 4
277 94 10 149 13 168 19 454 15 437 16
278 21 12 18 16 381 19
279 140 13 260 10 390 3 445 8
280 99 10 208 7 262 7 287 11 302 16 458 1 477 3
281 71 19 74 17 173 13 276 19 47 16 53 12 162 8 251 2 436 5 494 11
282 286 1 358 17
283 42 17 160 14 193 10 225 3 274 8 342 9
284 272 13 289 16 463 17 307 11
285 171 4 164 6 349 17
286 78 17 282 1 413 9 376 11 394 12
287 280 11 355 6 360 17
288 109 4 268 17 327 19 400 2
289 51 4 81 8 264 20 284 16 406 7 430 17 482 10
290 49 8 116 14 218 5 228 5 264 20 499 6
291 95 12 126 7 230 10 344 20 484 15 479 14
292 383 2 458 13
293 59 13 79 18 453 17 461 13
294 132 12 339 2
295 261 7 297 6 359 2 499 9
296 103 9 83 8 169 20 314 16 465 2
297 80 13 295 6 42 18 484 9 334 20
298 21 18 83 14
299 145 17 210 12 196 15 212 10 426 6
300 20 16 33 12 92 20 104 7 274 1
301 405 8 323 14
302 78 8 83 16 280 16
303 18 6 132 9 144 17 122 13 330 15 377 17 484 19
304 69 6 156 9 222 17 230 16 0 1 191 1 430 4
305 126 5 143 12 435 16 475 2
306 162 12 0 2 478 9
307 217 19 284 11
308 161 13 239 6 247 11 20 19 29 7 322 1 371 4 313 18
309 35 13 464 10
310 11 13 179 18 203 17 205 4 221 14 245 13 393 10
311 117 19 133 17 142 10 241 9 267 13 352 4 402 1
312 189 5 208 7 192 2 361 14 396 9 409 7
313 12 16 167 2 308 18 421 4
314 75 5 133 16 296 16 127 10 450 12 471 16
315 133 12 123 2 406 8 426 1 447 4
316 130 6 181 19 228 17 234 12 237 4 456 15 484 20 444 15
317 109 8 343 12 412 8 461 16
318 191 10 227 9 18 9 89 18 328 2 495 5 327 13
319 39 6 135 3 483 15
320 111 15 184 17 335 13 445 8
321 20 2
322 100 11 176 6 308 1 441 3
323 145 6 258 6 261 11 301 14 385 14 405 14 422 2
324 470 19
325 66 6 68 20 164 20 180 14 479 9 354 9
326 227 13 234 17 372 16 404 12 455 3
327 288 19 318 13 429 7 437 13
328 20 3 68 13 137 1 194 13 218 10 318 2 130 6
329 183 11 484 9
330 303 15 118 9 187 2 431 15
331 37 5 412 17 431 4 456 13
332 152 12 197 11 247 6 485 12
333 106 20 247 6
334 18 6 154 20 180 6 251 10 297 20 455 9
335 30 9 42 16 155 15 320 13 459 3
336 130 14 248 7 376 4 455 18
337 34 7 55 6 207 18 238 16 261 19 416 2
338 52 4 217 2
339 53 12 251 6 294 2 31 16 275 18 367 4
340 26 20 148 11 221 9
341 67 13 84 10 124 6
342 19 15 199 5 283 9
343 317 12 486 6 480 2
344 291 20 234 6
345 95 1
346 48 19 105 20 24 5 434 12 497 20
347 22 8 140 5 251 10
348 2 6 243 2 351 10 396 8 446 5 484 14 384 10
349 34 2 285 17 421 19 467 19
350 16 2 96 2 76 12 462 9 397 14
351 152 8 191 3 256 6 348 10
352 311 4 453 9
353 149 8 220 9
354 136 8 255 16 325 9 379 4 383 5 422 11 448 16
355 140 12 287 6
356 87 2 131 18
357 360 18 455 8 407 15
358 95 5 282 17 146 16 462 12
359 86 16 295 2 184 1 407 11 484 12
360 221 20 287 17 357 18 389 14 456 11 392 6
361 269 4 312 14 499 18
362 96 13 166 9 192 2 225 12 234 17 68 12 250 19 364 13
363 52 2 196 5 436 10
364 137 6 210 3 362 13
365 38 3 372 20
366 70 15 133 2 400 10
367 339 4 374 7 446 9
368 21 15 114 14 253 2
369 456 16
370 377 4
371 308 4 274 14 395 10
372 326 16 365 20 422 5
373 444 15
374 131 18 367 7 209 18
375 410 4
376 255 16 256 10 336 4 286 11
377 56 16 303 17 370 4 52 4 183 6
378 64 12 394 3
379 73 20 135 1 233 1 354 4 231 2
380 23 2 230 18
381 40 15 278 19 414 17
382 51 17 107 3 246 2
383 128 9 292 2 354 5 20 15 24 5 155 12
384 102 17 348 10
385 323 14 422 20
386 188 9 272 8 449 13 487 1
387 22 10 107 8 121 8 410 4
388 188 6 216 17 446 18
389 360 14
390 84 2 210 16 279 3 436 20
391 105 8
392 19 1 26 8 180 1 360 6 402 5 469 9
393 105 7 310 10 404 20 436 13
394 186 12 378 3 241 19 242 3 286 12 457 15
395 371 10 447 14
396 312 9 348 8
397 61 11 350 14
398 123 3 175 1 33 19
399 22 19 85 17 191 10 208 4 239 14 270 1
400 50 15 288 2 366 10 412 8 486 9 490 20
401 222 4 143 1 436 16
402 203 7 311 1 392 5
403 87 3 95 16 177 14 463 6
404 90 15 161 15 245 6 326 12 393 20 8 9 461 1
405 6 16 28 9 112 4 136 7 301 8 323 14 441 2 493 17
406 289 7 315 8 266 2
407 359 11 357 15 461 18
408 6 9 25 5 128 9 239 17 445 12 497 13
409 4 5 312 7 485 9
410 49 8 375 4 387 4 471 20
411 92 15 248 12 58 20
412 145 16 174 20 239 18 317 8 331 17 400 8 3 14 439 13
413 26 20 159 3 286 9
414 163 19 215 10 381 17 147 13
415 38 11 451 15
416 69 11 232 7 236 1 337 2 449 6
417 128 18 180 8 479 8
418 15 2 219 16 133 6 423 3
419 91 11 7 9 474 4
420 74 13 5 12
421 55 11 217 1 313 4 349 19 162 19
422 142 13 232 1 323 2 354 11 372 5 44 18 385 20 458 6 481 12
423 31 7 46 1 418 3 430 6 460 17
424 2 12 119 4 190 12
425 67 19 121 20 148 11 169 2 209 17 30 4
426 315 1 299 6
427 96 18 99 18 210 6 248 1
428 152 5 456 5 499 14
429 54 1 192 16 327 7
430 164 2 198 9 289 17 423 6 304 4
431 245 15 330 15 331 4 59 12 170 17
432 164 11 224 6 43 13 103 9
433 56 12 478 3
434 346 12 112 6 467 14
435 36 18 48 5 219 17 251 20 305 16
436 60 16 281 5 393 13 401 16 363 10 390 20
437 327 13 277 16
438 35 1 93 19 142 3
439 267 13 412 13
440 208 5 255 4 79 7 134 16
441 322 3 405 2
442 147 8 225 12 219 13
443 174 13 259 14
444 105 20 240 8 373 15 316 15 499 9
445 210 1 279 8 408 12 35 10 320 8
446 79 13 168 4 266 9 348 5 367 9 388 18 488 3
447 244 1 315 4 395 14 74 4 101 12
448 354 16
449 37 7 39 1 51 2 72 7 386 13 416 6 450 6
450 66 4 119 6 219 2 314 12 449 6 1 19
451 172 10 238 15 248 3 415 15
452 32 8 50 8 61 18 153 14 271 3 44 16 455 6
453 184 3 293 17 352 9 457 11
454 242 13 277 15 462 12
455 326 3 334 9 357 8 452 6 336 18
456 16 3 43 2 133 7 197 18 263 2 316 15 331 13 360 11 369 16 428 5 61 2
457 394 15 453 11
458 148 3 175 19 195 3 215 7 226 2 232 6 280 1 292 13 422 6
459 198 18 335 3
460 23 1 80 4 174 13 201 7 263 9 423 17
461 161 17 165 9 293 13 317 16 404 1 407 18
462 350 9 358 12 454 12
463 120 10 284 17 403 6
464 111 3 120 10 189 12 309 10
465 44 20 156 12 296 2 484 17 498 14
466 207 11 134 17 499 5
467 247 18 274 7 434 14 18 4 106 11 349 19
468 125 16 85 2 271 14 469 8
469 392 9 468 8
470 3 6 86 9 164 6 220 7 324 19
471 129 17 410 20 239 9 259 13 314 16
472 18 6 84 17 63 18
473 133 6 152 16 203 1 272 18
474 15 17 419 4
475 15 20 167 18 305 2 485 20
476 45 10 68 8 150 18
477 182 5 244 3 276 4 280 3 152 18
478 74 14 138 2 204 1 433 3 136 20 306 9 484 9
479 174 10 176 1 325 9 417 8 291 14 490 13
480 90 15 239 6 35 20 343 2
481 69 16 84 12 102 5 127 1 131 3 217 17 422 12
482 289 10 25 18 160 15
483 48 16 319 15
484 104 11 201 9 269 2 291 15 297 9 316 20 329 9 348 14 465 17 478 9 25 12 303 19 359 12 487 11
485 409 9 332 12 475 20
486 45 6 215 8 343 6 400 9
487 195 11 386 1 484 11
488 446 3 44 14
489 196 6 248 16
490 201 1 400 20 479 13
491 48 5 109 6 256 11 493 16 494 11
492 131 18 197 18 251 5
493 405 17 491 16
494 228 13 491 11 113 5 281 11
495 318 5
496 52 6 154 18
497 4 8 93 16 346 20 408 13
498 181 17 242 17 244 2 465 14
499 165 19 263 4 290 6 295 9 361 18 428 14 444 9 466 5
