97
0 14 18 21 18 43 19 52 18 90 4 95 7
1 79 2 27 15 53 4 58 2
2 7 20 53 6 73 14 78 2 75 13
3 32 4 33 17 69 7
4 8 2 33 3 58 4 66 2 73 3
5 61 15 73 13
6 36 15 65 2 77 20
7 2 20 66 19
8 4 2 32 4 35 7 44 19 46 20 62 16 67 4 86 9 94 16 90 5
9 25 2
10 40 13 42 11 58 19 63 12
11 12 2
12 11 2 29 3 39 9 40 2 55 2 83 5
13 79 16 32 19
14 0 18 92 12 21 3 76 6
15 51 10
16 57 16 70 6 21 5
17 43 5 81 6 59 3
18 53 8 88 2 95 6
19 22 7 54 12
20 48 13 70 13
21 0 18 14 3 16 5 29 11 59 14 74 2
22 19 7 56 9 57 5 60 6 62 3
23 49 6 67 19 26 11 48 2
24 38 6 39 5 41 15 50 11 67 13 79 19 37 10
25 9 2 27 9 41 9 44 20 81 6 42 5
26 23 11 62 4
27 25 9 1 15 77 15 79 19 33 7 94 14
28 72 1
29 12 3 21 11 73 11 79 20 88 6
30 37 4 45 4 47 15 78 3
31 46 14 84 3
32 3 4 8 4 13 19 61 10 65 8 82 11 84 3 85 13
33 3 17 4 3 27 7
34 81 17 86 17 59 6 69 3
35 8 7 87 18 86 3
36 6 15 80 5 81 20
37 30 4 24 10 48 7 65 5 71 1 91 18
38 24 6 64 11 67 14 87 6 73 1
39 12 9 24 5 63 1 73 15 77 1 56 8 65 18
40 10 13 12 2 62 19
41 24 15 25 9 72 12 87 20
42 10 11 25 5 75 12
43 0 19 17 5 60 10
44 8 19 25 20
45 30 4 94 19
46 8 20 31 14 93 1 57 4 73 1
47 30 15
48 20 13 37 7 23 2 70 19
49 23 6 71 12
50 24 11 93 10
51 15 10 56 7 63 17
52 0 18 57 17
53 2 6 18 8 1 4 90 2
54 19 12 74 5
55 12 2
56 22 9 51 7 39 8 63 18
57 16 16 22 5 52 17 46 4 70 19 94 4 60 14 87 17
58 4 4 10 19 1 2 75 15 96 16
59 21 14 17 3 34 6 74 2 80 13 83 7 88 2 67 8 95 7
60 43 10 22 6 57 14 63 6
61 5 15 32 10 89 15
62 8 16 26 4 40 19 22 3 63 19 75 14 91 9
63 10 12 39 1 51 17 56 18 60 6 62 19 72 20 94 2
64 38 11 79 17 78 1
65 32 8 37 5 6 2 39 18
66 4 2 7 19
67 8 4 23 19 24 13 38 14 59 8
68 70 3 73 6
69 3 7 34 3 70 18
70 16 6 20 13 48 19 57 19 68 3 69 18 76 2
71 37 1 49 12 89 10 96 6 95 14
72 28 1 41 12 63 20
73 2 14 4 3 5 13 29 11 39 15 68 6 38 1 46 1 80 17
74 21 2 54 5 59 2 81 1
75 42 12 58 15 62 14 2 13
76 70 2 14 6
77 27 15 39 1 6 20 85 4
78 2 2 30 3 64 1
79 1 2 13 16 24 19 27 19 29 20 64 17 91 12
80 36 5 59 13 73 17 81 7
81 17 6 25 6 34 17 36 20 80 7 74 1 87 20
82 32 11 91 6
83 12 5 59 7 91 1
84 31 3 32 3
85 77 4 32 13
86 8 9 34 17 35 3 94 13
87 35 18 38 6 41 20 57 17 81 20
88 18 2 29 6 59 2 94 18
89 61 15 71 10
90 0 4 53 2 8 5
91 79 12 37 18 62 9 82 6 83 1
92 14 12
93 46 1 50 10
94 8 16 57 4 63 2 86 13 88 18 27 14 45 19
95 0 7 18 6 59 7 71 14
96 58 16 71 6
