37
0 2 17 16 20 35 8 3 8
1 33 14
2 0 17 3 10 14 13 15 20 16 1 27 12
3 2 10 0 8 8 15 9 3 30 9
4 14 8 16 17 18 16
5 19 2 33 7
6 11 19 17 15 26 4 29 16 9 20
7 27 9 34 2 36 20
8 3 15 10 17 11 12 29 7 32 10 9 13 18 15 22 8
9 3 3 6 20 8 13 15 9 20 9 24 5 26 8 29 17 36 7
10 8 17 16 16
11 6 19 8 12 17 3
12 21 6 23 19
13 24 13 29 3 31 19 35 7
14 2 13 4 8
15 2 20 9 9 31 11
16 0 20 2 1 4 17 10 16 20 4 21 11 29 15 33 11
17 6 15 11 3 34 5 21 7
18 4 16 8 15 23 4 33 14
19 5 2 25 7 24 14
20 9 9 16 4 26 10 35 16
21 12 6 16 11 17 7 29 9
22 8 8 35 6
23 12 19 18 4
24 9 5 13 13 19 14 33 6 34 4
25 19 7 29 8 27 5
26 6 4 9 8 20 10 28 15 34 17 35 5
27 2 12 7 9 25 5 29 3
28 26 15 29 8 36 9
29 6 16 8 7 9 17 13 3 16 15 21 9 25 8 28 8 27 3
30 3 9 34 10
31 13 19 15 11
32 8 10
33 1 14 5 7 16 11 18 14 24 6
34 7 2 17 5 24 4 26 17 30 10
35 0 8 13 7 20 16 22 6 26 5 36 6
36 7 20 28 9 35 6 9 7
