85
0 62 13
1 15 15 20 14 46 12
2 49 15
3 12 17 53 18 60 3 76 14 83 12 17 6 69 8
4 6 8 10 18 30 3 45 17
5 6 13 42 19 62 10 75 18
6 4 8 5 13 49 17 30 18 76 16
7 17 18 33 6 41 13 42 3 58 20 11 11 57 19
8 17 11 40 13
9 64 16 79 7 22 18 82 14
10 4 18 81 20
11 7 11 51 10 63 14 62 11 72 5
12 3 17 17 9 24 8 54 2 67 6 68 2 79 10 81 19 66 8
13 40 18 47 17 56 7
14 21 12 24 13 29 4 73 10
15 1 15 82 15 59 4
16 30 1 35 20
17 7 18 8 11 12 9 3 6 55 20 65 2
18 64 20 83 7
19 45 14 72 1 84 13
20 1 14 63 9 35 2 59 2 62 14
21 14 12 41 18 48 4 77 6
22 9 18 38 5 33 12 62 6
23 24 11 47 16 75 4 50 1 61 18
24 12 8 14 13 23 11 27 17 46 6
25 65 4 81 17 84 2 26 4
26 25 4 37 7 66 4
27 24 17 50 20 63 19 72 20
28 30 16 40 12
29 14 4 54 12 69 1
30 4 3 16 1 28 16 6 18 45 6 49 5 76 17
31 75 7
32 40 3 63 14
33 7 6 22 12 73 14
34 47 14
35 16 20 20 2 36 14 62 8
36 35 14 42 18 46 17 67 20
37 26 7 75 17 51 5
38 22 5 60 2 46 2
39 51 12 62 14 81 15 53 12 56 17 70 15
40 8 13 13 18 28 12 32 3 46 20
41 7 13 21 18 56 10
42 5 19 7 3 36 18 60 4
43 73 19 82 12 58 19
44 48 12 84 1
45 19 14 30 6 4 17 60 11
46 24 6 36 17 40 20 1 12 38 2 73 14 74 15 59 19
47 13 17 23 16 34 14 50 2
48 21 4 44 12 84 16 74 17
49 2 15 6 17 30 5 81 12
50 27 20 47 2 23 1 52 1 59 7 60 11
51 11 10 39 12 37 5 60 9 67 16 72 17 78 11
52 50 1
53 3 18 39 12
54 12 2 29 12 69 16 59 3
55 17 20
56 41 10 13 7 39 17 74 4 77 6
57 7 19 58 16 60 3
58 7 20 57 16 43 19
59 50 7 15 4 20 2 46 19 54 3 70 19 83 12 84 19
60 3 3 38 2 42 4 45 11 50 11 51 9 57 3 61 1 72 1
61 60 1 23 18 81 20
62 0 13 5 10 35 8 39 14 11 11 20 14 22 6
63 11 14 20 9 27 19 32 14 79 11 80 3
64 9 16 18 20
65 25 4 17 2 75 3
66 26 4 12 8
67 12 6 36 20 51 16
68 12 2 78 3
69 54 16 3 8 29 1 78 16
70 59 19 39 15
71 84 10
72 27 20 51 17 60 1 11 5 19 1
73 14 10 33 14 43 19 46 14
74 46 15 56 4 48 17 83 5
75 5 18 23 4 31 7 37 17 65 3 79 3
76 3 14 6 16 30 17
77 21 6 56 6
78 51 11 69 16 68 3
79 9 7 12 10 63 11 75 3
80 63 3
81 10 20 12 19 25 17 39 15 49 12 61 20
82 15 15 43 12 9 14
83 3 12 18 7 59 12 74 5
84 25 2 44 1 48 16 71 10 19 13 59 19
