39
0 6 3 7 18 20 11
1 15 9 11 7 31 11
2 17 12 24 2 36 4 37 12 19 19
3 5 14 12 8 26 4 31 8 37 7 15 9 17 1
4 6 6 14 3 21 4 32 20
5 3 14 15 4 29 20 32 17
6 0 3 4 6 7 8 10 16 17 10 34 8
7 0 18 6 8 31 17
8 31 18
9 20 15 36 4 37 8
10 6 16 12 6 22 6 26 8 34 9 31 13
11 1 7 28 12 33 13 37 12
12 3 8 10 6 14 16 16 16 17 16 21 10 35 8 37 15
13 32 13 20 13
14 12 16 4 3 23 16 37 2 35 18
15 1 9 5 4 3 9 28 7 30 4 21 6 38 17
16 12 16 27 14 33 14 34 11
17 2 12 6 10 12 16 3 1 29 18 31 13
18 24 4 35 3 36 18 22 1
19 2 19 34 13
20 0 11 9 15 13 13 22 4
21 12 10 4 4 15 6 24 8 29 2
22 10 6 20 4 18 1 28 4 32 11 37 20
23 14 16
24 2 2 18 4 21 8
25 33 16 28 17 31 13
26 3 4 10 8 30 11
27 16 14
28 11 12 15 7 22 4 25 17
29 17 18 5 20 21 2 35 10
30 15 4 26 11
31 3 8 7 17 8 18 1 11 10 13 17 13 25 13 36 13 34 18 35 18
32 13 13 22 11 4 20 5 17
33 11 13 25 16 16 14 34 7
34 6 8 10 9 19 13 33 7 16 11 31 18 38 14
35 12 8 18 3 29 10 14 18 31 18
36 2 4 9 4 18 18 31 13
37 2 12 3 7 9 8 11 12 12 15 14 2 22 20
38 34 14 15 17
