41
0 1 7 2 18 3 19 4 4 6 19 7 20 8 3 9 2 10 20 11 20 12 19 13 6 14 15 15 1 16 11 17 14 18 20 19 10 20 11 21 11 22 12 23 12 24 15 25 18 26 5 27 5 28 9 29 12 31 11 32 13 33 19 34 5 35 17 36 13 37 12 39 7 40 15 30 2 38 14
1 0 7 2 11 3 17 4 7 5 19 6 20 7 15 8 16 10 3 11 5 13 6 14 10 15 3 16 12 17 13 18 4 19 6 20 4 21 6 22 14 23 12 24 17 25 3 26 8 27 14 28 16 29 18 30 10 31 19 32 7 33 14 34 19 36 8 37 20 38 20 39 19 40 12 9 3 12 5 35 20
2 0 18 1 11 4 6 5 17 7 5 8 7 9 11 10 18 11 3 12 19 13 19 14 20 15 9 16 12 17 20 18 8 19 10 20 20 21 20 22 16 24 9 25 8 26 7 27 19 28 2 29 9 30 15 31 15 32 4 33 3 34 17 35 13 36 13 37 14 38 2 40 14 6 8 23 4 39 3
3 0 19 1 17 4 18 5 19 6 3 7 11 9 11 10 17 11 20 12 12 13 19 14 9 15 14 16 20 17 2 19 17 20 12 21 6 22 16 24 14 26 2 27 6 28 19 30 1 32 18 33 11 36 12 37 12 38 16 39 7 40 2 8 20 23 8 25 16 31 19 35 13
4 0 4 1 7 2 6 3 18 5 7 6 5 7 2 8 20 9 3 10 9 11 11 12 10 13 17 14 13 15 16 16 15 17 4 18 5 19 17 20 16 21 7 22 11 23 14 24 4 25 19 26 13 27 3 28 16 30 11 32 10 33 13 34 16 35 17 36 13 37 15 38 1 39 16 40 14 29 10 31 8
5 1 19 2 17 3 19 4 7 7 13 8 9 10 8 11 10 13 15 14 1 15 6 16 13 17 18 18 5 21 17 22 17 23 14 24 11 25 3 26 12 27 18 28 12 29 8 30 8 31 17 33 9 34 20 35 10 36 1 37 6 38 18 39 13 6 11 9 19 12 3 19 20 20 14 32 9 40 8
6 0 19 1 20 3 3 4 5 2 8 5 11 7 6 8 2 9 8 10 20 11 9 12 14 13 14 14 11 15 20 16 6 17 11 20 9 21 11 22 9 23 2 24 10 25 8 26 13 27 5 28 16 29 20 30 5 32 17 33 18 34 15 35 2 36 11 37 19 38 9 39 9 40 4 18 1 19 8 31 18
7 0 20 1 15 2 5 3 11 4 2 5 13 6 6 8 15 9 17 10 19 11 2 12 13 13 3 14 5 15 13 16 18 17 3 18 11 19 5 20 15 21 13 22 15 23 13 25 20 26 16 27 19 28 12 29 2 30 9 31 2 32 10 33 20 34 8 35 15 36 1 38 17 39 6 40 18 24 12 37 10
8 0 3 1 16 2 7 4 20 5 9 6 2 7 15 3 20 9 9 11 7 12 12 13 2 14 10 15 6 16 8 17 18 18 16 19 16 20 4 22 13 23 19 24 10 25 14 26 15 27 15 28 3 30 5 31 11 32 2 33 4 34 2 35 19 36 4 37 4 39 4 40 6 10 11 21 17 29 9 38 14
9 0 2 2 11 3 11 4 3 6 8 7 17 8 9 1 3 5 19 10 12 11 8 12 15 13 16 14 20 15 11 16 7 17 20 18 2 19 13 20 4 21 19 22 6 23 6 24 15 25 13 26 10 27 6 28 7 30 14 31 6 32 3 33 20 34 7 35 20 36 9 37 17 38 6 39 17 40 4 29 9
10 0 20 1 3 2 18 3 17 4 9 5 8 6 20 7 19 9 12 8 11 11 8 12 17 13 2 14 12 15 6 17 1 18 17 19 12 20 2 21 14 22 2 23 1 24 5 25 3 26 10 27 8 28 19 29 11 31 8 33 10 34 20 35 4 36 7 37 7 38 8 39 12 40 15 30 4 32 5
11 0 20 1 5 2 3 3 20 4 11 5 10 6 9 7 2 8 7 9 8 10 8 12 16 14 8 15 14 16 4 17 1 18 13 19 4 20 11 21 13 22 4 23 20 24 16 25 10 26 2 27 12 28 7 30 18 31 12 32 9 33 6 35 2 36 17 37 9 38 18 13 2 29 1 34 16 39 11 40 9
12 0 19 2 19 3 12 4 10 6 14 7 13 8 12 9 15 10 17 11 16 1 5 5 3 14 11 15 6 17 14 18 4 19 13 20 20 21 14 22 20 23 15 24 12 25 11 26 5 28 12 29 14 30 19 31 2 32 17 33 13 34 16 35 19 36 5 37 15 38 11 39 6 40 13 13 6 16 7 27 7
13 0 6 1 6 2 19 3 19 4 17 5 15 6 14 7 3 8 2 9 16 10 2 11 2 12 6 14 10 16 12 17 9 18 9 19 2 20 12 22 16 24 13 25 14 26 16 28 5 30 7 31 17 32 17 33 18 34 9 35 19 36 18 37 6 38 13 39 9 40 3 15 8 21 9 23 3 27 8 29 7
14 0 15 1 10 2 20 3 9 4 13 5 1 6 11 7 5 8 10 9 20 10 12 11 8 12 11 13 10 15 14 16 12 17 16 18 2 19 10 20 17 21 6 23 4 25 2 26 14 27 6 28 8 29 1 32 19 33 4 35 10 36 7 37 15 38 13 39 14 40 7 22 20 24 17 31 17 34 17
15 0 1 1 3 2 9 3 14 4 16 5 6 6 20 7 13 8 6 9 11 10 6 11 14 12 6 14 14 13 8 16 19 18 19 19 18 20 13 21 2 23 14 24 15 25 8 26 2 27 3 28 20 29 14 30 1 31 19 32 4 33 2 35 11 36 16 37 13 39 11 40 4 17 17 22 5 34 15 38 20
16 0 11 1 12 2 12 3 20 4 15 5 13 6 6 7 18 8 8 9 7 11 4 13 12 14 12 15 19 12 7 17 15 19 3 20 17 21 16 22 3 23 6 24 19 25 8 27 5 28 4 29 20 30 14 32 9 33 10 34 20 35 8 36 11 37 8 38 14 39 11 40 3 18 7 26 13
17 0 14 1 13 2 20 3 2 4 4 5 18 6 11 7 3 8 18 9 20 10 1 11 1 12 14 13 9 14 16 16 15 15 17 18 1 19 14 20 20 21 2 22 14 23 17 24 10 25 10 26 16 28 20 29 3 30 2 31 11 32 16 33 8 34 10 35 16 36 18 37 8 38 16 39 17 40 1 27 15
18 0 20 1 4 2 8 4 5 5 5 7 11 8 16 9 2 10 17 11 13 12 4 13 9 14 2 15 19 17 1 6 1 16 7 19 16 20 20 21 13 22 11 23 7 25 18 26 17 27 13 28 10 30 2 31 8 32 1 33 3 34 15 36 13 37 7 38 14 39 11 40 5 29 6 35 19
19 0 10 1 6 2 10 3 17 4 17 7 5 8 16 9 13 10 12 11 4 12 13 13 2 14 10 15 18 16 3 17 14 18 16 5 20 6 8 20 18 21 20 22 15 23 17 24 5 25 11 26 10 27 14 29 1 30 6 31 19 32 17 33 15 34 20 35 9 36 5 37 6 38 1 39 12 40 6 28 10
20 0 11 1 4 2 20 3 12 4 16 6 9 7 15 8 4 9 4 10 2 11 11 12 20 13 12 14 17 15 13 16 17 17 20 18 20 19 18 5 14 21 14 22 11 23 17 25 12 26 14 27 3 28 3 29 9 30 1 31 17 32 4 33 9 34 17 35 12 37 17 39 12 40 17 24 15 36 9 38 3
21 0 11 1 6 2 20 3 6 4 7 5 17 6 11 7 13 9 19 10 14 11 13 12 14 14 6 15 2 16 16 17 2 18 13 19 20 20 14 8 17 13 9 22 18 23 18 24 1 25 5 26 4 27 13 28 5 29 9 30 15 31 12 32 16 33 1 34 14 37 5 38 1 39 13 40 1 36 6
22 0 12 1 14 2 16 3 16 4 11 5 17 6 9 7 15 8 13 9 6 10 2 11 4 12 20 13 16 16 3 17 14 18 11 19 15 20 11 21 18 14 20 15 5 23 8 24 18 25 5 26 1 27 5 28 17 29 13 30 19 31 2 34 17 35 13 36 10 37 12 38 7 39 17 40 6 32 5
23 0 12 1 12 4 14 5 14 6 2 7 13 8 19 9 6 10 1 11 20 12 15 14 4 15 14 16 6 17 17 18 7 19 17 20 17 21 18 22 8 2 4 3 8 13 3 24 19 25 16 26 7 27 10 28 1 29 11 30 12 31 2 32 20 33 11 34 2 35 14 36 8 37 4 38 11 39 13 40 19
24 0 15 1 17 2 9 3 14 4 4 5 11 6 10 8 10 9 15 10 5 11 16 12 12 13 13 15 15 16 19 17 10 19 5 21 1 22 18 23 19 7 12 14 17 20 15 25 4 26 13 27 2 28 2 29 1 30 5 31 1 33 1 34 10 35 15 36 9 37 16 38 13 40 5 32 14 39 18
25 0 18 1 3 2 8 4 19 5 3 6 8 7 20 8 14 9 13 10 3 11 10 12 11 13 14 14 2 15 8 16 8 17 10 18 18 19 11 20 12 21 5 22 5 23 16 24 4 3 16 26 7 27 1 28 9 29 8 30 7 31 13 33 14 34 1 36 6 37 6 38 19 39 2 32 16 35 19 40 15
26 0 5 1 8 2 7 3 2 4 13 5 12 6 13 7 16 8 15 9 10 10 10 11 2 12 5 13 16 14 14 15 2 17 16 18 17 19 10 20 14 21 4 22 1 23 7 24 13 25 7 16 13 27 14 28 16 29 16 30 10 31 4 32 15 33 1 34 1 35 20 36 8 37 15 38 12 39 9 40 1
27 0 5 1 14 2 19 3 6 4 3 5 18 6 5 7 19 8 15 9 6 10 8 11 12 14 6 15 3 16 5 18 13 19 14 20 3 21 13 22 5 23 10 24 2 25 1 26 14 12 7 13 8 17 15 28 18 30 15 31 20 32 4 33 8 34 17 35 9 37 18 38 6 39 5 40 3 29 7 36 16
28 0 9 1 16 2 2 3 19 4 16 5 12 6 16 7 12 8 3 9 7 10 19 11 7 12 12 13 5 14 8 15 20 16 4 17 20 18 10 20 3 21 5 22 17 23 1 24 2 25 9 26 16 27 18 19 10 30 1 32 16 33 18 34 4 35 1 36 19 38 18 39 13 40 9 29 2 31 8 37 9
29 0 12 1 18 2 9 5 8 6 20 7 2 10 11 12 14 14 1 15 14 16 20 17 3 19 1 20 9 21 9 22 13 23 11 24 1 25 8 26 16 4 10 8 9 9 9 11 1 13 7 18 6 27 7 28 2 31 5 33 16 34 5 35 17 36 10 37 4 39 6 40 6 30 6 32 10 38 6
30 1 10 2 15 3 1 4 11 5 8 6 5 7 9 8 5 9 14 11 18 12 19 13 7 15 1 16 14 17 2 18 2 19 6 20 1 21 15 22 19 23 12 24 5 25 7 26 10 27 15 28 1 0 2 10 4 29 6 31 18 32 4 33 14 34 12 35 9 36 16 38 4 39 19 40 15 37 20
31 0 11 1 19 2 15 5 17 7 2 8 11 9 6 10 8 11 12 12 2 13 17 15 19 17 11 18 8 19 19 20 17 21 12 22 2 23 2 24 1 25 13 26 4 27 20 29 5 30 18 3 19 4 8 6 18 14 17 28 8 32 17 33 12 34 19 35 7 36 9 38 2 39 12 40 20 37 18
32 0 13 1 7 2 4 3 18 4 10 6 17 7 10 8 2 9 3 11 9 12 17 13 17 14 19 15 4 16 9 17 16 18 1 19 17 20 4 21 16 23 20 26 15 27 4 28 16 30 4 31 17 5 9 10 5 22 5 24 14 25 16 29 10 33 9 34 20 35 7 36 3 37 6 38 5 39 2 40 18
33 0 19 1 14 2 3 3 11 4 13 5 9 6 18 7 20 8 4 9 20 10 10 11 6 12 13 13 18 14 4 15 2 16 10 17 8 18 3 19 15 20 9 21 1 23 11 24 1 25 14 26 1 27 8 28 18 29 16 30 14 31 12 32 9 34 1 35 18 36 7 37 12 38 14 39 18 40 5
34 0 5 1 19 2 17 4 16 5 20 6 15 7 8 8 2 9 7 10 20 12 16 13 9 16 20 17 10 18 15 19 20 20 17 21 14 22 17 23 2 24 10 25 1 26 1 27 17 28 4 29 5 30 12 31 19 32 20 33 1 11 16 14 17 15 15 35 15 36 19 38 15 39 1 40 1 37 3
35 0 17 2 13 4 17 5 10 6 2 7 15 8 19 9 20 10 4 11 2 12 19 13 19 14 10 15 11 16 8 17 16 19 9 20 12 22 13 23 14 24 15 26 20 27 9 28 1 29 17 30 9 31 7 32 7 33 18 34 15 1 20 3 13 18 19 25 19 36 5 38 14 39 3 40 4 37 1
36 0 13 1 8 2 13 3 12 4 13 5 1 6 11 7 1 8 4 9 9 10 7 11 17 12 5 13 18 14 7 15 16 16 11 17 18 18 13 19 5 22 10 23 8 24 9 25 6 26 8 28 19 29 10 30 16 31 9 32 3 33 7 34 19 35 5 20 9 21 6 27 16 37 5 38 12 39 8 40 16
37 0 12 1 20 2 14 3 12 4 15 5 6 6 19 8 4 9 17 10 7 11 9 12 15 13 6 14 15 15 13 16 8 17 8 18 7 19 6 20 17 21 5 22 12 23 4 24 16 25 6 26 15 27 18 29 4 32 6 33 12 36 5 7 10 28 9 30 20 31 18 34 3 35 1 38 10 39 3 40 16
38 1 20 2 2 3 16 4 1 5 18 6 9 7 17 9 6 10 8 11 18 12 11 13 13 14 13 16 14 17 16 18 14 19 1 21 1 22 7 23 11 24 13 25 19 26 12 27 6 28 18 30 4 31 2 32 5 33 14 34 15 35 14 36 12 37 10 0 14 8 14 15 20 20 3 29 6 39 2 40 8
39 0 7 1 19 3 7 4 16 5 13 6 9 7 6 8 4 9 17 10 12 12 6 13 9 14 14 15 11 16 11 17 17 18 11 19 12 20 12 21 13 22 17 23 13 25 2 26 9 27 5 28 13 29 6 30 19 31 12 32 2 33 18 34 1 35 3 36 8 37 3 38 2 2 3 11 11 24 18 40 19
40 0 15 1 12 2 14 3 2 4 14 6 4 7 18 8 6 9 4 10 15 12 13 13 3 14 7 15 4 16 3 17 1 18 5 19 6 20 17 21 1 22 6 23 19 24 5 26 1 27 3 28 9 29 6 30 15 31 20 32 18 33 5 34 1 35 4 36 16 37 16 38 8 39 19 5 8 11 9 25 15
