49
0 18 18 30 12 40 11 42 12
1 46 4 20 13
2 20 10 21 10
3 14 11 22 16 32 3 35 11 41 3 8 12
4 37 12 38 2 29 3 43 14 46 13
5 12 19 40 16 41 12 47 20
6 19 3 43 3 7 10 24 14 28 19 48 11
7 6 10 20 20 44 9
8 3 12 34 16 43 12 47 20 42 9
9 12 11 30 5 38 14
10 11 6 31 6 45 16 48 12
11 10 6 27 7 30 11 45 11 19 2
12 5 19 9 11 18 11 22 6 31 7 37 14
13 21 5 28 17
14 3 11 20 9 23 3 33 5 35 14 45 13
15 27 10
16 32 18 43 13 48 6
17 48 14 35 6
18 0 18 12 11 23 6 37 11 31 6 33 9
19 6 3 11 2 26 15 34 20 37 6 38 18 44 20 46 4 41 11
20 2 10 7 20 14 9 1 13 25 20
21 2 10 13 5 46 15
22 3 16 12 6
23 14 3 18 6 26 19 37 17
24 6 14 30 19 46 6 26 11
25 20 20 36 12 45 10 46 19
26 19 15 23 19 24 11
27 11 7 15 10
28 6 19 13 17 34 9 43 1
29 4 3 33 18
30 0 12 9 5 11 11 24 19 41 8
31 10 6 12 7 18 6 39 1
32 3 3 16 18 38 13
33 14 5 29 18 18 9 34 7 39 1
34 8 16 19 20 28 9 33 7 41 18
35 3 11 14 14 17 6
36 25 12
37 4 12 12 14 18 11 19 6 23 17
38 4 2 9 14 19 18 32 13
39 31 1 33 1
40 0 11 5 16 46 14
41 3 3 5 12 30 8 34 18 19 11 45 10
42 0 12 8 9
43 6 3 8 12 16 13 28 1 4 14
44 7 9 19 20
45 10 16 11 11 25 10 14 13 41 10
46 1 4 19 4 21 15 24 6 25 19 40 14 4 13
47 5 20 8 20
48 16 6 17 14 6 11 10 12
