71
0 1 3 2 13 3 4 5 8 6 15 7 12 8 10 9 9 10 19 11 10 12 8 13 17 14 8 15 13 16 16 17 12 20 16 21 2 23 13 24 9 25 7 27 17 29 18 30 1 31 5 34 17 35 8 36 1 39 18 40 2 41 8 42 18 44 9 45 11 46 1 47 18 48 19 49 5 50 17 51 11 52 10 53 6 54 5 55 4 56 7 57 11 58 2 59 4 60 3 63 20 64 18 65 8 66 15 67 12 68 14 69 4 70 11 4 14 18 4 19 8 22 3 26 4 28 15 32 15 33 8 38 15 43 6 61 14
1 0 3 2 13 3 7 5 8 7 16 8 18 9 15 11 3 12 16 13 20 14 15 16 10 17 19 18 11 19 5 20 16 21 9 22 14 23 5 24 11 25 4 26 13 27 15 28 14 30 10 31 15 32 4 33 13 34 10 35 20 36 3 37 3 38 1 40 15 41 5 42 6 43 18 45 6 46 3 47 12 48 7 49 17 50 15 51 20 52 2 53 11 54 15 55 9 56 2 58 8 59 9 61 20 62 19 63 7 65 16 66 2 68 5 69 20 70 12 4 5 6 6 10 17 15 9 29 17 39 8 44 8 57 10 60 13 64 5 67 19
2 0 13 1 13 3 16 4 1 5 7 6 10 8 3 9 12 10 20 11 5 12 18 13 6 14 3 15 4 16 3 17 15 19 8 20 8 21 4 22 18 23 12 24 4 25 5 26 15 27 8 28 1 30 12 32 3 33 20 34 17 35 12 36 1 37 14 38 4 39 13 41 14 42 4 44 4 45 2 47 18 48 19 49 18 50 3 51 5 52 13 53 18 54 6 55 15 56 3 57 20 58 14 59 7 60 7 61 9 65 2 66 18 67 15 68 17 69 2 70 15 7 3 18 2 29 15 31 6 40 13 43 9 46 9 63 2
3 0 4 1 7 2 16 5 19 6 7 7 14 8 19 9 10 10 15 12 15 13 12 15 7 16 9 17 17 18 20 19 10 20 12 22 5 23 2 24 3 25 20 26 18 27 20 28 4 30 7 31 4 32 15 33 1 34 19 35 11 37 9 39 19 40 6 41 5 43 1 44 10 45 11 46 13 47 3 48 5 49 11 50 1 51 20 53 8 54 14 55 13 56 20 57 17 58 6 59 12 60 8 61 18 62 1 63 14 64 7 65 16 66 2 67 19 68 17 69 3 4 20 14 1 21 8 29 20 36 20 42 10 52 18 70 19
4 2 1 0 14 1 5 3 20 5 3 6 11 7 11 8 9 9 2 10 13 11 11 12 4 13 16 14 2 15 6 16 12 17 14 18 8 20 4 21 13 22 11 23 11 26 11 27 5 28 16 29 1 31 15 32 9 33 14 34 7 36 15 37 5 38 10 39 6 40 12 41 10 42 20 43 14 44 12 45 9 46 20 47 5 48 14 49 20 50 14 51 6 52 5 53 20 54 18 55 4 56 13 57 9 58 6 59 5 60 15 61 17 63 12 64 4 66 2 67 2 68 2 69 1 70 16 19 10 24 2 30 4 35 11 62 8 65 1
5 0 8 1 8 2 7 3 19 4 3 7 17 9 10 10 3 11 16 12 9 13 17 14 14 15 1 16 6 17 13 19 10 20 20 21 3 22 15 25 4 26 19 27 9 28 17 29 14 30 4 31 16 32 11 33 2 34 3 35 12 36 16 37 13 38 7 39 5 40 3 41 14 42 7 43 3 44 18 45 8 46 17 47 17 48 16 49 7 50 4 51 8 52 15 54 6 55 8 56 14 57 5 58 9 59 18 60 3 61 20 62 3 63 1 64 9 65 15 66 15 67 8 68 8 69 19 70 11 8 10 18 2 23 12 24 18 53 14
6 0 15 2 10 3 7 4 11 1 6 7 18 8 8 9 19 10 1 11 5 12 20 13 9 14 18 15 18 16 5 17 7 18 6 19 15 20 5 21 8 22 15 23 14 24 5 25 5 26 7 27 11 28 16 29 7 30 12 31 9 32 14 33 4 34 9 35 10 38 2 39 1 40 6 41 1 42 3 43 17 46 16 47 15 48 8 49 19 50 15 51 2 52 9 53 8 55 14 56 11 57 8 58 13 59 2 60 5 61 7 62 9 63 7 64 6 65 12 66 1 67 5 68 1 69 20 70 1 36 17 37 15 44 8 45 8 54 6
7 0 12 1 16 3 14 4 11 5 17 6 18 2 3 8 20 9 14 10 17 12 3 13 9 14 1 15 7 16 15 17 6 18 17 19 7 20 17 21 5 22 6 23 7 25 20 26 16 27 20 28 1 29 13 30 20 31 20 32 13 33 17 34 18 35 8 36 8 37 14 38 20 39 12 40 11 41 19 42 12 43 17 44 19 45 18 46 15 47 10 48 18 49 6 50 8 51 19 52 3 53 9 54 12 55 9 56 14 57 5 58 1 59 3 60 2 61 12 62 10 63 8 64 4 65 18 66 17 67 18 68 6 69 7 70 7 11 3 24 13
8 0 10 1 18 2 3 3 19 4 9 6 8 7 20 5 10 9 18 10 18 12 20 13 3 14 16 15 20 17 4 18 10 19 10 20 7 21 7 22 3 23 20 24 9 25 8 26 17 27 2 28 12 29 4 30 16 31 7 32 1 33 14 34 5 35 20 36 10 37 13 38 7 39 6 40 6 41 8 44 15 46 9 47 5 48 7 49 17 52 14 53 2 54 16 55 7 56 14 57 2 58 10 59 7 60 18 61 8 63 16 65 20 66 2 68 9 69 4 70 9 11 14 16 13 42 10 43 12 50 8 51 3 62 11 67 15
9 0 9 1 15 2 12 3 10 4 2 5 10 6 19 7 14 8 18 10 3 11 19 12 1 13 19 14 2 15 11 16 15 17 15 19 5 20 1 21 16 22 18 23 15 24 3 25 13 26 9 27 6 28 15 30 1 31 7 32 19 33 5 34 2 35 16 36 2 37 8 38 20 39 6 40 6 41 1 42 4 43 7 44 11 45 14 46 8 47 14 48 13 49 20 50 19 51 15 52 9 53 9 54 9 55 14 56 2 57 5 58 15 59 14 60 2 61 5 62 3 63 13 64 5 65 20 66 11 67 6 68 13 70 4 18 8 29 19 69 14
10 0 19 2 20 3 15 4 13 5 3 6 1 7 17 8 18 9 3 1 17 11 6 12 5 13 16 14 17 17 18 18 7 19 10 20 15 21 7 22 14 23 1 24 16 26 9 27 15 28 11 29 14 30 19 31 9 32 12 33 20 34 8 35 12 36 4 37 3 38 15 39 18 40 8 41 18 42 15 43 1 44 1 45 17 47 11 48 10 49 17 50 17 51 13 52 2 53 8 54 1 55 15 56 12 57 5 58 14 59 10 60 1 61 11 62 18 64 8 65 12 66 20 68 10 69 12 70 11 16 1 25 11 46 5 63 6 67 13
11 0 10 1 3 2 5 4 11 5 16 6 5 9 19 10 6 7 3 8 14 12 1 13 2 14 17 15 12 16 9 17 5 18 17 19 6 20 6 21 18 22 18 23 19 24 2 25 2 26 18 27 15 28 6 29 15 30 7 31 16 32 7 33 2 34 14 35 6 36 8 37 13 38 19 39 2 40 19 41 14 42 18 43 20 44 20 45 18 47 16 48 16 49 11 51 15 52 19 53 7 54 2 55 9 56 16 57 1 58 13 61 3 62 19 63 1 64 9 65 8 66 13 67 8 68 5 69 13 70 3 50 15 59 7 60 6
12 0 8 1 16 2 18 3 15 4 4 5 9 6 20 7 3 8 20 9 1 10 5 11 1 13 13 14 18 15 18 16 12 17 16 18 6 19 2 20 4 21 10 22 8 24 1 25 12 26 6 27 3 28 5 29 13 30 18 31 6 32 4 33 2 34 7 35 10 36 15 37 12 38 20 39 9 40 6 41 12 42 7 44 6 45 9 46 7 47 14 48 8 49 11 50 6 51 5 52 3 53 9 54 8 55 12 56 19 57 7 58 16 59 7 60 8 61 3 62 12 63 18 64 12 65 8 66 14 67 13 68 13 69 8 70 18 23 19 43 12
13 0 17 1 20 2 6 3 12 4 16 5 17 6 9 7 9 8 3 9 19 10 16 11 2 12 13 14 20 15 8 16 6 17 4 18 12 19 17 20 20 21 2 22 18 23 8 24 19 25 17 26 5 27 16 28 7 29 11 30 6 31 7 32 3 33 14 34 8 35 14 36 16 37 11 38 8 39 13 40 10 41 19 42 3 43 19 45 5 47 18 48 20 50 16 51 14 52 12 53 20 54 4 55 8 57 12 58 11 59 17 60 2 61 1 62 16 63 16 64 8 65 18 66 17 67 4 68 5 69 14 70 3 44 13
14 0 8 1 15 2 3 4 2 5 14 6 18 7 1 8 16 9 2 10 17 11 17 12 18 13 20 3 1 15 15 16 17 17 6 18 19 19 1 20 15 21 9 22 7 23 6 25 17 26 19 27 6 28 10 29 11 30 4 31 17 32 13 33 10 35 11 36 12 37 15 38 6 39 12 40 2 41 19 42 6 43 1 44 10 45 5 46 13 47 9 48 17 50 9 51 16 52 9 54 14 55 2 56 9 57 19 58 10 59 1 60 20 61 10 62 20 63 16 64 6 65 6 66 17 67 2 68 13 69 15 70 6 24 19 34 2 49 9 53 19
15 0 13 2 4 3 7 4 6 5 1 6 18 7 7 8 20 9 11 11 12 12 18 13 8 14 15 1 9 16 15 17 13 18 8 20 10 21 3 22 8 23 6 24 2 25 5 26 2 27 10 28 7 29 6 30 9 31 4 32 14 33 20 34 19 35 16 36 2 37 7 38 16 40 14 41 1 42 1 43 5 44 17 45 19 46 11 47 5 48 6 49 14 50 4 51 7 52 8 53 4 54 16 55 12 56 2 57 6 58 5 59 19 60 1 61 13 62 9 64 15 65 19 66 4 67 19 68 3 69 1 70 2 19 5 39 20 63 4
16 0 16 1 10 2 3 3 9 4 12 5 6 6 5 7 15 9 15 11 9 12 12 13 6 14 17 15 15 8 13 10 1 19 20 20 3 21 6 22 1 23 5 24 13 25 4 26 2 27 7 28 7 29 11 30 1 32 15 33 13 34 10 37 7 38 2 39 19 41 11 42 7 43 16 44 11 46 20 47 18 48 7 49 4 50 19 51 9 52 15 53 17 55 20 56 4 57 10 58 3 59 16 61 2 62 15 63 6 64 13 65 8 66 14 67 2 68 19 69 6 70 1 17 16 31 2 35 13 40 1 45 1 54 15 60 8
17 0 12 1 19 2 15 3 17 4 14 5 13 6 7 7 6 8 4 9 15 10 18 11 5 12 16 13 4 14 6 15 13 16 16 19 20 20 7 21 6 22 10 23 3 24 15 25 9 26 18 27 1 28 14 29 4 30 6 31 4 33 18 34 11 35 9 36 3 37 14 39 7 40 20 41 2 42 2 43 13 44 14 45 3 46 6 47 7 48 15 49 5 50 17 51 7 53 6 54 11 55 2 56 7 57 14 58 8 60 7 61 8 62 6 63 16 64 12 65 11 67 5 68 2 69 4 70 4 18 11 32 1 38 18 59 8 66 18
18 1 11 3 20 4 8 6 6 7 17 8 10 10 7 11 17 12 6 13 12 14 19 15 8 0 4 2 2 5 2 9 8 17 11 19 20 20 15 21 17 22 4 23 9 24 14 26 7 27 11 28 7 30 14 32 14 33 18 34 19 35 1 36 1 38 17 39 17 40 14 41 11 43 1 44 13 45 14 46 8 47 2 48 6 50 12 51 15 52 3 53 13 55 4 56 19 57 19 58 14 59 19 60 15 63 6 64 9 65 16 66 18 67 1 68 13 69 6 70 14 25 11 29 19 31 14 37 4 42 12 49 1 54 9 61 8 62 6
19 1 5 2 8 3 10 5 10 6 15 7 7 8 10 9 5 10 10 11 6 12 2 13 17 14 1 16 20 17 20 18 20 0 8 4 10 15 5 20 1 22 13 23 4 24 14 25 7 26 13 27 4 28 18 29 9 30 6 31 3 32 18 33 10 34 12 35 19 36 1 37 19 38 3 39 20 41 5 42 1 43 15 44 8 45 1 46 13 47 10 48 17 49 14 50 12 51 14 52 10 53 9 54 19 55 8 56 12 57 13 58 14 59 18 60 17 61 17 62 12 63 3 64 3 65 1 66 19 67 3 68 3 69 19 70 16 21 17 40 11
20 0 16 1 16 2 8 3 12 4 4 5 20 6 5 7 17 8 7 9 1 10 15 11 6 12 4 13 20 14 15 15 10 16 3 17 7 18 15 19 1 21 1 22 2 23 1 25 15 26 18 27 15 28 16 29 2 30 3 32 19 33 15 34 2 35 2 36 9 37 19 38 9 39 11 40 8 41 10 42 4 43 7 44 11 45 14 46 2 47 11 48 19 49 19 50 3 52 18 53 7 54 2 55 4 56 2 57 1 58 16 59 20 60 7 61 15 62 14 63 16 64 4 66 4 67 3 68 4 69 19 70 1 24 11 31 13 51 10 65 5
21 0 2 1 9 2 4 4 13 5 3 6 8 7 5 8 7 9 16 10 7 11 18 12 10 13 2 14 9 15 3 16 6 17 6 18 17 20 1 3 8 19 17 22 13 23 14 24 12 25 4 26 7 27 7 29 9 31 7 32 17 33 7 34 18 35 13 36 16 37 5 38 9 39 19 41 15 43 9 44 3 45 8 47 13 48 17 50 12 51 20 52 4 53 1 54 3 55 11 56 17 57 13 58 13 59 10 60 13 62 18 63 15 64 19 65 11 66 8 67 14 68 7 69 1 70 16 28 5 30 7 40 14 42 19 46 5 49 4 61 1
22 1 14 2 18 3 5 4 11 5 15 6 15 7 6 8 3 9 18 10 14 11 18 12 8 13 18 14 7 15 8 16 1 17 10 18 4 19 13 20 2 21 13 0 3 23 18 24 14 25 4 26 1 27 8 28 20 31 6 32 6 34 2 35 19 36 17 37 1 38 15 39 11 40 12 41 3 42 19 43 15 44 19 45 1 46 9 47 20 48 1 49 7 50 18 51 16 52 9 53 12 55 18 57 18 58 8 60 8 61 11 62 5 63 7 64 7 65 18 66 8 67 17 68 11 69 19 70 2 29 16 30 2 33 13 56 19 59 8
23 0 13 1 5 2 12 3 2 4 11 6 14 7 7 8 20 9 15 10 1 11 19 13 8 14 6 15 6 16 5 17 3 18 9 19 4 20 1 21 14 22 18 5 12 12 19 25 20 26 10 28 18 30 1 31 18 32 8 33 5 34 18 35 16 37 15 38 20 39 7 40 3 41 11 42 6 43 12 44 13 45 5 46 14 47 1 48 18 49 20 50 12 51 14 52 15 53 9 54 17 56 15 57 9 59 3 60 5 61 20 62 14 63 20 64 4 65 12 66 19 67 8 68 1 69 11 24 17 27 15 29 6 55 18 58 7 70 7
24 0 9 1 11 2 4 3 3 6 5 8 9 9 3 10 16 11 2 12 1 13 19 15 2 16 13 17 15 18 14 19 14 21 12 22 14 4 2 5 18 7 13 14 19 20 11 23 17 26 5 27 5 29 18 30 17 31 17 32 7 33 11 34 16 36 12 37 17 38 3 39 9 40 9 41 1 42 14 44 13 45 2 46 2 47 3 48 14 49 1 50 7 51 12 52 14 53 12 54 10 55 15 56 13 57 8 58 17 59 5 60 11 61 5 62 10 63 3 64 4 65 3 66 2 68 3 69 16 70 10 25 9 28 15 35 18 43 2 67 6
25 0 7 1 4 2 5 3 20 5 4 6 5 7 20 8 8 9 13 11 2 12 12 13 17 14 17 15 5 16 4 17 9 19 7 20 15 21 4 22 4 23 20 10 11 18 11 24 9 26 10 27 19 28 20 30 4 31 1 32 14 34 12 35 11 36 5 37 8 38 15 39 15 41 14 42 3 43 15 44 17 45 7 46 2 47 15 48 9 49 16 50 20 51 13 52 4 53 10 54 16 55 5 56 19 57 8 58 11 59 12 60 4 61 2 62 17 63 11 64 7 65 8 66 8 67 9 68 3 69 7 70 5 29 12 33 12 40 17
26 1 13 2 15 3 18 4 11 5 19 6 7 7 16 8 17 9 9 10 9 11 18 12 6 13 5 14 19 15 2 16 2 17 18 18 7 19 13 20 18 21 7 22 1 23 10 24 5 25 10 0 4 27 2 28 19 29 15 31 2 32 2 33 12 34 10 35 10 36 12 37 9 38 8 39 13 40 20 41 15 42 3 45 1 46 4 47 14 48 10 49 14 50 18 51 14 52 1 53 12 54 11 55 16 57 20 58 19 59 14 61 19 62 10 63 18 64 6 65 10 67 19 68 9 69 5 70 12 30 6 43 14 44 4 60 2 66 18
27 0 17 1 15 2 8 3 20 4 5 5 9 6 11 7 20 8 2 9 6 10 15 11 15 12 3 13 16 14 6 15 10 16 7 17 1 18 11 19 4 20 15 21 7 22 8 24 5 25 19 26 2 23 15 28 6 29 18 31 16 32 13 33 16 34 15 35 4 36 20 37 19 38 10 40 12 41 8 43 2 44 19 45 20 46 20 47 14 48 6 49 12 50 20 51 3 52 14 53 13 54 8 55 13 56 7 57 17 58 9 59 16 60 6 61 20 62 12 63 9 64 20 65 20 67 16 68 1 69 17 70 1 30 11 39 6 42 10 66 4
28 1 14 2 1 3 4 4 16 5 17 6 16 7 1 8 12 9 15 10 11 11 6 12 5 13 7 14 10 15 7 16 7 17 14 18 7 19 18 20 16 22 20 23 18 25 20 26 19 27 6 0 15 21 5 24 15 29 5 30 11 31 2 32 17 33 17 34 17 35 5 36 14 37 9 38 1 39 4 40 7 41 20 42 4 43 8 44 9 45 2 46 6 47 8 48 9 49 18 50 7 51 7 52 11 53 10 54 6 55 19 57 17 58 1 59 14 60 13 62 3 63 1 65 5 66 1 67 19 68 13 69 17 70 14 56 14 61 12 64 8
29 0 18 4 1 5 14 6 7 7 13 8 4 10 14 11 15 12 13 13 11 14 11 15 6 16 11 17 4 19 9 20 2 21 9 24 18 26 15 27 18 28 5 1 17 2 15 3 20 9 19 18 19 22 16 23 6 25 12 30 16 31 7 32 10 33 16 34 12 35 4 36 12 37 17 38 6 39 19 40 10 42 3 43 12 44 9 45 9 46 11 47 6 48 17 50 18 51 19 52 5 53 5 56 4 57 15 59 12 60 9 61 8 62 2 63 11 64 8 65 19 69 4 70 4 41 9 49 1 54 12 58 5 66 14 67 16 68 9
30 0 1 1 10 2 12 3 7 5 4 6 12 7 20 8 16 9 1 10 19 11 7 12 18 13 6 14 4 15 9 16 1 17 6 18 14 19 6 20 3 23 1 24 17 25 4 28 11 29 16 4 4 21 7 22 2 26 6 27 11 31 13 32 2 34 1 35 20 36 2 37 9 38 1 40 20 41 4 43 7 44 3 45 18 46 11 47 6 48 4 49 2 50 1 51 18 52 2 53 17 54 4 55 9 56 14 57 15 58 1 59 4 61 3 62 13 63 13 65 18 66 15 67 10 69 12 70 15 33 8 39 18 42 19 60 2 64 18 68 12
31 0 5 1 15 3 4 4 15 5 16 6 9 7 20 8 7 9 7 10 9 11 16 12 6 13 7 14 17 15 4 17 4 19 3 21 7 22 6 23 18 24 17 25 1 26 2 27 16 28 2 29 7 30 13 2 6 16 2 18 14 20 13 33 10 34 5 35 5 36 20 37 4 38 11 39 12 41 6 42 13 44 10 45 1 46 18 47 7 48 16 49 17 50 2 51 19 53 18 54 20 55 7 56 15 57 16 58 14 59 2 60 4 61 14 64 2 65 18 66 3 67 5 68 10 69 15 70 13 32 20 40 13 43 20 52 6 62 1 63 4
32 1 4 2 3 3 15 4 9 5 11 6 14 7 13 8 1 9 19 10 12 11 7 12 4 13 3 14 13 15 14 16 15 18 14 19 18 20 19 21 17 22 6 23 8 24 7 25 14 26 2 27 13 28 17 29 10 30 2 0 15 17 1 31 20 33 6 34 13 35 1 36 15 37 14 39 20 40 11 41 13 42 20 43 8 44 8 45 7 47 17 48 8 49 5 50 9 51 7 52 14 53 11 55 3 56 3 57 4 58 20 59 2 60 13 61 10 62 18 63 12 64 7 65 2 66 19 67 11 68 9 70 14 38 14 46 18 54 5 69 18
33 1 13 2 20 3 1 4 14 5 2 6 4 7 17 8 14 9 5 10 20 11 2 12 2 13 14 14 10 15 20 16 13 17 18 18 18 19 10 20 15 21 7 23 5 24 11 26 12 27 16 28 17 29 16 31 10 32 6 0 8 22 13 25 12 30 8 34 1 37 20 38 4 39 19 40 7 41 16 42 12 43 19 44 17 45 3 47 19 49 20 50 20 51 15 52 4 53 12 54 1 55 8 56 4 57 14 59 6 60 7 61 8 62 2 63 17 65 20 66 10 67 12 68 9 69 11 70 2 35 10 36 8 46 7 48 2 58 12 64 9
34 0 17 1 10 2 17 3 19 4 7 5 3 6 9 7 18 8 5 9 2 10 8 11 14 12 7 13 8 15 19 16 10 17 11 18 19 19 12 20 2 21 18 22 2 23 18 24 16 25 12 26 10 27 15 28 17 29 12 30 1 31 5 32 13 33 1 14 2 35 5 36 19 37 17 38 5 39 15 40 9 41 7 42 20 43 18 44 2 45 12 47 7 49 8 50 10 52 12 53 2 54 7 55 13 56 15 57 20 58 5 59 15 60 20 63 17 64 5 65 5 66 2 67 9 68 10 69 3 70 8 46 10 48 14 61 2 62 4
35 0 8 1 20 2 12 3 11 5 12 6 10 7 8 8 20 9 16 10 12 11 6 12 10 13 14 14 11 15 16 17 9 18 1 19 19 20 2 21 13 22 19 23 16 25 11 26 10 27 4 28 5 29 4 30 20 31 5 32 1 34 5 4 11 16 13 24 18 33 10 36 5 37 20 38 2 39 9 40 11 41 14 43 19 44 3 45 18 46 3 48 11 49 13 50 10 51 15 53 14 54 7 56 6 57 14 58 4 59 2 60 8 61 11 62 8 64 9 65 18 67 12 68 3 69 11 70 17 42 12 47 1 52 6 55 17 63 2 66 19
36 0 1 1 3 2 1 4 15 5 16 7 8 8 10 9 2 10 4 11 8 12 15 13 16 14 12 15 2 17 3 18 1 19 1 20 9 21 16 22 17 24 12 25 5 26 12 27 20 28 14 29 12 30 2 31 20 32 15 34 19 35 5 3 20 6 17 33 8 37 10 38 4 40 9 42 19 43 20 44 17 45 8 46 17 47 12 48 11 49 7 50 2 51 1 52 12 53 7 54 13 55 14 56 17 57 11 58 16 59 19 60 2 61 18 62 1 64 19 65 8 66 6 67 16 68 14 70 5 41 17 63 10 69 15
37 1 3 2 14 3 9 4 5 5 13 7 14 8 13 9 8 10 3 11 13 12 12 13 11 14 15 15 7 16 7 17 14 19 19 20 19 21 5 22 1 23 15 24 17 25 8 26 9 27 19 28 9 29 17 30 9 31 4 32 14 33 20 34 17 35 20 36 10 6 15 18 4 38 5 39 3 40 12 41 18 42 10 43 11 44 3 45 20 46 8 47 19 48 13 49 6 50 14 51 2 52 14 53 10 54 4 55 14 56 11 57 9 58 16 59 7 60 19 61 17 62 4 63 16 64 16 65 13 66 17 67 14 68 15 69 4 70 13
38 1 1 2 4 4 10 5 7 6 2 7 20 8 7 9 20 10 15 11 19 12 20 13 8 14 6 15 16 16 2 18 17 19 3 20 9 21 9 22 15 23 20 24 3 25 15 26 8 27 10 28 1 29 6 30 1 31 11 33 4 34 5 35 2 36 4 37 5 0 15 17 18 32 14 39 8 40 19 41 8 42 18 43 11 44 13 45 9 46 20 47 16 48 4 49 1 50 14 51 5 52 8 53 11 54 6 55 14 56 15 57 5 58 3 59 9 60 7 61 6 62 18 63 2 65 13 67 14 68 18 69 3 70 10 66 1
39 0 18 2 13 3 19 4 6 5 5 6 1 7 12 8 6 9 6 10 18 11 2 12 9 13 13 14 12 16 19 17 7 18 17 19 20 20 11 21 19 22 11 23 7 24 9 25 15 26 13 28 4 29 19 31 12 32 20 33 19 34 15 35 9 37 3 38 8 1 8 15 20 27 6 30 18 40 15 41 12 42 15 43 1 44 13 46 15 47 18 49 5 50 14 51 16 52 13 53 11 54 16 55 5 56 10 57 15 58 14 59 20 61 19 63 20 65 20 66 8 67 11 68 17 70 18 45 17 48 6 60 10 62 6 64 9 69 4
40 0 2 1 15 3 6 4 12 5 3 6 6 7 11 8 6 9 6 10 8 11 19 12 6 13 10 14 2 15 14 17 20 18 14 20 8 22 12 23 3 24 9 26 20 27 12 28 7 29 10 30 20 32 11 33 7 34 9 35 11 36 9 37 12 38 19 39 15 2 13 16 1 19 11 21 14 25 17 31 13 41 18 43 2 44 19 45 16 46 11 47 3 48 12 49 2 50 4 52 5 53 9 55 10 56 9 58 6 59 11 60 8 62 13 63 12 64 16 65 5 66 5 67 4 68 6 69 16 70 4 42 17 54 4 57 15 61 3
41 0 8 1 5 2 14 3 5 4 10 5 14 6 1 7 19 8 8 9 1 10 18 11 14 12 12 13 19 14 19 15 1 16 11 17 2 18 11 19 5 20 10 21 15 22 3 23 11 24 1 25 14 26 15 27 8 28 20 30 4 31 6 32 13 33 16 34 7 35 14 37 18 38 8 39 12 40 18 29 9 36 17 43 5 44 11 45 16 47 6 49 9 50 8 51 13 52 10 53 3 55 18 56 3 59 14 61 11 62 1 64 12 65 14 66 9 67 8 68 18 69 1 70 18 42 16 46 17 48 9 54 5 57 16 58 4 60 13 63 9
42 0 18 1 6 2 4 4 20 5 7 6 3 7 12 9 4 10 15 11 18 12 7 13 3 14 6 15 1 16 7 17 2 19 1 20 4 22 19 23 6 24 14 25 3 26 3 28 4 29 3 31 13 32 20 33 12 34 20 36 19 37 10 38 18 39 15 3 10 8 10 18 12 21 19 27 10 30 19 35 12 40 17 41 16 43 14 44 4 45 20 46 2 47 2 48 3 49 7 50 18 51 15 53 9 55 7 56 18 57 3 58 17 59 19 60 1 62 9 63 2 64 14 65 18 66 17 67 2 68 14 69 4 52 9 61 11 70 20
43 1 18 3 1 4 14 5 3 6 17 7 17 9 7 10 1 11 20 13 19 14 1 15 5 16 16 17 13 18 1 19 15 20 7 21 9 22 15 23 12 25 15 27 2 28 8 29 12 30 7 32 8 33 19 34 18 35 19 36 20 37 11 38 11 39 1 40 2 41 5 42 14 0 6 2 9 8 12 12 12 24 2 26 14 31 20 44 17 45 6 46 3 48 14 49 8 50 2 51 4 52 20 53 8 54 8 55 14 57 6 58 8 59 1 61 7 62 4 63 20 64 19 65 13 68 16 69 3 70 13 47 5 56 7 60 18 66 16 67 6
44 0 9 2 4 3 10 4 12 5 18 7 19 8 15 9 11 10 1 11 20 12 6 14 10 15 17 16 11 17 14 18 13 19 8 20 11 21 3 22 19 23 13 24 13 25 17 27 19 28 9 29 9 30 3 31 10 32 8 33 17 34 2 35 3 36 17 37 3 38 13 39 13 40 19 41 11 42 4 43 17 1 8 6 8 13 13 26 4 45 12 46 6 47 9 48 14 49 6 50 2 51 6 52 14 53 15 54 9 55 19 56 8 57 9 58 11 59 1 60 7 61 1 62 7 63 15 64 2 65 10 66 14 67 7 69 11 70 13 68 5
45 0 11 1 6 2 2 3 11 4 9 5 8 7 18 9 14 10 17 11 18 12 9 13 5 14 5 15 19 17 3 18 14 19 1 20 14 21 8 22 1 23 5 24 2 25 7 26 1 27 20 28 2 29 9 30 18 31 1 32 7 33 3 34 12 35 18 36 8 37 20 38 9 40 16 41 16 42 20 43 6 44 12 6 8 16 1 39 17 46 1 47 10 48 10 50 14 51 19 52 6 53 3 54 8 55 20 56 19 57 10 59 8 60 20 61 19 62 9 63 2 64 10 65 11 66 13 67 2 68 20 69 20 70 4 49 11
46 0 1 1 3 3 13 4 20 5 17 6 16 7 15 8 9 9 8 12 7 14 13 15 11 16 20 17 6 18 8 19 13 20 2 22 9 23 14 24 2 25 2 26 4 27 20 28 6 29 11 30 11 31 18 35 3 36 17 37 8 38 20 39 15 40 11 42 2 43 3 44 6 45 1 2 9 10 5 21 5 32 18 33 7 34 10 41 17 47 4 48 13 49 15 50 5 51 6 52 18 53 8 54 6 55 15 56 11 57 13 58 17 59 8 60 4 61 6 62 10 63 1 64 16 65 12 66 9 67 2 69 4 70 15
47 0 18 1 12 2 18 3 3 4 5 5 17 6 15 7 10 8 5 9 14 10 11 11 16 12 14 13 18 14 9 15 5 16 18 17 7 18 2 19 10 20 11 21 13 22 20 23 1 24 3 25 15 26 14 27 14 28 8 29 6 30 6 31 7 32 17 33 19 34 7 36 12 37 19 38 16 39 18 40 3 41 6 42 2 44 9 45 10 46 4 35 1 43 5 48 9 49 1 50 18 52 9 53 2 54 8 55 1 56 14 57 10 59 20 60 4 61 7 62 11 63 6 64 6 65 12 66 8 67 12 51 14 68 18 69 16 70 1
48 0 19 1 7 2 19 3 5 4 14 5 16 6 8 7 18 8 7 9 13 10 10 11 16 12 8 13 20 14 17 15 6 16 7 17 15 18 6 19 17 20 19 21 17 22 1 23 18 24 14 25 9 26 10 27 6 28 9 29 17 30 4 31 16 32 8 35 11 36 11 37 13 38 4 40 12 42 3 43 14 44 14 45 10 46 13 47 9 33 2 34 14 39 6 41 9 49 3 50 3 51 7 52 15 53 15 54 4 55 2 56 20 57 19 58 8 59 6 60 19 61 14 62 15 64 14 65 4 66 9 67 3 68 6 69 13 70 4 63 2
49 0 5 1 17 2 18 3 11 4 20 5 7 6 19 7 6 8 17 9 20 10 17 11 11 12 11 15 14 16 4 17 5 19 14 20 19 22 7 23 20 24 1 25 16 26 14 27 12 28 18 30 2 31 17 32 5 33 20 34 8 35 13 36 7 37 6 38 1 39 5 40 2 41 9 42 7 43 8 44 6 46 15 47 1 48 3 14 9 18 1 21 4 29 1 45 11 51 10 52 20 53 7 54 15 55 19 56 16 57 18 58 16 60 13 61 2 62 20 63 20 64 6 65 10 66 11 67 13 68 10 69 20 50 8 59 17 70 17
50 0 17 1 15 2 3 3 1 4 14 5 4 6 15 7 8 9 19 10 17 12 6 13 16 14 9 15 4 16 19 17 17 18 12 19 12 20 3 21 12 22 18 23 12 24 7 25 20 26 18 27 20 28 7 29 18 30 1 31 2 32 9 33 20 34 10 35 10 36 2 37 14 38 14 39 14 40 4 41 8 42 18 43 2 44 2 45 14 46 5 47 18 48 3 8 8 11 15 49 8 51 19 52 13 53 19 54 2 55 16 56 1 57 19 58 8 59 13 60 5 61 12 62 13 63 1 64 1 65 13 66 11 67 9 68 11 69 10 70 16
51 0 11 1 20 2 5 3 20 4 6 5 8 6 2 7 19 9 15 10 13 11 15 12 5 13 14 14 16 15 7 16 9 17 7 18 15 19 14 21 20 22 16 23 14 24 12 25 13 26 14 27 3 28 7 29 19 30 18 31 19 32 7 33 15 35 15 36 1 37 2 38 5 39 16 41 13 42 15 43 4 44 6 45 19 46 6 48 7 49 10 50 19 8 3 20 10 47 14 52 11 53 17 54 11 55 14 56 7 58 12 60 18 61 17 62 8 63 11 64 5 65 17 66 5 67 17 68 3 70 10 57 10 59 17
52 0 10 1 2 2 13 4 5 5 15 6 9 7 3 8 14 9 9 10 2 11 19 12 3 13 12 14 9 15 8 16 15 18 3 19 10 20 18 21 4 22 9 23 15 24 14 25 4 26 1 27 14 28 11 29 5 30 2 32 14 33 4 34 12 36 12 37 14 38 8 39 13 40 5 41 10 43 20 44 14 45 6 46 18 47 9 48 15 49 20 50 13 51 11 3 18 31 6 35 6 42 9 54 3 55 13 56 19 57 5 58 10 59 6 60 9 61 14 62 14 63 14 64 10 65 20 66 12 67 12 68 2 69 15
53 0 6 1 11 2 18 3 8 4 20 6 8 7 9 8 2 9 9 10 8 11 7 12 9 13 20 15 4 16 17 17 6 18 13 19 9 20 7 21 1 22 12 23 9 24 12 25 10 26 12 27 13 28 10 29 5 30 17 31 18 32 11 33 12 34 2 35 14 36 7 37 10 38 11 39 11 40 9 41 3 42 9 43 8 44 15 45 3 46 8 47 2 48 15 49 7 50 19 51 17 5 14 14 19 54 4 55 19 56 11 57 4 58 16 59 8 60 13 62 16 63 20 64 19 65 9 67 10 69 4 70 14 66 14 68 12
54 0 5 1 15 2 6 3 14 4 18 5 6 7 12 8 16 9 9 10 1 11 2 12 8 13 4 14 14 15 16 17 11 19 19 20 2 21 3 23 17 24 10 25 16 26 11 27 8 28 6 30 4 31 20 33 1 34 7 35 7 36 13 37 4 38 6 39 16 43 8 44 9 45 8 46 6 47 8 48 4 49 15 50 2 51 11 52 3 53 4 6 6 16 15 18 9 29 12 32 5 40 4 41 5 55 20 57 6 58 7 59 9 60 3 61 14 62 11 63 15 64 17 66 4 67 15 68 1 69 3 70 11 65 16
55 0 4 1 9 2 15 3 13 4 4 5 8 6 14 7 9 8 7 9 14 10 15 11 9 12 12 13 8 14 2 15 12 16 20 17 2 18 4 19 8 20 4 21 11 22 18 24 15 25 5 26 16 27 13 28 19 30 9 31 7 32 3 33 8 34 13 36 14 37 14 38 14 39 5 40 10 41 18 42 7 43 14 44 19 45 20 46 15 47 1 48 2 49 19 50 16 51 14 52 13 53 19 54 20 23 18 35 17 56 13 57 18 58 18 59 15 60 19 61 2 62 12 63 19 64 2 65 7 66 1 67 19 69 2 70 8 68 3
56 0 7 1 2 2 3 3 20 4 13 5 14 6 11 7 14 8 14 9 2 10 12 11 16 12 19 14 9 15 2 16 4 17 7 18 19 19 12 20 2 21 17 23 15 24 13 25 19 27 7 29 4 30 14 31 15 32 3 33 4 34 15 35 6 36 17 37 11 38 15 39 10 40 9 41 3 42 18 44 8 45 19 46 11 47 14 48 20 49 16 50 1 51 7 52 19 53 11 55 13 22 19 28 14 43 7 57 1 58 9 59 3 60 1 61 2 62 1 64 18 65 14 66 16 67 7 69 15 70 19 63 8 68 16
57 0 11 2 20 3 17 4 9 5 5 6 8 7 5 8 2 9 5 10 5 11 1 12 7 13 12 14 19 15 6 16 10 17 14 18 19 19 13 20 1 21 13 22 18 23 9 24 8 25 8 26 20 27 17 28 17 29 15 30 15 31 16 32 4 33 14 34 20 35 14 36 11 37 9 38 5 39 15 42 3 43 6 44 9 45 10 46 13 47 10 48 19 49 18 50 19 52 5 53 4 54 6 55 18 56 1 1 10 40 15 41 16 51 10 58 17 59 19 60 1 61 8 62 5 63 18 64 19 65 18 66 3 67 10 68 4 69 4 70 6
58 0 2 1 8 2 14 3 6 4 6 5 9 6 13 7 1 8 10 9 15 10 14 11 13 12 16 13 11 14 10 15 5 16 3 17 8 18 14 19 14 20 16 21 13 22 8 24 17 25 11 26 19 27 9 28 1 30 1 31 14 32 20 34 5 35 4 36 16 37 16 38 3 39 14 40 6 42 17 43 8 44 11 46 17 48 8 49 16 50 8 51 12 52 10 53 16 54 7 55 18 56 9 57 17 23 7 29 5 33 12 41 4 59 1 60 6 61 4 62 12 63 8 64 18 65 15 66 12 67 15 70 2 68 15 69 8
59 0 4 1 9 2 7 3 12 4 5 5 18 6 2 7 3 8 7 9 14 10 10 12 7 13 17 14 1 15 19 16 16 18 19 19 18 20 20 21 10 23 3 24 5 25 12 26 14 27 16 28 14 29 12 30 4 31 2 32 2 33 6 34 15 35 2 36 19 37 7 38 9 39 20 40 11 41 14 42 19 43 1 44 1 45 8 46 8 47 20 48 6 50 13 52 6 53 8 54 9 55 15 56 3 57 19 58 1 11 7 17 8 22 8 49 17 51 17 60 15 62 11 63 14 65 11 66 9 67 19 68 12 69 7 70 17 61 18 64 3
60 0 3 2 7 3 8 4 15 5 3 6 5 7 2 8 18 9 2 10 1 12 8 13 2 14 20 15 1 17 7 18 15 19 17 20 7 21 13 22 8 23 5 24 11 25 4 27 6 28 13 29 9 31 4 32 13 33 7 34 20 35 8 36 2 37 19 38 7 40 8 42 1 44 7 45 20 46 4 47 4 48 19 49 13 50 5 51 18 52 9 53 13 54 3 55 19 56 1 57 1 58 6 59 15 1 13 11 6 16 8 26 2 30 2 39 10 41 13 43 18 61 19 62 20 63 10 65 8 67 17 69 11 70 17 64 11 66 10 68 12
61 1 20 2 9 3 18 4 17 5 20 6 7 7 12 8 8 9 5 10 11 11 3 12 3 13 1 14 10 15 13 16 2 17 8 19 17 20 15 22 11 23 20 24 5 25 2 26 19 27 20 29 8 30 3 31 14 32 10 33 8 35 11 36 18 37 17 38 6 39 19 41 11 43 7 44 1 45 19 46 6 47 7 48 14 49 2 50 12 51 17 52 14 54 14 55 2 56 2 57 8 58 4 60 19 0 14 18 8 21 1 28 12 34 2 40 3 42 11 59 18 62 18 63 15 64 19 65 10 66 20 67 4 68 7 69 16 70 9
62 1 19 3 1 5 3 6 9 7 10 9 3 10 18 11 19 12 12 13 16 14 20 15 9 16 15 17 6 19 12 20 14 21 18 22 5 23 14 24 10 25 17 26 10 27 12 28 3 29 2 30 13 32 18 33 2 35 8 36 1 37 4 38 18 40 13 41 1 42 9 43 4 44 7 45 9 46 10 47 11 48 15 49 20 50 13 51 8 52 14 53 16 54 11 55 12 56 1 57 5 58 12 59 11 60 20 61 18 4 8 8 11 18 6 31 1 34 4 39 6 63 6 65 7 66 11 67 6 70 18 64 6 68 13 69 19
63 0 20 1 7 3 14 4 12 5 1 6 7 7 8 8 16 9 13 11 1 12 18 13 16 14 16 16 6 17 16 18 6 19 3 20 16 21 15 22 7 23 20 24 3 25 11 26 18 27 9 28 1 29 11 30 13 32 12 33 17 34 17 37 16 38 2 39 20 40 12 42 2 43 20 44 15 45 2 46 1 47 6 49 20 50 1 51 11 52 14 53 20 54 15 55 19 57 18 58 8 59 14 60 10 61 15 62 6 2 2 10 6 15 4 31 4 35 2 36 10 41 9 48 2 56 8 64 5 65 15 66 14 68 11 69 1 70 17 67 1
64 0 18 3 7 4 4 5 9 6 6 7 4 9 5 10 8 11 9 12 12 13 8 14 6 15 15 16 13 17 12 18 9 19 3 20 4 21 19 22 7 23 4 24 4 25 7 26 6 27 20 29 8 31 2 32 7 34 5 35 9 36 19 37 16 40 16 41 12 42 14 43 19 44 2 45 10 46 16 47 6 48 14 49 6 50 1 51 5 52 10 53 19 54 17 55 2 56 18 57 19 58 18 61 19 63 5 1 5 28 8 30 18 33 9 39 9 59 3 60 11 62 6 65 13 67 8 68 18 69 8 70 20 66 14
65 0 8 1 16 2 2 3 16 5 15 6 12 7 18 8 20 9 20 10 12 11 8 12 8 13 18 14 6 15 19 16 8 17 11 18 16 19 1 21 11 22 18 23 12 24 3 25 8 26 10 27 20 28 5 29 19 30 18 31 18 32 2 33 20 34 5 35 18 36 8 37 13 38 13 39 20 40 5 41 14 42 18 43 13 44 10 45 11 46 12 47 12 48 4 49 10 50 13 51 17 52 20 53 9 55 7 56 14 57 18 58 15 59 11 60 8 61 10 62 7 63 15 64 13 4 1 20 5 54 16 66 10 67 11 68 17 69 19 70 13
66 0 15 1 2 2 18 3 2 4 2 5 15 6 1 7 17 8 2 9 11 10 20 11 13 12 14 13 17 14 17 15 4 16 14 18 18 19 19 20 4 21 8 22 8 23 19 24 2 25 8 28 1 30 15 31 3 32 19 33 10 34 2 36 6 37 17 39 8 40 5 41 9 42 17 44 14 45 13 46 9 47 8 48 9 49 11 50 11 51 5 52 12 54 4 55 1 56 16 57 3 58 12 59 9 61 20 62 11 63 14 65 10 17 18 26 18 27 4 29 14 35 19 38 1 43 16 53 14 60 10 64 14 67 17 68 5 69 3 70 3
67 0 12 2 15 3 19 4 2 5 8 6 5 7 18 9 6 11 8 12 13 13 4 14 2 15 19 16 2 17 5 18 1 19 3 20 3 21 14 22 17 23 8 25 9 26 19 27 16 28 19 30 10 31 5 32 11 33 12 34 9 35 12 36 16 37 14 38 14 39 11 40 4 41 8 42 2 44 7 45 2 46 2 47 12 48 3 49 13 50 9 51 17 52 12 53 10 54 15 55 19 56 7 57 10 58 15 59 19 60 17 61 4 62 6 64 8 65 11 66 17 1 19 8 15 10 13 24 6 29 16 43 6 63 1 68 11 69 17 70 18
68 0 14 1 5 2 17 3 17 4 2 5 8 6 1 7 6 8 9 9 13 10 10 11 5 12 13 13 5 14 13 15 3 16 19 17 2 18 13 19 3 20 4 21 7 22 11 23 1 24 3 25 3 26 9 27 1 28 13 31 10 32 9 33 9 34 10 35 3 36 14 37 15 38 18 39 17 40 6 41 18 42 14 43 16 45 20 48 6 49 10 50 11 51 3 52 2 54 1 57 4 59 12 61 7 63 11 64 18 65 17 66 5 67 11 29 9 30 12 44 5 47 18 53 12 55 3 56 16 58 15 60 12 62 13 69 10 70 13
69 0 4 1 20 2 2 3 3 4 1 5 19 6 20 7 7 8 4 10 12 11 13 12 8 13 14 14 15 15 1 16 6 17 4 18 6 19 19 20 19 21 1 22 19 23 11 24 16 25 7 26 5 27 17 28 17 29 4 30 12 31 15 33 11 34 3 35 11 37 4 38 3 40 16 41 1 42 4 43 3 44 11 45 20 46 4 48 13 49 20 50 10 52 15 53 4 54 3 55 2 56 15 57 4 59 7 60 11 61 16 63 1 64 8 65 19 66 3 67 17 68 10 9 14 32 18 36 15 39 4 47 16 58 8 62 19 70 6
70 0 11 1 12 2 15 4 16 5 11 6 1 7 7 8 9 9 4 10 11 11 3 12 18 13 3 14 6 15 2 16 1 17 4 18 14 19 16 20 1 21 16 22 2 24 10 25 5 26 12 27 1 28 14 29 4 30 15 31 13 32 14 33 2 34 8 35 17 36 5 37 13 38 10 39 18 40 4 41 18 43 13 44 13 45 4 46 15 48 4 50 16 51 10 53 14 54 11 55 8 56 19 57 6 58 2 59 17 60 17 61 9 62 18 63 17 64 20 65 13 66 3 67 18 68 13 69 6 3 19 23 7 42 20 47 1 49 17
