83
0 1 1 2 5 3 5 4 14 6 19 7 10 8 14 10 10 11 1 12 5 13 13 15 5 16 1 17 5 18 11 19 18 20 2 21 17 22 16 23 6 24 11 25 1 26 4 28 6 29 3 30 20 31 17 33 17 34 5 37 3 39 8 40 3 41 7 42 19 43 1 45 20 46 12 47 8 48 20 49 10 50 2 52 2 53 5 54 12 55 8 56 1 57 9 58 5 59 3 60 11 61 3 62 18 63 20 64 14 65 15 66 20 67 6 68 12 69 3 70 4 71 4 72 11 73 12 74 14 75 20 76 1 77 6 78 5 79 10 80 17 81 6 82 12 5 3 9 11 14 18 27 3 32 3 35 4 36 18 38 13 44 5 51 17
1 0 1 2 8 3 9 4 1 5 14 6 1 7 14 8 17 9 2 10 17 11 10 12 11 13 8 14 11 15 8 16 2 17 3 18 13 19 16 20 12 21 4 22 17 23 20 24 20 25 10 26 6 27 14 28 9 29 11 31 7 32 11 33 14 34 12 35 14 36 19 37 20 38 6 39 17 40 11 42 19 43 10 44 9 45 13 46 4 47 2 48 17 49 14 50 18 51 1 52 1 53 10 54 8 55 10 56 10 57 3 58 16 59 9 60 17 61 13 62 12 63 14 64 18 65 5 66 7 67 9 68 2 69 6 71 18 72 11 73 19 74 13 75 16 76 8 77 20 78 3 79 1 80 6 81 6 82 6 30 16 41 6 70 4
2 0 5 1 8 3 13 4 8 5 8 6 3 8 20 9 14 10 7 11 20 12 7 13 5 15 13 16 9 17 7 18 18 19 4 20 13 21 1 23 8 24 4 25 3 26 4 27 4 28 2 29 17 30 15 31 14 32 11 33 8 34 2 35 9 36 16 37 11 38 5 39 18 40 12 41 8 42 16 44 6 47 8 48 19 49 12 50 17 51 17 52 5 53 3 55 19 56 9 57 16 58 6 59 4 60 7 61 1 62 11 63 17 64 14 65 14 67 12 68 1 69 15 71 7 72 13 73 1 74 14 75 3 76 5 77 2 79 12 80 4 81 13 82 13 7 8 14 6 22 12 43 19 45 20 46 7 54 7 70 11 78 20
3 0 5 1 9 2 13 4 16 5 6 6 4 7 12 8 17 9 3 10 6 11 7 12 1 13 3 14 8 17 13 18 1 19 3 20 4 21 15 22 19 23 16 24 20 25 11 26 9 27 4 28 3 29 2 30 12 31 3 32 5 33 3 34 3 35 20 36 5 37 9 38 8 40 5 41 13 42 13 43 17 44 3 48 8 49 1 50 3 51 5 52 1 53 8 54 7 55 7 56 1 58 13 59 20 60 18 61 19 62 18 63 2 64 19 65 6 66 4 67 16 68 12 69 19 70 7 71 20 72 11 73 10 75 2 76 10 77 3 78 7 79 3 80 15 81 1 82 4 15 13 16 2 39 18 45 10 46 19 47 13 57 20 74 3
4 0 14 1 1 2 8 3 16 5 3 6 14 7 3 8 7 9 20 10 17 11 10 12 17 14 4 15 5 16 17 17 15 18 4 19 13 20 4 21 17 22 14 23 5 24 12 25 3 26 1 27 2 28 17 29 5 30 7 31 20 32 10 33 5 34 19 35 13 36 17 37 8 38 4 39 10 40 1 41 2 42 9 44 9 45 7 46 15 47 18 48 13 49 17 50 14 51 8 52 20 54 15 56 13 57 9 58 5 59 8 61 10 62 12 63 9 64 3 65 11 66 10 67 10 68 3 69 12 70 6 71 1 72 17 73 14 75 3 76 16 77 4 78 20 80 14 81 7 13 8 43 11 53 11 55 18 74 3 79 11
5 1 14 2 8 3 6 4 3 0 3 6 10 7 15 8 18 9 18 10 10 11 14 12 15 13 7 14 7 15 5 16 14 17 3 19 10 20 13 21 8 22 1 24 4 25 15 27 14 28 20 29 20 31 18 32 10 33 19 34 17 35 3 36 4 37 12 38 13 39 16 40 2 41 13 42 3 43 15 44 9 45 13 46 15 47 2 48 15 49 14 50 6 51 10 52 7 53 7 54 7 56 20 58 16 59 16 60 8 61 18 62 2 63 1 64 20 65 12 66 10 68 11 69 4 70 6 71 7 72 3 73 9 74 1 76 19 77 5 78 13 79 18 80 2 81 19 82 17 18 1 23 20 26 10 30 8 55 13 57 19 67 13 75 1
6 0 19 1 1 2 3 3 4 4 14 5 10 7 15 8 17 10 5 11 19 12 3 13 7 14 8 15 15 16 9 18 18 19 18 20 5 21 2 22 18 23 5 24 14 26 4 27 15 28 15 29 12 30 12 31 4 32 9 34 2 35 17 36 14 37 8 38 1 39 9 40 12 42 20 43 6 44 19 45 8 46 16 48 6 51 9 52 15 53 10 54 10 55 19 56 1 57 20 59 15 60 2 61 5 62 13 63 2 64 18 65 10 68 5 69 5 70 11 71 2 72 13 73 12 75 15 76 9 77 14 78 1 79 3 80 9 81 3 82 15 9 18 17 12 25 14 33 6 41 18 47 2 49 14 58 9 66 13 67 2 74 18
7 0 10 1 14 3 12 4 3 5 15 6 15 2 8 8 9 9 6 10 9 11 19 12 5 13 3 14 19 15 15 16 17 17 1 18 6 19 15 20 14 21 1 23 10 25 16 26 20 28 19 29 19 30 6 31 1 32 20 33 8 35 4 36 14 37 1 38 18 39 1 41 20 42 16 43 17 44 10 45 20 46 3 48 12 49 1 50 18 51 6 52 16 54 7 55 4 56 6 57 4 58 13 59 20 60 7 61 12 62 17 64 7 65 14 66 19 67 17 68 11 70 15 71 20 72 18 73 7 74 2 75 14 77 1 78 18 79 19 80 9 81 1 82 13 22 10 24 13 27 17 34 20 40 11 47 5 53 11 63 18 76 4
8 0 14 1 17 2 20 3 17 4 7 5 18 6 17 7 9 9 16 11 17 12 3 13 5 14 8 15 5 16 15 17 20 18 15 19 18 20 4 21 1 22 18 23 16 24 7 25 10 26 16 27 13 28 1 29 19 30 18 31 3 32 15 33 17 34 2 35 1 36 8 37 9 38 3 39 10 41 1 42 12 43 13 44 12 45 6 46 16 48 16 49 17 50 12 52 17 53 14 54 4 55 13 56 9 57 17 58 7 59 19 60 11 61 14 62 7 63 6 65 11 67 15 68 5 69 11 70 13 72 14 73 15 74 13 75 9 76 12 77 3 78 6 79 17 80 9 10 3 40 11 47 6 51 1 64 11 66 20 82 13
9 1 2 2 14 3 3 4 20 5 18 7 6 8 16 0 11 6 18 10 15 11 4 12 10 14 14 15 14 16 5 17 4 18 10 19 16 20 4 21 10 22 15 24 20 25 2 26 3 27 8 28 7 29 6 30 2 32 20 33 5 34 11 36 4 37 14 38 8 39 4 40 13 41 8 43 9 44 7 45 3 46 12 48 12 49 6 50 1 51 15 52 16 53 17 54 9 55 10 56 16 57 4 58 19 59 10 62 16 63 8 65 6 66 12 68 10 69 1 70 4 71 13 72 17 73 14 74 4 75 2 76 7 79 2 80 17 81 8 82 17 13 2 23 8 31 6 35 19 42 16 47 8 60 18 61 6 64 20 67 12 77 4 78 2
10 0 10 1 17 2 7 3 6 4 17 5 10 6 5 7 9 9 15 8 3 11 2 12 19 13 1 14 14 15 13 16 20 17 14 18 19 19 1 20 7 21 15 22 5 23 7 25 17 26 8 27 13 28 8 29 20 30 11 31 7 32 2 33 19 34 16 36 8 37 12 38 7 39 15 41 7 43 20 45 19 46 4 47 15 48 20 49 11 50 13 51 9 52 1 53 17 54 6 55 8 56 8 57 2 58 7 59 1 60 7 61 6 63 3 64 11 65 4 66 19 68 3 69 14 70 2 71 16 72 4 74 17 75 16 76 11 77 1 78 12 79 5 80 7 81 8 82 17 24 13 40 18 42 12 62 12 67 5 73 14
11 0 1 1 10 2 20 3 7 4 10 5 14 6 19 7 19 8 17 9 4 10 2 12 1 13 14 14 18 15 14 16 5 17 18 19 19 20 7 21 8 22 19 23 3 24 16 25 1 26 11 27 2 28 14 29 20 30 19 31 12 33 13 34 20 35 15 36 9 37 9 38 17 39 9 40 4 41 8 42 11 43 9 44 13 45 11 46 20 47 3 48 16 49 13 52 11 53 10 54 1 55 18 56 6 57 6 58 17 59 11 60 14 61 3 62 12 63 14 64 16 65 4 66 2 67 10 68 11 69 12 70 20 71 12 72 18 73 7 74 16 75 1 76 8 77 5 78 4 80 5 81 11 32 20 50 5 82 17
12 0 5 1 11 2 7 3 1 4 17 5 15 6 3 7 5 8 3 9 10 10 19 11 1 13 16 14 13 15 19 16 2 17 5 18 13 19 2 20 3 21 20 22 15 23 3 24 11 25 4 26 20 27 4 28 10 29 19 30 9 31 7 32 11 33 20 34 10 35 13 36 9 37 20 38 5 39 20 40 10 41 6 42 16 43 13 44 16 45 8 46 19 47 11 48 4 50 14 51 7 52 11 53 6 54 5 56 3 57 16 58 4 59 19 60 8 61 12 62 17 63 10 64 8 65 18 66 7 67 10 68 20 69 9 70 5 71 2 72 15 73 9 74 10 75 16 76 20 77 4 78 18 79 13 80 12 82 9 49 15 55 19 81 20
13 0 13 1 8 2 5 3 3 5 7 6 7 7 3 8 5 10 1 11 14 12 16 4 8 9 2 14 15 15 20 16 7 17 18 18 15 19 19 20 19 21 16 22 2 23 5 24 18 25 16 26 9 27 17 28 1 30 16 31 14 32 19 33 13 34 17 35 14 36 17 37 5 38 1 39 8 40 18 41 14 42 19 43 2 44 14 45 15 46 20 48 4 49 18 50 2 51 3 52 12 53 15 54 10 55 7 57 20 58 20 59 14 60 6 61 1 62 1 66 1 67 10 68 4 69 12 70 13 71 2 72 8 73 6 74 11 76 13 77 6 78 15 79 16 80 12 81 14 82 14 29 14 47 16 63 14 64 9 65 6 75 2
14 1 11 3 8 4 4 5 7 6 8 7 19 8 8 9 14 10 14 11 18 12 13 13 15 0 18 2 6 15 20 16 7 17 13 18 6 19 1 20 10 21 14 22 2 23 2 24 17 25 7 26 19 27 20 29 12 31 8 32 18 33 6 35 19 36 20 37 15 38 10 40 2 41 14 42 20 43 16 44 15 45 8 46 13 47 4 48 5 49 14 50 5 51 11 52 18 53 13 54 12 56 5 57 8 58 17 61 19 62 15 63 15 64 12 65 5 66 16 67 3 68 1 69 12 70 2 71 12 72 7 74 18 75 17 76 19 77 12 78 8 79 15 80 5 81 13 82 8 28 9 30 6 34 19 39 13 55 15 59 12 73 7
15 0 5 1 8 2 13 4 5 5 5 6 15 7 15 8 5 9 14 10 13 11 14 12 19 13 20 14 20 3 13 17 5 18 14 19 1 20 5 21 18 22 2 23 15 24 9 25 13 26 18 27 3 28 10 29 11 30 9 31 16 32 6 33 11 34 19 35 10 36 11 37 7 38 12 39 1 40 17 41 9 43 14 44 4 45 13 46 4 47 6 48 19 49 7 50 8 51 3 52 7 53 12 55 16 57 18 58 18 59 6 61 2 62 13 63 14 64 5 65 3 66 18 67 5 68 17 69 9 70 1 71 11 72 2 73 15 74 14 75 11 76 14 77 11 78 3 79 7 80 7 81 15 82 2 16 6 42 20 54 12 56 8 60 16
16 0 1 1 2 2 9 4 17 5 14 6 9 7 17 8 15 9 5 10 20 11 5 12 2 13 7 14 7 3 2 15 6 17 3 18 2 19 8 20 19 21 6 22 4 24 12 25 3 26 18 27 10 28 16 29 19 30 8 32 1 34 18 35 7 37 18 38 19 39 14 40 1 41 9 42 11 44 17 45 5 46 19 47 9 48 20 49 4 50 20 51 14 52 11 53 14 54 3 55 4 56 20 57 11 58 15 59 12 60 3 61 11 62 15 63 14 64 17 65 15 66 4 67 1 68 17 69 3 70 15 71 20 72 5 73 9 74 5 75 12 76 10 77 8 78 18 79 1 80 10 81 12 82 12 23 1 31 2 36 20 43 15
17 0 5 1 3 2 7 3 13 4 15 5 3 7 1 8 20 9 4 10 14 11 18 12 5 13 18 14 13 15 5 16 3 6 12 18 15 19 7 21 19 22 12 23 8 24 11 25 14 26 15 27 1 28 9 29 12 30 1 32 18 33 15 34 3 35 1 36 14 37 1 38 16 39 12 40 8 41 1 42 1 43 15 44 15 45 11 46 20 47 12 48 19 49 14 50 19 51 14 52 9 53 6 54 12 55 1 56 5 58 14 59 19 60 6 61 18 63 12 65 12 66 15 67 1 68 13 69 3 70 6 71 16 72 9 73 18 74 18 75 6 76 4 77 1 78 11 79 16 80 5 81 5 82 10 20 20 31 7 57 5 64 5
18 0 11 1 13 2 18 3 1 4 4 6 18 7 6 8 15 9 10 10 19 12 13 13 15 14 6 15 14 16 2 17 15 5 1 19 12 20 7 21 8 22 12 23 13 24 10 25 3 26 20 27 13 28 17 29 14 30 10 31 10 32 15 33 4 34 12 35 19 36 16 37 9 38 3 39 16 40 1 42 20 43 8 45 14 46 8 47 5 48 13 49 12 50 17 51 3 52 4 53 10 54 10 55 5 56 17 57 5 58 10 59 20 60 3 62 6 63 5 64 4 65 4 66 6 67 7 68 17 69 20 72 3 73 11 74 18 75 11 76 14 77 19 78 12 79 14 80 17 81 20 82 4 41 5 44 19 61 2 70 10 71 12
19 0 18 1 16 2 4 3 3 4 13 5 10 6 18 7 15 8 18 9 16 10 1 11 19 12 2 13 19 14 1 15 1 16 8 17 7 18 12 20 14 21 15 23 17 25 1 26 4 27 12 28 8 29 13 31 11 32 17 33 3 34 20 35 5 36 16 38 11 39 11 40 17 41 1 42 16 43 13 45 18 46 15 47 13 48 11 49 2 50 4 51 13 52 5 53 9 54 16 55 11 56 3 57 16 58 7 59 7 60 14 63 17 64 3 65 1 66 14 67 5 68 10 69 1 70 2 71 12 72 13 73 19 74 2 75 1 77 16 79 14 80 14 81 1 82 7 22 15 24 15 30 17 37 9 44 14 61 9 62 16 76 9
20 0 2 1 12 2 13 3 4 4 4 5 13 6 5 7 14 8 4 9 4 10 7 11 7 12 3 13 19 14 10 15 5 16 19 18 7 19 14 17 20 21 11 22 5 23 5 24 19 25 9 26 11 27 19 28 11 29 16 30 19 31 8 32 8 33 18 34 7 35 3 36 20 37 20 38 10 39 6 40 8 41 14 42 11 43 4 44 6 45 15 46 9 47 19 48 12 49 3 50 2 52 15 53 6 54 20 55 17 56 9 58 11 59 1 60 13 61 11 62 8 64 2 66 10 67 1 68 5 69 14 70 9 71 10 72 19 73 7 74 14 76 16 77 7 78 14 79 13 80 13 51 17 57 14 63 20 65 17 81 14 82 4
21 0 17 1 4 2 1 3 15 4 17 5 8 6 2 7 1 8 1 9 10 10 15 11 8 12 20 13 16 14 14 15 18 16 6 17 19 18 8 19 15 20 11 22 18 24 15 25 4 26 10 27 2 28 14 29 18 31 12 32 8 33 1 34 5 35 13 37 18 38 7 39 7 40 12 41 7 42 18 43 4 44 3 45 5 46 18 47 12 48 6 49 6 50 15 51 12 52 18 53 18 54 16 55 12 56 3 57 12 58 18 59 9 60 14 61 12 62 4 63 10 64 20 65 6 66 15 67 9 68 14 69 6 70 20 71 19 72 19 73 15 74 1 75 6 76 15 77 6 78 10 79 3 80 15 81 16 82 8 23 4 30 1
22 0 16 1 17 3 19 4 14 5 1 6 18 8 18 9 15 10 5 11 19 12 15 13 2 14 2 15 2 16 4 17 12 18 12 20 5 21 18 2 12 7 10 19 15 25 15 27 17 29 9 30 2 31 4 32 10 33 17 34 12 35 14 36 13 37 1 38 12 39 9 41 15 42 14 43 10 44 14 45 4 46 18 47 18 49 6 50 10 51 4 52 3 54 5 55 18 56 1 57 20 58 19 59 5 61 8 62 1 63 16 64 13 65 14 66 15 67 3 69 16 70 5 72 14 73 11 74 1 75 20 76 4 77 5 78 1 79 10 80 17 81 2 82 17 23 14 24 1 26 18 28 3 40 7 48 18 53 3 60 2 68 5 71 17
23 0 6 1 20 2 8 3 16 4 5 6 5 7 10 8 16 10 7 11 3 12 3 13 5 14 2 15 15 17 8 18 13 19 17 20 5 5 20 9 8 16 1 21 4 22 14 24 17 26 13 27 2 28 20 29 5 30 8 31 20 32 18 33 19 34 16 35 5 36 4 37 19 38 5 39 15 40 17 41 6 42 14 43 1 44 1 45 5 46 11 47 2 48 3 49 5 50 5 51 12 52 17 53 16 54 15 56 18 57 11 58 3 59 3 60 14 61 8 62 1 66 15 67 12 68 5 69 20 70 11 71 15 72 18 73 3 74 13 75 19 76 9 78 15 79 20 80 18 81 14 82 10 25 11 55 16 63 12 64 11 65 16 77 12
24 0 11 1 20 2 4 3 20 4 12 5 4 6 14 8 7 9 20 11 16 12 11 13 18 14 17 15 9 16 12 17 11 18 10 20 19 21 15 23 17 7 13 10 13 19 15 22 1 25 4 26 15 27 6 28 5 29 2 30 7 31 2 32 7 34 16 35 18 36 20 37 16 40 20 41 19 42 9 43 7 44 15 46 18 47 11 48 9 49 20 50 4 51 2 52 4 53 13 54 2 55 4 56 15 57 17 60 19 61 6 62 6 63 10 64 3 65 5 66 1 67 17 68 12 69 20 70 6 71 12 72 1 73 16 74 14 75 4 76 3 77 9 78 11 79 3 81 6 82 6 33 20 38 20 39 17 45 10 58 4 59 14 80 18
25 0 1 1 10 2 3 3 11 4 3 5 15 7 16 8 10 9 2 10 17 11 1 12 4 13 16 14 7 15 13 16 3 17 14 18 3 19 1 20 9 21 4 22 15 24 4 6 14 23 11 27 12 28 18 29 16 30 15 31 12 32 9 33 13 34 19 35 6 37 4 38 4 39 18 41 2 42 5 44 19 45 5 46 3 47 19 49 14 50 17 51 13 52 19 53 9 54 7 55 1 56 13 58 9 59 8 60 1 61 9 63 9 64 13 65 1 66 6 67 18 68 14 69 9 70 11 71 10 73 2 74 4 75 9 77 5 78 6 79 19 80 10 26 17 36 12 40 3 43 8 48 11 57 18 62 15 72 1 76 13 81 3 82 9
26 0 4 1 6 2 4 3 9 4 1 6 4 7 20 8 16 9 3 10 8 11 11 12 20 13 9 14 19 15 18 16 18 17 15 18 20 19 4 20 11 21 10 23 13 24 15 5 10 22 18 25 17 27 7 28 18 29 19 30 17 31 13 32 6 33 16 34 15 35 1 36 15 37 10 38 8 39 13 41 17 42 4 43 18 44 5 45 17 46 12 47 4 48 15 49 16 50 3 51 20 52 3 53 19 54 3 55 15 56 7 57 11 58 15 60 20 61 19 62 9 63 16 64 17 65 8 66 20 67 20 68 9 69 5 70 19 71 4 72 2 73 14 74 4 75 13 76 13 77 17 78 11 79 10 80 6 81 3 82 1 40 1 59 17
27 1 14 2 4 3 4 4 2 5 14 6 15 8 13 9 8 10 13 11 2 12 4 13 17 14 20 15 3 16 10 17 1 18 13 19 12 20 19 21 2 22 17 23 2 24 6 25 12 26 7 0 3 7 17 28 14 29 11 30 14 31 7 32 1 33 18 34 19 35 13 36 2 37 17 38 19 39 9 40 20 42 12 43 9 44 7 45 9 46 5 47 19 49 18 52 12 53 9 55 3 56 4 57 1 58 9 59 2 60 2 62 5 63 20 64 10 65 5 66 20 67 13 68 15 69 5 70 7 71 9 72 16 73 9 74 12 75 17 76 19 77 15 78 15 79 6 80 15 81 7 41 1 48 10 50 17 51 15 54 12 61 8 82 11
28 0 6 1 9 2 2 3 3 4 17 5 20 6 15 7 19 8 1 9 7 10 8 11 14 12 10 13 1 15 10 16 16 17 9 18 17 19 8 20 11 21 14 23 20 24 5 25 18 26 18 27 14 14 9 22 3 29 6 30 8 31 13 32 4 33 4 34 4 35 13 36 3 37 4 38 7 39 7 40 6 41 20 42 5 43 15 44 8 45 3 46 4 47 12 48 20 49 14 50 4 51 7 52 8 53 5 54 20 56 17 59 12 60 9 61 7 62 16 63 15 64 1 65 14 66 9 67 4 68 10 69 18 70 19 71 9 72 19 74 13 75 9 77 16 78 12 79 17 80 10 81 8 82 19 55 4 57 5 58 5 73 7 76 18
29 0 3 1 11 2 17 3 2 4 5 5 20 6 12 7 19 8 19 9 6 10 20 11 20 12 19 14 12 15 11 16 19 17 12 18 14 19 13 20 16 21 18 22 9 23 5 24 2 25 16 26 19 27 11 28 6 13 14 31 12 32 18 33 1 35 19 36 16 37 16 38 10 39 10 40 19 42 19 43 5 45 17 46 15 47 9 48 6 49 3 51 18 52 12 53 14 54 2 55 3 56 10 57 9 58 16 60 16 61 3 62 6 63 11 65 3 66 20 67 9 68 7 69 1 70 1 71 11 72 1 73 9 74 18 75 12 76 16 77 8 78 9 79 5 80 1 81 5 82 13 30 12 34 9 41 5 44 15 50 18 59 5 64 17
30 0 20 2 15 3 12 4 7 6 12 7 6 8 18 9 2 10 11 11 19 12 9 13 16 15 9 16 8 17 1 18 10 20 19 22 2 23 8 24 7 25 15 26 17 27 14 28 8 1 16 5 8 14 6 19 17 21 1 29 12 31 1 32 12 34 12 35 7 36 14 37 10 38 17 39 13 40 4 41 7 42 15 43 10 44 7 45 19 46 3 47 2 48 18 50 8 51 20 52 18 53 19 54 7 55 19 56 2 57 18 59 19 60 6 62 12 63 18 64 16 65 20 66 20 67 20 68 11 69 17 70 19 71 16 72 1 73 1 74 2 75 20 76 11 77 12 78 17 79 6 80 17 81 15 82 20 33 16 49 15 58 9 61 3
31 0 17 1 7 2 14 3 3 4 20 5 18 6 4 7 1 8 3 10 7 11 12 12 7 13 14 14 8 15 16 18 10 19 11 20 8 21 12 22 4 23 20 24 2 25 12 26 13 27 7 28 13 29 12 30 1 9 6 16 2 17 7 32 20 33 17 34 2 35 4 36 2 37 11 38 10 39 9 40 11 41 3 42 12 43 16 44 13 45 7 47 13 48 19 49 11 50 8 51 3 52 8 53 12 54 9 55 20 56 12 58 2 59 6 60 14 61 19 62 6 63 8 65 1 66 19 67 7 68 16 69 1 70 12 71 15 72 20 73 7 75 5 76 19 77 15 78 11 79 14 80 9 81 16 82 17 46 19 57 5 74 19
32 1 11 2 11 3 5 4 10 5 10 6 9 7 20 8 15 9 20 10 2 12 11 13 19 14 18 15 6 16 1 17 18 18 15 19 17 20 8 21 8 22 10 23 18 24 7 25 9 26 6 27 1 28 4 29 18 30 12 31 20 0 3 11 20 33 11 34 12 35 14 36 3 38 5 39 13 40 2 41 1 42 9 43 13 45 5 46 19 47 18 48 2 49 6 50 18 51 17 52 2 53 14 54 18 55 10 56 8 57 2 58 13 59 13 60 17 61 10 62 10 64 20 65 16 66 15 67 1 68 9 69 17 70 13 71 15 72 2 73 19 74 12 76 7 77 3 78 20 79 20 80 4 82 2 37 9 44 20 63 5 81 13
33 0 17 1 14 2 8 3 3 4 5 5 19 7 8 8 17 9 5 10 19 11 13 12 20 13 13 14 6 15 11 17 15 18 4 19 3 20 18 21 1 22 17 23 19 25 13 26 16 27 18 28 4 29 1 31 17 32 11 6 6 24 20 30 16 34 11 35 7 36 19 37 7 38 13 39 17 41 18 42 4 43 15 44 11 45 4 46 17 47 1 48 19 49 16 50 3 51 3 52 6 53 11 54 15 55 18 56 12 57 9 59 1 60 16 61 5 62 3 64 10 65 17 66 5 68 19 69 18 70 4 71 2 72 11 73 1 74 18 75 6 76 11 77 2 78 5 79 17 80 19 81 2 82 12 40 16 58 2 67 17
34 0 5 1 12 2 2 3 3 4 19 5 17 6 2 8 2 9 11 10 16 11 20 12 10 13 17 15 19 16 18 17 3 18 12 19 20 20 7 21 5 22 12 23 16 24 16 25 19 26 15 27 19 28 4 30 12 31 2 32 12 33 11 7 20 14 19 29 9 35 16 36 17 37 1 38 20 39 11 40 6 41 17 42 2 43 11 44 8 45 14 46 11 47 4 49 2 50 11 51 20 52 17 53 16 55 5 56 10 57 10 58 4 59 18 60 14 61 16 62 10 63 8 64 3 65 16 66 15 67 3 68 20 69 19 70 3 71 14 72 2 73 7 74 16 75 6 77 11 78 4 80 1 48 5 54 20 76 1 79 9 81 15 82 1
35 1 14 2 9 3 20 4 13 5 3 6 17 7 4 8 1 11 15 12 13 13 14 14 19 15 10 16 7 17 1 18 19 19 5 20 3 21 13 22 14 23 5 24 18 25 6 26 1 27 13 28 13 29 19 30 7 31 4 32 14 33 7 34 16 0 4 9 19 36 2 37 16 39 8 40 4 41 14 42 5 43 3 44 9 45 6 46 12 47 8 48 17 49 18 50 5 52 12 53 8 54 5 55 11 56 2 57 13 58 15 59 1 60 7 61 10 62 7 64 1 65 11 66 19 67 17 68 20 69 9 70 20 72 13 73 9 75 5 76 11 78 20 80 17 81 5 82 9 51 6 63 3 71 9 74 1 77 6 79 17
36 1 19 2 16 3 5 4 17 5 4 6 14 7 14 8 8 9 4 10 8 11 9 12 9 13 17 14 20 15 11 17 14 18 16 19 16 20 20 22 13 23 4 24 20 26 15 27 2 28 3 29 16 30 14 31 2 32 3 33 19 34 17 35 2 0 18 16 20 25 12 37 14 38 19 39 13 40 8 41 14 42 8 43 14 44 4 45 11 46 5 47 3 48 20 49 3 50 7 51 13 52 3 53 19 54 15 55 13 56 17 57 1 58 2 59 7 60 6 61 13 62 12 63 9 64 12 65 2 66 2 67 4 68 11 69 17 70 16 71 2 72 9 74 17 75 16 76 12 78 20 79 12 80 10 82 20 73 14 77 20
37 0 3 1 20 2 11 3 9 4 8 5 12 6 8 7 1 8 9 9 14 10 12 11 9 12 20 13 5 14 15 15 7 16 18 17 1 18 9 20 20 21 18 22 1 23 19 24 16 25 4 26 10 27 17 28 4 29 16 30 10 31 11 33 7 34 1 35 16 36 14 19 9 32 9 39 3 40 12 41 16 42 7 43 11 44 2 45 7 46 8 47 13 49 14 50 5 51 19 52 6 53 8 54 13 55 6 57 14 58 14 59 17 60 13 61 17 62 2 63 11 64 18 65 5 66 5 67 12 68 17 69 3 70 15 71 14 72 18 73 3 74 9 75 17 76 7 78 14 79 13 80 13 81 12 82 11 38 2 48 2 56 13 77 11
38 1 6 2 5 3 8 4 4 5 13 6 1 7 18 8 3 9 8 10 7 11 17 12 5 13 1 14 10 15 12 16 19 17 16 18 3 19 11 20 10 21 7 22 12 23 5 25 4 26 8 27 19 28 7 29 10 30 17 31 10 32 5 33 13 34 20 36 19 0 13 24 20 37 2 40 3 41 10 42 14 43 15 44 1 45 11 46 5 47 11 48 5 49 18 51 17 52 20 53 15 54 12 56 11 57 19 58 6 59 16 61 7 62 17 64 6 65 18 66 5 68 13 69 9 70 19 71 9 73 12 74 20 75 7 76 4 77 10 78 20 79 14 80 13 81 18 82 9 50 10 55 16 60 4 63 16 67 18 72 10
39 0 8 1 17 2 18 4 10 5 16 6 9 7 1 8 10 9 4 10 15 11 9 12 20 13 8 15 1 16 14 17 12 18 16 19 11 20 6 21 7 22 9 23 15 25 18 26 13 27 9 28 7 29 10 30 13 31 9 32 13 33 17 34 11 35 8 36 13 37 3 3 18 14 13 24 17 40 17 41 18 42 4 43 18 44 17 45 12 46 9 47 12 48 14 49 6 50 18 51 8 52 13 53 6 54 5 55 13 56 4 57 4 58 20 59 20 60 10 61 12 62 20 63 13 65 7 66 16 67 11 68 9 69 1 71 13 72 6 73 15 74 10 75 20 76 5 77 6 78 10 79 1 80 3 81 14 82 2 64 15 70 10
40 0 3 1 11 2 12 3 5 4 1 5 2 6 12 9 13 11 4 12 10 13 18 14 2 15 17 16 1 17 8 18 1 19 17 20 8 21 12 23 17 24 20 27 20 28 6 29 19 30 4 31 11 32 2 34 6 35 4 36 8 37 12 38 3 39 17 7 11 8 11 10 18 22 7 25 3 26 1 33 16 41 7 42 11 44 2 46 13 47 7 48 4 49 18 50 15 51 3 52 13 53 12 54 14 55 20 56 20 57 19 58 4 60 17 61 14 62 7 64 3 65 18 67 20 68 19 69 17 70 4 71 18 72 13 73 20 74 12 75 2 76 2 77 19 78 7 80 4 81 1 82 15 43 20 45 2 59 3 63 14 66 15
41 0 7 2 8 3 13 4 2 5 13 7 20 8 1 9 8 10 7 11 8 12 6 13 14 14 14 15 9 16 9 17 1 19 1 20 14 21 7 22 15 23 6 24 19 25 2 26 17 28 20 30 7 31 3 32 1 33 18 34 17 35 14 36 14 37 16 38 10 39 18 40 7 1 6 6 18 18 5 27 1 29 5 42 9 43 5 44 9 45 7 46 20 47 9 49 3 50 14 51 4 52 1 53 14 56 7 57 20 59 4 60 4 61 16 62 20 63 17 65 3 66 16 67 5 68 20 69 17 70 13 71 2 72 6 73 12 74 11 75 10 76 14 77 14 78 4 79 2 80 7 82 3 48 2 54 10 55 6 58 12 64 1 81 19
42 0 19 1 19 2 16 3 13 4 9 5 3 6 20 7 16 8 12 11 11 12 16 13 19 14 20 16 11 17 1 18 20 19 16 20 11 21 18 22 14 23 14 24 9 25 5 26 4 27 12 28 5 29 19 30 15 31 12 32 9 33 4 34 2 35 5 36 8 37 7 38 14 39 4 40 11 41 9 9 16 10 12 15 20 43 12 44 17 45 18 46 14 47 6 48 12 49 6 50 11 51 19 52 7 53 5 54 13 55 12 56 15 57 19 58 5 59 1 61 19 62 1 63 18 64 11 65 1 66 10 67 3 68 7 69 5 70 19 71 19 72 16 73 1 75 1 76 7 77 17 78 18 79 4 80 9 81 6 60 16 74 8 82 11
43 0 1 1 10 3 17 5 15 6 6 7 17 8 13 9 9 10 20 11 9 12 13 13 2 14 16 15 14 17 15 18 8 19 13 20 4 21 4 22 10 23 1 24 7 26 18 27 9 28 15 29 5 30 10 31 16 32 13 33 15 34 11 35 3 36 14 37 11 38 15 39 18 41 5 42 12 2 19 4 11 16 15 25 8 40 20 44 5 45 18 46 19 47 12 48 19 49 13 50 1 51 10 53 1 54 6 55 10 56 14 57 6 58 17 59 7 60 1 61 13 62 20 63 13 64 20 65 8 66 17 67 11 68 16 69 7 70 12 71 7 74 1 75 5 76 6 77 3 78 8 79 17 80 17 81 19 82 15 52 15 72 12 73 9
44 1 9 2 6 3 3 4 9 5 9 6 19 7 10 8 12 9 7 11 13 12 16 13 14 14 15 15 4 16 17 17 15 20 6 21 3 22 14 23 1 24 15 25 19 26 5 27 7 28 8 30 7 31 13 33 11 34 8 35 9 36 4 37 2 38 1 39 17 40 2 41 9 42 17 43 5 0 5 18 19 19 14 29 15 32 20 45 6 46 15 47 18 48 4 50 17 52 1 53 15 54 14 55 19 56 16 57 10 58 3 59 16 60 17 61 4 62 13 63 9 64 5 65 16 66 13 67 2 68 8 69 20 70 1 71 6 73 17 74 14 75 18 76 10 77 18 78 15 80 2 81 20 82 18 49 12 51 11 72 8 79 5
45 0 20 1 13 4 7 5 13 6 8 7 20 8 6 9 3 10 19 11 11 12 8 13 15 14 8 15 13 16 5 17 11 18 14 19 18 20 15 21 5 22 4 23 5 25 5 26 17 27 9 28 3 29 17 30 19 31 7 32 5 33 4 34 14 35 6 36 11 37 7 38 11 39 12 41 7 42 18 43 18 44 6 2 20 3 10 24 10 40 2 46 17 47 7 48 20 49 14 50 8 51 5 52 6 53 18 54 5 55 8 56 19 57 11 58 14 59 17 60 8 61 7 63 12 65 10 67 6 68 10 69 8 70 19 72 18 73 7 74 10 75 11 76 19 77 4 78 14 79 3 80 20 81 16 82 11 62 18 64 8 66 13 71 17
46 0 12 1 4 4 15 5 15 6 16 7 3 8 16 9 12 10 4 11 20 12 19 13 20 14 13 15 4 16 19 17 20 18 8 19 15 20 9 21 18 22 18 23 11 24 18 25 3 26 12 27 5 28 4 29 15 30 3 32 19 33 17 34 11 35 12 36 5 37 8 38 5 39 9 40 13 41 20 42 14 43 19 44 15 45 17 2 7 3 19 31 19 47 11 48 19 52 2 53 17 54 19 55 17 56 2 57 9 58 19 59 16 60 2 61 11 62 18 63 18 64 19 65 6 66 5 68 10 69 3 71 5 72 4 73 2 74 13 75 9 76 3 77 10 78 4 79 14 80 9 81 20 82 13 49 10 50 5 51 6 70 2
47 0 8 1 2 2 8 4 18 5 2 10 15 11 3 12 11 14 4 15 6 16 9 17 12 18 5 19 13 20 19 21 12 22 18 23 2 24 11 25 19 26 4 27 19 28 12 29 9 30 2 31 13 32 18 33 1 34 4 35 8 36 3 37 13 38 11 39 12 40 7 41 9 42 6 43 12 44 18 45 7 46 11 3 13 6 2 7 5 8 6 9 8 13 16 48 14 49 20 51 1 52 1 53 8 54 17 56 10 57 16 59 11 60 5 61 4 62 8 63 11 64 12 65 1 66 7 67 3 69 2 70 10 71 4 72 1 74 19 75 4 76 15 77 1 78 16 79 19 80 5 81 1 50 4 55 3 58 14 68 16 73 1 82 10
48 0 20 1 17 2 19 3 8 4 13 5 15 6 6 7 12 8 16 9 12 10 20 11 16 12 4 13 4 14 5 15 19 16 20 17 19 18 13 19 11 20 12 21 6 23 3 24 9 26 15 28 20 29 6 30 18 31 19 32 2 33 19 35 17 36 20 38 5 39 14 40 4 42 12 43 19 44 4 45 20 46 19 47 14 22 18 25 11 27 10 34 5 37 2 41 2 49 4 51 9 52 5 53 2 54 15 55 5 56 19 57 3 58 1 59 2 60 9 61 12 62 15 63 11 64 17 65 11 66 11 67 4 68 3 69 16 70 6 71 19 72 4 73 13 74 19 76 17 77 1 78 3 80 20 81 20 82 4 50 8 75 17 79 4
49 0 10 1 14 2 12 3 1 4 17 5 14 7 1 8 17 9 6 10 11 11 13 13 18 14 14 15 7 16 4 17 14 18 12 19 2 20 3 21 6 22 6 23 5 24 20 25 14 26 16 27 18 28 14 29 3 31 11 32 6 33 16 34 2 35 18 36 3 37 14 38 18 39 6 40 18 41 3 42 6 43 13 45 14 47 20 48 4 6 14 12 15 30 15 44 12 46 10 50 2 51 8 52 11 53 6 54 9 55 14 56 13 57 18 59 15 60 6 62 11 63 8 64 2 65 14 66 18 67 9 68 12 70 1 71 10 73 20 74 1 75 2 76 17 77 11 78 16 79 6 80 3 81 18 82 19 58 11 69 1 72 12
50 0 2 1 18 2 17 3 3 4 14 5 6 7 18 8 12 9 1 10 13 12 14 13 2 14 5 15 8 16 20 17 19 18 17 19 4 20 2 21 15 22 10 23 5 24 4 25 17 26 3 28 4 30 8 31 8 32 18 33 3 34 11 35 5 36 7 37 5 39 18 40 15 41 14 42 11 43 1 44 17 45 8 49 2 11 5 27 17 29 18 38 10 46 5 47 4 48 8 51 6 52 13 54 11 55 10 56 3 57 13 59 8 60 17 61 16 62 17 63 13 64 12 65 14 67 14 68 17 69 10 71 12 72 14 73 20 74 4 75 16 76 5 77 4 78 15 79 18 81 7 82 14 53 4 58 11 66 10 70 14 80 13
51 1 1 2 17 3 5 4 8 5 10 6 9 7 6 9 15 10 9 12 7 13 3 14 11 15 3 16 14 17 14 18 3 19 13 21 12 22 4 23 12 24 2 25 13 26 20 28 7 29 18 30 20 31 3 32 17 33 3 34 20 36 13 37 19 38 17 39 8 40 3 41 4 42 19 43 10 45 5 47 1 48 9 49 8 50 6 0 17 8 1 20 17 27 15 35 6 44 11 46 6 53 16 55 18 56 8 57 10 58 16 59 8 60 17 61 11 62 5 63 5 64 5 65 4 66 15 67 14 68 6 69 19 70 9 71 9 72 4 73 10 74 11 75 3 76 17 78 13 79 15 80 15 81 2 82 8 52 15 54 3 77 11
52 0 2 1 1 2 5 3 1 4 20 5 7 6 15 7 16 8 17 9 16 10 1 11 11 12 11 13 12 14 18 15 7 16 11 17 9 18 4 19 5 20 15 21 18 22 3 23 17 24 4 25 19 26 3 27 12 28 8 29 12 30 18 31 8 32 2 33 6 34 17 35 12 36 3 37 6 38 20 39 13 40 13 41 1 42 7 44 1 45 6 46 2 47 1 48 5 49 11 50 13 43 15 51 15 53 10 54 1 55 14 59 19 60 11 61 14 62 18 63 4 64 20 65 1 67 1 68 2 69 5 70 18 71 1 72 17 73 6 74 3 76 13 77 10 79 1 80 16 81 6 82 18 56 9 57 11 58 9 66 13 75 13 78 9
53 0 5 1 10 2 3 3 8 5 7 6 10 8 14 9 17 10 17 11 10 12 6 13 15 14 13 15 12 16 14 17 6 18 10 19 9 20 6 21 18 23 16 24 13 25 9 26 19 27 9 28 5 29 14 30 19 31 12 32 14 33 11 34 16 35 8 36 19 37 8 38 15 39 6 40 12 41 14 42 5 43 1 44 15 45 18 46 17 47 8 48 2 49 6 51 16 52 10 4 11 7 11 22 3 50 4 54 19 55 8 56 5 57 5 59 5 60 11 61 18 62 5 63 3 64 2 66 19 67 5 68 7 69 12 70 10 71 6 72 9 73 20 74 2 75 12 76 16 77 9 78 9 79 18 80 20 81 4 82 8 58 11 65 1
54 0 12 1 8 3 7 4 15 5 7 6 10 7 7 8 4 9 9 10 6 11 1 12 5 13 10 14 12 16 3 17 12 18 10 19 16 20 20 21 16 22 5 23 15 24 2 25 7 26 3 28 20 29 2 30 7 31 9 32 18 33 15 35 5 36 15 37 13 38 12 39 5 40 14 42 13 43 6 44 14 45 5 46 19 47 17 48 15 49 9 50 11 52 1 53 19 2 7 15 12 27 12 34 20 41 10 51 3 55 14 56 5 57 2 58 17 59 11 62 5 63 12 64 17 65 17 66 13 67 7 68 3 69 1 70 4 71 14 72 15 73 14 74 9 75 15 76 12 77 7 78 1 79 9 80 13 81 6 82 6 60 12 61 10
55 0 8 1 10 2 19 3 7 6 19 7 4 8 13 9 10 10 8 11 18 13 7 15 16 16 4 17 1 18 5 19 11 20 17 21 12 22 18 24 4 25 1 26 15 27 3 29 3 30 19 31 20 32 10 33 18 34 5 35 11 36 13 37 6 39 13 40 20 42 12 43 10 44 19 45 8 46 17 48 5 49 14 50 10 51 18 52 14 53 8 54 14 4 18 5 13 12 19 14 15 23 16 28 4 38 16 41 6 47 3 56 11 57 12 58 7 59 18 60 16 61 13 62 13 63 7 64 12 65 12 66 18 67 11 69 10 70 4 71 6 72 8 73 9 74 12 75 4 76 7 77 16 78 11 79 20 80 4 81 2 82 3 68 1
56 0 1 1 10 2 9 3 1 4 13 5 20 6 1 7 6 8 9 9 16 10 8 11 6 12 3 14 5 16 20 17 5 18 17 19 3 20 9 21 3 22 1 23 18 24 15 25 13 26 7 27 4 28 17 29 10 30 2 31 12 32 8 33 12 34 10 35 2 36 17 38 11 39 4 40 20 41 7 42 15 43 14 44 16 45 19 46 2 47 10 48 19 49 13 50 3 51 8 53 5 54 5 55 11 15 8 37 13 52 9 57 6 58 10 59 1 60 11 61 15 62 5 63 7 64 14 65 12 68 2 69 10 70 17 71 2 72 13 73 11 74 5 76 8 77 15 78 15 79 19 80 12 81 3 82 17 67 14 75 5
57 0 9 1 3 2 16 4 9 6 20 7 4 8 17 9 4 10 2 11 6 12 16 13 20 14 8 15 18 16 11 18 5 19 16 21 12 22 20 23 11 24 17 26 11 27 1 29 9 30 18 32 2 33 9 34 10 35 13 36 1 37 14 38 19 39 4 40 19 41 20 42 19 43 6 44 10 45 11 46 9 47 16 48 3 49 18 50 13 51 10 53 5 54 2 55 12 56 6 3 20 5 19 17 5 20 14 25 18 28 5 31 5 52 11 59 2 60 1 62 16 63 20 64 13 65 2 66 20 67 16 68 2 69 15 70 14 71 3 72 17 73 1 74 4 75 3 76 12 77 10 79 17 80 3 81 7 82 3 58 20 61 19 78 10
58 0 5 1 16 2 6 3 13 4 5 5 16 7 13 8 7 9 19 10 7 11 17 12 4 13 20 14 17 15 18 16 15 17 14 18 10 19 7 20 11 21 18 22 19 23 3 25 9 26 15 27 9 29 16 31 2 32 13 34 4 35 15 36 2 37 14 38 6 39 20 40 4 42 5 43 17 44 3 45 14 46 19 48 1 51 16 54 17 55 7 56 10 6 9 24 4 28 5 30 9 33 2 41 12 47 14 49 11 50 11 52 9 53 11 57 20 59 10 60 7 61 6 63 15 64 13 65 9 67 5 68 18 69 20 70 14 71 5 72 19 73 1 74 3 75 17 76 5 77 18 78 12 79 11 81 4 82 6 62 14 66 11 80 19
59 0 3 1 9 2 4 3 20 4 8 5 16 6 15 7 20 8 19 9 10 10 1 11 11 12 19 13 14 15 6 16 12 17 19 18 20 19 7 20 1 21 9 22 5 23 3 25 8 27 2 28 12 30 19 31 6 32 13 33 1 34 18 35 1 36 7 37 17 38 16 39 20 41 4 42 1 43 7 44 16 45 17 46 16 47 11 48 2 49 15 50 8 51 8 52 19 53 5 54 11 55 18 56 1 57 2 58 10 14 12 24 14 26 17 29 5 40 3 60 11 61 16 63 12 64 5 66 7 67 10 68 11 69 7 70 8 71 6 73 5 74 2 75 15 76 3 77 17 78 20 79 6 80 3 81 20 82 9 62 4 65 7 72 15
60 0 11 1 17 2 7 3 18 5 8 6 2 7 7 8 11 10 7 11 14 12 8 13 6 16 3 17 6 18 3 19 14 20 13 21 14 23 14 24 19 25 1 26 20 27 2 28 9 29 16 30 6 31 14 32 17 33 16 34 14 35 7 36 6 37 13 39 10 40 17 41 4 43 1 44 17 45 8 46 2 47 5 48 9 49 6 50 17 51 17 52 11 53 11 55 16 56 11 57 1 58 7 59 11 9 18 15 16 22 2 38 4 42 16 54 12 61 20 62 13 63 18 64 7 65 17 66 8 67 19 68 18 69 5 70 3 71 16 72 9 73 17 75 10 76 18 77 16 78 18 80 20 81 1 82 18 74 20 79 9
61 0 3 1 13 2 1 3 19 4 10 5 18 6 5 7 12 8 14 10 6 11 3 12 12 13 1 14 19 15 2 16 11 17 18 20 11 21 12 22 8 23 8 24 6 25 9 26 19 28 7 29 3 31 19 32 10 33 5 34 16 35 10 36 13 37 17 38 7 39 12 40 14 41 16 42 19 43 13 44 4 45 7 46 11 47 4 48 12 50 16 51 11 52 14 53 18 55 13 56 15 58 6 59 16 60 20 9 6 18 2 19 9 27 8 30 3 54 10 57 19 62 5 63 7 64 15 65 12 66 11 67 4 68 12 69 10 70 19 71 14 72 17 73 6 74 19 75 15 76 7 77 3 78 15 79 10 80 8 81 15 82 7
62 0 18 1 12 2 11 3 18 4 12 5 2 6 13 7 17 8 7 9 16 11 12 12 17 13 1 14 15 15 13 16 15 18 6 20 8 21 4 22 1 23 1 24 6 26 9 27 5 28 16 29 6 30 12 31 6 32 10 33 3 34 10 35 7 36 12 37 2 38 17 39 20 40 7 41 20 42 1 43 20 44 13 46 18 47 8 48 15 49 11 50 17 51 5 52 18 53 5 54 5 55 13 56 5 57 16 60 13 61 5 10 12 19 16 25 15 45 18 58 14 59 4 63 15 64 19 65 16 67 4 68 11 69 12 70 12 71 8 72 11 73 8 76 1 77 9 78 13 79 19 80 1 81 12 82 10 66 6 74 8 75 10
63 0 20 1 14 2 17 3 2 4 9 5 1 6 2 8 6 9 8 10 3 11 14 12 10 14 15 15 14 16 14 17 12 18 5 19 17 21 10 22 16 24 10 25 9 26 16 27 20 28 15 29 11 30 18 31 8 34 8 36 9 37 11 39 13 41 17 42 18 43 13 44 9 45 12 46 18 47 11 48 11 49 8 50 13 51 5 52 4 53 3 54 12 55 7 56 7 57 20 58 15 59 12 60 18 61 7 62 15 7 18 13 14 20 20 23 12 32 5 35 3 38 16 40 14 64 9 65 5 66 9 67 12 68 15 70 15 71 13 72 13 73 19 74 20 75 4 76 8 77 20 78 16 79 1 81 14 82 3 69 17
64 0 14 1 18 2 14 3 19 4 3 5 20 6 18 7 7 10 11 11 16 12 8 14 12 15 5 16 17 18 4 19 3 20 2 21 20 22 13 24 3 25 13 26 17 27 10 28 1 30 16 32 20 33 10 34 3 35 1 36 12 37 18 38 6 40 3 42 11 43 20 44 5 46 19 47 12 48 17 49 2 50 12 51 5 52 20 53 2 54 17 55 12 56 14 57 13 58 13 59 5 60 7 61 15 62 19 63 9 8 11 9 20 13 9 17 5 23 11 29 17 39 15 41 1 45 8 65 2 67 5 68 8 69 13 70 8 71 17 72 1 73 19 75 8 76 19 77 6 78 19 80 1 81 11 82 17 66 14 79 6
65 0 15 1 5 2 14 3 6 4 11 5 12 6 10 7 14 8 11 9 6 10 4 11 4 12 18 14 5 15 3 16 15 17 12 18 4 19 1 21 6 22 14 24 5 25 1 26 8 27 5 28 14 29 3 30 20 31 1 32 16 33 17 34 16 35 11 36 2 37 5 38 18 39 7 40 18 41 3 42 1 43 8 44 16 45 10 46 6 47 1 48 11 49 14 50 14 51 4 52 1 54 17 55 12 56 12 57 2 58 9 60 17 61 12 62 16 63 5 64 2 13 6 20 17 23 16 53 1 59 7 66 8 67 13 68 18 69 7 70 19 71 13 72 18 73 6 74 5 75 13 76 16 77 17 78 7 80 10 81 17 82 20
66 0 20 1 7 3 4 4 10 5 10 7 19 9 12 10 19 11 2 12 7 13 1 14 16 15 18 16 4 17 15 18 6 19 14 20 10 21 15 22 15 23 15 24 1 25 6 26 20 27 20 28 9 29 20 30 20 31 19 32 15 33 5 34 15 35 19 36 2 37 5 38 5 39 16 41 16 42 10 43 17 44 13 46 5 47 7 48 11 49 18 51 15 53 19 54 13 55 18 57 20 59 7 60 8 61 11 63 9 65 8 6 13 8 20 40 15 45 13 50 10 52 13 58 11 62 6 64 14 67 20 68 13 69 3 70 20 71 9 72 15 73 20 74 20 75 16 77 9 79 6 80 13 81 9 82 17 78 12
67 0 6 1 9 2 12 3 16 4 10 7 17 8 15 11 10 12 10 13 10 14 3 15 5 16 1 17 1 18 7 19 5 20 1 21 9 22 3 23 12 24 17 25 18 26 20 27 13 28 4 29 9 30 20 31 7 32 1 34 3 35 17 36 4 37 12 39 11 40 20 41 5 42 3 43 11 44 2 45 6 47 3 48 4 49 9 50 14 51 14 52 1 53 5 54 7 55 11 57 16 58 5 59 10 60 19 61 4 62 4 63 12 64 5 65 13 66 20 5 13 6 2 9 12 10 5 33 17 38 18 56 14 68 3 69 1 70 8 71 11 72 5 73 15 74 11 75 7 76 20 77 1 78 20 79 17 80 15 82 4 81 12
68 0 12 1 2 2 1 3 12 4 3 5 11 6 5 7 11 8 5 9 10 10 3 11 11 12 20 13 4 14 1 15 17 16 17 17 13 18 17 19 10 20 5 21 14 23 5 24 12 25 14 26 9 27 15 28 10 29 7 30 11 31 16 32 9 33 19 34 20 35 20 36 11 37 17 38 13 39 9 40 19 41 20 42 7 43 16 44 8 45 10 46 10 48 3 49 12 50 17 51 6 52 2 53 7 54 3 56 2 57 2 58 18 59 11 60 18 61 12 62 11 63 15 64 8 65 18 66 13 67 3 22 5 47 16 55 1 69 16 70 2 71 11 72 18 74 14 75 7 76 16 77 1 79 15 80 18 81 17 82 5 73 3 78 16
69 0 3 1 6 2 15 3 19 4 12 5 4 6 5 8 11 9 1 10 14 11 12 12 9 13 12 14 12 15 9 16 3 17 3 18 20 19 1 20 14 21 6 22 16 23 20 24 20 25 9 26 5 27 5 28 18 29 1 30 17 31 1 32 17 33 18 34 19 35 9 36 17 37 3 38 9 39 1 40 17 41 17 42 5 43 7 44 20 45 8 46 3 47 2 48 16 50 10 51 19 52 5 53 12 54 1 55 10 56 10 57 15 58 20 59 7 60 5 61 10 62 12 64 13 65 7 66 3 67 1 68 16 49 1 63 17 70 1 71 16 72 15 74 12 75 18 76 8 77 15 78 3 79 13 80 19 81 3 82 2 73 5
70 0 4 3 7 4 6 5 6 6 11 7 15 8 13 9 4 10 2 11 20 12 5 13 13 14 2 15 1 16 15 17 6 19 2 20 9 21 20 22 5 23 11 24 6 25 11 26 19 27 7 28 19 29 1 30 19 31 12 32 13 33 4 34 3 35 20 36 16 37 15 38 19 40 4 41 13 42 19 43 12 44 1 45 19 47 10 48 6 49 1 51 9 52 18 53 10 54 4 55 4 56 17 57 14 58 14 59 8 60 3 61 19 62 12 63 15 64 8 65 19 66 20 67 8 68 2 69 1 1 4 2 11 18 10 39 10 46 2 50 14 71 20 72 8 73 16 74 8 75 19 76 17 77 10 78 1 79 14 80 18 81 13 82 6
71 0 4 1 18 2 7 3 20 4 1 5 7 6 2 7 20 9 13 10 16 11 12 12 2 13 2 14 12 15 11 16 20 17 16 19 12 20 10 21 19 23 15 24 12 25 10 26 4 27 9 28 9 29 11 30 16 31 15 32 15 33 2 34 14 36 2 37 14 38 9 39 13 40 18 41 2 42 19 43 7 44 6 46 5 47 4 48 19 49 10 50 12 51 9 52 1 53 6 54 14 55 6 56 2 57 3 58 5 59 6 60 16 61 14 62 8 63 13 64 17 65 13 66 9 67 11 68 11 69 16 70 20 18 12 22 17 35 9 45 17 72 3 73 9 74 17 75 9 76 16 77 12 78 19 80 13 82 9 79 17 81 16
72 0 11 1 11 2 13 3 11 4 17 5 3 6 13 7 18 8 14 9 17 10 4 11 18 12 15 13 8 14 7 15 2 16 5 17 9 18 3 19 13 20 19 21 19 22 14 23 18 24 1 26 2 27 16 28 19 29 1 30 1 31 20 32 2 33 11 34 2 35 13 36 9 37 18 39 6 40 13 41 6 42 16 45 18 46 4 47 1 48 4 50 14 51 4 52 17 53 9 54 15 55 8 56 13 57 17 58 19 60 9 61 17 62 11 63 13 64 1 65 18 66 15 67 5 68 18 69 15 70 8 71 3 25 1 38 10 43 12 44 8 49 12 59 15 73 14 75 2 76 18 77 10 78 16 79 17 81 6 82 2 74 19 80 12
73 0 12 1 19 2 1 3 10 4 14 5 9 6 12 7 7 8 15 9 14 11 7 12 9 13 6 15 15 16 9 17 18 18 11 19 19 20 7 21 15 22 11 23 3 24 16 25 2 26 14 27 9 29 9 30 1 31 7 32 19 33 1 34 7 35 9 37 3 38 12 39 15 40 20 41 12 42 1 44 17 45 7 46 2 48 13 49 20 50 20 51 10 52 6 53 20 54 14 55 9 56 11 57 1 58 1 59 5 60 17 61 6 62 8 63 19 64 19 65 6 66 20 67 15 70 16 71 9 72 14 10 14 14 7 28 7 36 14 43 9 47 1 68 3 69 5 74 13 75 7 76 11 77 17 78 17 80 5 81 9 82 15
74 0 14 1 13 2 14 5 1 7 2 8 13 9 4 10 17 11 16 12 10 13 11 14 18 15 14 16 5 17 18 18 18 19 2 20 14 21 1 22 1 23 13 24 14 25 4 26 4 27 12 28 13 29 18 30 2 32 12 33 18 34 16 36 17 37 9 38 20 39 10 40 12 41 11 43 1 44 14 45 10 46 13 47 19 48 19 49 1 50 4 51 11 52 3 53 2 54 9 55 12 56 5 57 4 58 3 59 2 61 19 63 20 65 5 66 20 67 11 68 14 69 12 70 8 71 17 73 13 3 3 4 3 6 18 31 19 35 1 42 8 60 20 62 8 72 19 75 11 76 15 77 14 78 1 79 11 80 11 81 1 82 19
75 0 20 1 16 2 3 3 2 4 3 6 15 7 14 8 9 9 2 10 16 11 1 12 16 14 17 15 11 16 12 17 6 18 11 19 1 21 6 22 20 23 19 24 4 25 9 26 13 27 17 28 9 29 12 30 20 31 5 33 6 34 6 35 5 36 16 37 17 38 7 39 20 40 2 41 10 42 1 43 5 44 18 45 11 46 9 47 4 49 2 50 16 51 3 53 12 54 15 55 4 57 3 58 17 59 15 60 10 61 15 63 4 64 8 65 13 66 16 67 7 68 7 69 18 70 19 71 9 72 2 73 7 74 11 5 1 13 2 48 17 52 13 56 5 62 10 76 7 78 11 79 17 80 15 81 7 82 3 77 15
76 0 1 1 8 2 5 3 10 4 16 5 19 6 9 8 12 9 7 10 11 11 8 12 20 13 13 14 19 15 14 16 10 17 4 18 14 20 16 21 15 22 4 23 9 24 3 26 13 27 19 29 16 30 11 31 19 32 7 33 11 35 11 36 12 37 7 38 4 39 5 40 2 41 14 42 7 43 6 44 10 45 19 46 3 47 15 48 17 49 17 50 5 51 17 52 13 53 16 54 12 55 7 56 8 57 12 58 5 59 3 60 18 61 7 62 1 63 8 64 19 65 16 67 20 68 16 69 8 70 17 71 16 72 18 73 11 74 15 75 7 7 4 19 9 25 13 28 18 34 1 77 14 78 5 79 14 80 10 81 16 82 16
77 0 6 1 20 2 2 3 3 4 4 5 5 6 14 7 1 8 3 10 1 11 5 12 4 13 6 14 12 15 11 16 8 17 1 18 19 19 16 20 7 21 6 22 5 24 9 25 5 26 17 27 15 28 16 29 8 30 12 31 15 32 3 33 2 34 11 38 10 39 6 40 19 41 14 42 17 43 3 44 18 45 4 46 10 47 1 48 1 49 11 50 4 52 10 53 9 54 7 55 16 56 15 57 10 58 18 59 17 60 16 61 3 62 9 63 20 64 6 65 17 66 9 67 1 68 1 69 15 70 10 71 12 72 10 73 17 74 14 76 14 9 4 23 12 35 6 36 20 37 11 51 11 75 15 79 11 80 14 81 20 82 14
78 0 5 1 3 3 7 4 20 5 13 6 1 7 18 8 6 10 12 11 4 12 18 13 15 14 8 15 3 16 18 17 11 18 12 20 14 21 10 22 1 23 15 24 11 25 6 26 11 27 15 28 12 29 9 30 17 31 11 32 20 33 5 34 4 35 20 36 20 37 14 38 20 39 10 40 7 41 4 42 18 43 8 44 15 45 14 46 4 47 16 48 3 49 16 50 15 51 13 53 9 54 1 55 11 56 15 58 12 59 20 60 18 61 15 62 13 63 16 64 19 65 7 67 20 69 3 70 1 71 19 72 16 73 17 74 1 75 11 76 5 2 20 9 2 52 9 57 10 66 12 68 16 79 10 80 1 81 13 82 2
79 0 10 1 1 2 12 3 3 5 18 6 3 7 19 8 17 9 2 10 5 12 13 13 16 14 15 15 7 16 1 17 16 18 14 19 14 20 13 21 3 22 10 23 20 24 3 25 19 26 10 27 6 28 17 29 5 30 6 31 14 32 20 33 17 36 12 37 13 38 14 39 1 41 2 42 4 43 17 45 3 46 14 47 19 49 6 50 18 51 15 52 1 53 18 54 9 55 20 56 19 57 17 58 11 59 6 61 10 62 19 63 1 66 6 67 17 68 15 69 13 70 14 72 17 74 11 75 17 76 14 77 11 78 10 4 11 34 9 35 17 44 5 48 4 60 9 64 6 71 17 80 11 81 20 82 15
80 0 17 1 6 2 4 3 15 4 14 5 2 6 9 7 9 8 9 9 17 10 7 11 5 12 12 13 12 14 5 15 7 16 10 17 5 18 17 19 14 20 13 21 15 22 17 23 18 25 10 26 6 27 15 28 10 29 1 30 17 31 9 32 4 33 19 34 1 35 17 36 10 37 13 38 13 39 3 40 4 41 7 42 9 43 17 44 2 45 20 46 9 47 5 48 20 49 3 51 15 52 16 53 20 54 13 55 4 56 12 57 3 59 3 60 20 61 8 62 1 64 1 65 10 66 13 67 15 68 18 69 19 70 18 71 13 73 5 74 11 75 15 76 10 77 14 78 1 79 11 24 18 50 13 58 19 72 12 82 7 81 16
81 0 6 1 6 2 13 3 1 4 7 5 19 6 3 7 1 9 8 10 8 11 11 13 14 14 13 15 15 16 12 17 5 18 20 19 1 21 16 22 2 23 14 24 6 26 3 27 7 28 8 29 5 30 15 31 16 33 2 35 5 37 12 38 18 39 14 40 1 42 6 43 19 44 20 45 16 46 20 47 1 48 20 49 18 50 7 51 2 52 6 53 4 54 6 55 2 56 3 57 7 58 4 59 20 60 1 61 15 62 12 63 14 64 11 65 17 66 9 68 17 69 3 70 13 72 6 73 9 74 1 75 7 76 16 77 20 78 13 79 20 12 20 20 14 25 3 32 13 34 15 41 19 67 12 71 16 80 16 82 11
82 0 12 1 6 2 13 3 4 5 17 6 15 7 13 9 17 10 17 12 9 13 14 14 8 15 2 16 12 17 10 18 4 19 7 21 8 22 17 23 10 24 6 26 1 28 19 29 13 30 20 31 17 32 2 33 12 35 9 36 20 37 11 38 9 39 2 40 15 41 3 43 15 44 18 45 11 46 13 48 4 49 19 50 14 51 8 52 18 53 8 54 6 55 3 56 17 57 3 58 6 59 9 60 18 61 7 62 10 63 3 64 17 65 20 66 17 67 4 68 5 69 2 70 6 71 9 72 2 73 15 74 19 75 3 76 16 77 14 78 2 79 15 80 7 81 11 8 13 11 17 20 4 25 9 27 11 34 1 42 11 47 10
