57
0 1 15 3 16 4 6 6 15 7 4 8 16 9 3 10 15 11 2 12 17 13 9 14 14 16 8 17 15 18 4 20 10 21 7 22 4 23 19 24 18 25 20 26 11 27 11 28 6 29 19 30 19 31 9 32 16 33 2 35 4 36 13 37 17 38 14 39 14 41 5 42 17 43 14 44 20 45 18 46 6 47 6 48 9 49 12 50 10 51 7 52 8 53 17 54 13 55 1 56 9 5 15 15 2 19 15 34 16
1 0 15 2 10 3 12 4 16 6 14 7 17 8 12 9 3 10 14 11 14 12 11 13 12 14 10 15 13 16 9 17 5 18 11 19 2 20 6 21 11 22 15 23 19 24 3 25 15 27 3 28 19 29 17 31 15 32 12 33 1 35 11 36 18 37 7 38 13 39 9 40 4 41 10 42 4 43 14 44 19 45 17 46 6 48 19 49 14 50 15 51 15 52 20 53 6 54 19 56 3 5 15 26 20 30 6 34 8 55 9
2 1 10 4 20 6 20 7 6 8 14 9 14 10 20 11 9 12 6 13 19 14 13 15 14 17 14 18 17 19 5 20 8 21 19 22 17 23 20 24 4 25 16 26 17 27 10 29 15 30 18 31 12 33 17 34 2 35 18 36 3 37 10 38 16 39 4 40 9 41 11 42 2 43 6 44 10 45 18 47 20 48 5 49 14 50 20 51 17 52 15 53 15 54 10 55 11 56 11 3 6 5 14 16 19 28 17 32 16 46 14
3 0 16 1 12 2 6 4 12 5 18 7 1 9 15 10 10 11 11 12 5 13 15 14 6 15 11 16 7 17 11 18 9 19 2 20 7 21 3 22 5 23 7 24 12 25 19 28 4 29 8 30 16 31 19 32 11 33 11 35 8 36 10 37 5 38 4 39 19 40 11 41 17 42 4 43 7 44 13 45 15 46 5 47 2 48 4 49 13 50 14 51 1 52 18 53 5 54 12 55 17 6 3 8 20 26 16 27 4 34 14 56 3
4 0 6 1 16 2 20 3 12 5 12 6 6 7 1 8 8 9 17 10 7 11 13 12 15 13 6 14 9 15 14 17 11 18 12 19 3 20 4 21 7 22 10 23 14 25 7 26 11 27 12 28 8 29 18 30 8 31 18 32 2 34 19 35 14 36 8 37 20 38 11 40 10 41 19 43 20 44 19 45 11 46 4 48 14 49 1 50 4 51 19 52 1 53 13 55 13 56 5 16 2 24 9 39 18 42 13 47 19
5 3 18 4 12 0 15 1 15 2 14 6 18 7 12 8 13 9 14 10 2 11 10 12 8 13 16 14 3 15 19 16 20 17 17 18 1 19 1 20 15 22 13 23 15 24 16 25 15 26 10 27 1 29 1 30 7 31 10 32 3 33 17 34 17 35 5 38 8 39 15 41 20 42 19 43 16 44 7 45 11 46 19 47 18 48 11 49 17 50 1 51 19 52 13 53 11 54 1 55 13 56 7 21 1 28 10 36 17 37 8 40 7
6 0 15 1 14 2 20 4 6 5 18 3 3 7 8 9 2 11 13 12 5 13 5 14 14 15 9 16 9 17 15 18 6 19 5 20 16 21 15 22 19 23 16 24 3 25 12 26 4 27 5 28 3 29 3 31 20 32 12 33 9 34 14 35 19 36 19 37 5 38 9 39 2 40 10 41 8 42 2 45 17 48 2 49 19 50 19 51 9 52 20 53 4 54 7 55 15 56 6 8 7 10 6 30 13 43 16 44 18 46 5 47 8
7 0 4 1 17 2 6 3 1 4 1 5 12 6 8 8 10 9 15 11 19 12 6 13 20 14 9 15 14 16 8 17 12 18 17 19 18 21 6 22 14 23 13 24 3 26 8 27 12 28 5 29 16 30 1 31 16 32 16 33 8 34 8 35 11 36 17 37 1 38 13 39 4 41 5 42 19 43 10 44 11 45 20 46 6 47 10 48 17 49 12 50 5 51 9 52 9 53 19 54 15 55 6 56 18 10 10 20 1 40 19
8 0 16 1 12 2 14 4 8 5 13 7 10 3 20 6 7 9 16 10 4 11 1 12 8 13 16 14 2 15 13 16 10 17 18 18 9 19 13 20 3 21 4 22 11 23 5 24 3 25 18 26 10 27 2 28 6 29 4 30 5 32 7 33 1 34 12 35 17 36 6 37 14 39 12 40 19 42 16 43 15 44 1 45 10 46 8 47 6 48 5 49 10 50 6 51 4 52 5 53 4 55 8 56 20 31 6 38 9 41 19 54 3
9 0 3 1 3 2 14 3 15 4 17 5 14 6 2 7 15 8 16 10 10 11 5 12 10 13 20 14 1 15 19 16 8 17 13 18 13 19 4 20 9 21 2 23 10 24 5 25 3 27 18 28 1 29 6 30 18 31 9 32 15 33 17 34 19 35 15 36 10 38 11 39 17 40 4 41 14 42 8 44 7 45 3 46 10 47 7 48 10 49 1 50 11 52 16 53 15 54 4 55 13 56 3 22 14 26 3 37 9 43 17 51 8
10 0 15 1 14 2 20 3 10 4 7 5 2 8 4 9 10 6 6 7 10 11 7 12 18 13 3 14 4 15 10 16 18 17 18 18 18 19 12 20 11 21 3 22 7 23 19 24 6 25 16 26 7 27 3 28 3 29 1 30 2 31 9 32 10 33 13 34 18 35 16 36 11 37 18 38 6 39 17 40 14 42 2 43 20 44 9 45 1 46 9 47 2 48 5 49 7 51 3 52 13 53 17 54 7 55 4 56 10 50 19
11 0 2 1 14 2 9 3 11 4 13 5 10 6 13 7 19 8 1 9 5 10 7 12 15 13 18 14 2 16 12 17 1 18 16 19 3 20 11 22 6 23 8 24 13 25 2 26 18 27 18 28 1 29 6 31 12 32 6 33 1 34 7 35 5 36 10 37 7 39 20 40 8 41 8 42 12 43 14 44 5 45 19 46 17 47 14 48 2 49 6 50 17 51 12 52 19 53 8 54 6 55 6 56 6 15 12 21 8 30 18 38 8
12 0 17 1 11 2 6 3 5 4 15 5 8 6 5 7 6 8 8 9 10 10 18 11 15 13 1 14 20 15 18 16 18 17 18 18 11 19 19 20 15 21 18 22 14 24 17 25 2 26 12 27 10 28 3 29 8 30 7 31 4 32 8 33 12 34 5 35 11 36 3 37 12 38 8 39 16 40 6 41 13 42 5 43 19 44 6 45 4 46 20 48 9 49 9 50 14 51 11 52 18 53 16 54 2 55 4 23 4 47 12 56 20
13 0 9 1 12 2 19 3 15 4 6 5 16 6 5 7 20 8 16 9 20 10 3 11 18 12 1 14 8 15 4 16 6 17 2 18 17 19 17 21 2 22 17 23 16 24 5 25 2 26 1 28 16 29 10 30 8 31 17 32 5 33 14 34 1 35 19 36 9 37 19 38 5 39 1 40 9 41 15 42 13 43 18 44 6 45 13 46 3 48 15 49 20 50 7 51 4 52 4 53 1 54 4 55 11 56 8 20 7 27 8 47 20
14 0 14 1 10 2 13 3 6 4 9 5 3 6 14 7 9 8 2 9 1 10 4 11 2 12 20 13 8 15 16 16 9 17 2 18 13 20 8 21 9 22 3 23 18 24 15 25 7 26 13 27 16 28 8 29 4 30 7 31 6 32 13 34 1 35 5 36 12 37 10 38 17 39 8 40 11 41 2 42 12 43 18 44 9 45 16 46 2 47 19 48 7 49 19 50 3 51 19 52 12 53 20 54 6 55 2 56 2 19 11 33 12
15 1 13 2 14 3 11 4 14 5 19 6 9 7 14 8 13 9 19 10 10 12 18 13 4 14 16 0 2 11 12 16 16 17 14 18 6 20 8 21 1 22 1 23 4 24 17 25 16 26 5 27 16 28 8 29 13 30 4 31 13 32 9 33 13 34 11 35 3 36 5 37 16 38 11 39 19 40 8 41 1 42 11 43 14 44 19 45 12 46 13 47 10 48 3 49 7 50 2 51 16 52 13 53 8 54 1 55 14 56 9
16 0 8 1 9 3 7 5 20 6 9 7 8 8 10 9 8 10 18 11 12 12 18 13 6 14 9 15 16 2 19 4 2 17 14 18 19 19 1 20 15 21 11 22 9 23 3 24 11 25 6 26 3 28 15 29 20 30 7 31 5 32 1 33 2 34 9 35 1 36 7 37 12 38 18 39 19 40 15 41 4 43 15 44 6 45 17 46 20 47 15 48 19 49 10 50 15 51 20 52 19 53 17 55 19 56 6 27 12 42 10 54 7
17 0 15 1 5 2 14 3 11 4 11 5 17 6 15 7 12 8 18 9 13 10 18 11 1 12 18 13 2 14 2 15 14 16 14 18 3 19 18 20 20 22 6 24 4 25 8 26 5 27 5 28 4 29 6 30 13 31 17 32 15 33 6 34 20 35 19 36 14 37 2 38 18 39 6 42 4 43 16 44 18 45 20 46 16 47 17 48 4 49 14 50 6 51 10 52 7 53 15 54 10 55 4 56 10 21 10 23 19 40 4
18 0 4 1 11 2 17 3 9 4 12 5 1 6 6 7 17 8 9 9 13 10 18 11 16 12 11 13 17 14 13 15 6 16 19 17 3 19 17 20 16 21 7 22 9 23 18 24 14 25 2 26 5 27 1 28 6 29 6 30 2 32 2 33 19 35 19 36 8 37 6 38 13 39 4 40 1 41 20 42 16 43 8 44 16 45 16 46 4 47 9 48 18 49 3 50 5 51 17 52 18 53 16 54 4 55 13 56 11 31 2 34 14
19 1 2 2 5 3 2 4 3 5 1 6 5 7 18 8 13 9 4 10 12 11 3 12 19 13 17 16 1 17 18 18 17 0 15 14 11 20 12 21 16 22 13 24 14 26 2 28 2 29 20 30 7 31 11 32 7 33 19 34 1 35 8 36 4 37 11 38 16 39 10 40 16 41 17 42 10 43 15 44 14 45 6 46 20 47 3 48 8 49 12 50 4 51 9 52 6 53 15 54 11 55 10 56 10 23 7 27 20
20 0 10 1 6 2 8 3 7 4 4 5 15 6 16 8 3 9 9 10 11 11 11 12 15 14 8 15 8 16 15 17 20 18 16 19 12 7 1 13 7 21 5 22 11 23 14 24 4 25 10 27 1 28 6 29 9 30 8 31 16 32 18 33 18 34 13 35 15 36 9 37 17 38 16 40 16 41 18 42 17 43 7 44 14 46 7 47 18 48 20 49 4 50 3 51 9 52 14 53 5 54 15 56 18 26 2 39 17 45 9 55 18
21 0 7 1 11 2 19 3 3 4 7 6 15 7 6 8 4 9 2 10 3 12 18 13 2 14 9 15 1 16 11 18 7 19 16 20 5 5 1 11 8 17 10 22 4 23 4 24 9 26 6 27 18 28 11 29 10 30 12 31 9 32 19 33 14 34 15 35 14 36 20 37 10 38 4 39 2 40 4 41 15 42 10 43 12 44 13 45 7 46 1 47 9 48 11 49 8 50 14 51 1 52 3 53 11 54 7 55 19 56 20 25 17
22 0 4 1 15 2 17 3 5 4 10 5 13 6 19 7 14 8 11 10 7 11 6 12 14 13 17 14 3 15 1 16 9 17 6 18 9 19 13 20 11 21 4 9 14 23 16 24 14 25 17 26 16 28 7 29 2 30 20 31 17 32 18 35 18 36 15 37 11 38 8 39 3 40 18 41 5 42 15 43 9 44 14 45 9 46 9 48 8 49 18 50 15 51 2 52 2 53 9 54 10 55 16 56 1 27 11 33 4 47 1
23 0 19 1 19 2 20 3 7 4 14 5 15 6 16 7 13 8 5 9 10 10 19 11 8 13 16 14 18 15 4 16 3 18 18 20 14 21 4 22 16 12 4 17 19 19 7 24 11 25 8 26 13 27 7 29 16 30 7 31 19 32 10 33 19 34 2 36 12 37 16 38 17 39 10 40 14 41 11 42 6 43 11 44 20 45 11 46 8 47 15 49 10 50 20 51 5 52 11 53 9 54 14 55 10 56 20 28 11 35 20
24 0 18 1 3 2 4 3 12 5 16 6 3 7 3 8 3 9 5 10 6 11 13 12 17 13 5 14 15 15 17 16 11 17 4 18 14 19 14 20 4 21 9 22 14 23 11 4 9 25 11 26 10 27 19 28 8 29 9 30 1 31 12 32 2 33 16 34 20 35 17 37 15 38 15 39 4 40 7 41 20 42 17 43 18 44 7 45 17 46 9 47 7 48 1 49 12 50 15 51 14 52 19 53 7 54 6 55 10 56 1 36 18
25 0 20 1 15 2 16 3 19 4 7 5 15 6 12 8 18 9 3 10 16 11 2 12 2 13 2 14 7 15 16 16 6 17 8 18 2 20 10 22 17 23 8 24 11 21 17 26 4 27 14 28 18 29 20 31 15 33 12 34 2 35 10 37 3 39 17 40 19 41 20 42 6 43 16 44 18 45 1 46 11 47 8 48 4 49 10 50 2 51 6 52 15 54 14 55 15 30 4 32 14 36 7 38 16 53 13 56 18
26 0 11 2 17 4 11 5 10 6 4 7 8 8 10 10 7 11 18 12 12 13 1 14 13 15 5 16 3 17 5 18 5 19 2 21 6 22 16 23 13 24 10 25 4 1 20 3 16 9 3 20 2 27 17 28 3 29 4 30 18 31 13 32 11 33 3 34 16 35 19 36 4 37 15 38 3 39 15 40 10 41 7 42 6 43 6 45 9 46 7 47 3 48 17 49 2 50 16 51 13 52 14 54 18 55 5 56 9 44 5 53 6
27 0 11 1 3 2 10 4 12 5 1 6 5 7 12 8 2 9 18 10 3 11 18 12 10 14 16 15 16 17 5 18 1 20 1 21 18 23 7 24 19 25 14 26 17 3 4 13 8 16 12 19 20 22 11 28 10 29 17 30 16 31 4 33 9 34 14 35 8 36 10 37 20 38 13 40 10 41 8 42 1 43 16 44 7 45 14 47 11 48 11 49 13 50 1 51 5 52 18 53 13 54 14 55 15 56 7 32 16 39 1 46 17
28 0 6 1 19 3 4 4 8 6 3 7 5 8 6 9 1 10 3 11 1 12 3 13 16 14 8 15 8 16 15 17 4 18 6 19 2 20 6 21 11 22 7 24 8 25 18 26 3 27 10 2 17 5 10 23 11 30 11 31 14 32 7 33 7 34 10 35 19 36 7 37 2 38 1 39 12 40 15 41 3 42 1 43 5 44 12 46 1 48 14 49 4 50 17 51 17 52 14 54 12 55 7 56 19 29 19 45 12 47 15 53 10
29 0 19 1 17 2 15 3 8 4 18 5 1 6 3 7 16 8 4 9 6 10 1 11 6 12 8 13 10 14 4 15 13 16 20 17 6 18 6 19 20 20 9 21 10 22 2 23 16 24 9 25 20 26 4 27 17 28 19 31 11 33 2 34 14 35 17 36 5 37 4 38 5 39 14 40 1 41 16 42 17 43 10 45 14 46 10 47 5 48 2 49 12 50 12 51 9 53 12 54 8 55 6 56 3 30 13 32 12 44 5 52 10
30 0 19 2 18 3 16 4 8 5 7 7 1 8 5 9 18 10 2 12 7 13 8 14 7 15 4 16 7 17 13 18 2 19 7 20 8 21 12 22 20 23 7 24 1 26 18 27 16 28 11 1 6 6 13 11 18 25 4 29 13 31 19 32 3 33 6 34 1 36 20 37 13 38 5 40 20 41 9 42 2 43 20 44 10 45 5 47 15 48 14 49 19 51 15 52 18 53 11 55 1 56 13 35 17 39 5 46 4 50 13 54 1
31 0 9 1 15 2 12 3 19 4 18 5 10 6 20 7 16 9 9 10 9 11 12 12 4 13 17 14 6 15 13 16 5 17 17 19 11 20 16 21 9 22 17 23 19 24 12 25 15 26 13 27 4 28 14 29 11 30 19 8 6 18 2 32 2 33 6 34 14 35 6 36 16 37 4 38 10 41 1 42 5 43 17 44 17 45 8 47 10 48 4 49 4 50 7 51 5 52 8 53 8 54 15 55 13 56 20 39 17 40 8 46 11
32 0 16 1 12 3 11 4 2 5 3 6 12 7 16 8 7 9 15 10 10 11 6 12 8 13 5 14 13 15 9 16 1 17 15 18 2 19 7 20 18 21 19 22 18 23 10 24 2 26 11 28 7 30 3 31 2 2 16 25 14 27 16 29 12 34 14 35 15 36 20 37 6 38 14 39 4 40 3 41 12 42 19 43 1 44 3 45 12 46 1 47 15 48 9 49 19 50 5 51 3 52 7 53 17 54 4 55 2 56 6 33 18
33 0 2 1 1 2 17 3 11 5 17 6 9 7 8 8 1 9 17 10 13 11 1 12 12 13 14 15 13 16 2 17 6 18 19 19 19 20 18 21 14 23 19 24 16 25 12 26 3 27 9 28 7 29 2 30 6 31 6 14 12 22 4 32 18 34 20 35 18 36 16 37 7 38 1 39 17 40 12 41 6 42 18 43 6 44 8 45 3 46 20 47 19 48 3 49 17 50 16 52 11 53 7 55 4 56 8 51 20 54 6
34 2 2 4 19 5 17 6 14 7 8 8 12 9 19 10 18 11 7 12 5 13 1 14 1 15 11 16 9 17 20 19 1 20 13 21 15 23 2 24 20 25 2 26 16 27 14 28 10 29 14 30 1 31 14 32 14 33 20 0 16 1 8 3 14 18 14 36 7 37 8 38 17 39 19 40 4 41 18 42 15 43 20 44 11 45 16 47 1 48 19 49 1 50 12 52 16 53 16 54 6 55 7 56 6 35 18 51 15
35 0 4 1 11 2 18 3 8 4 14 5 5 6 19 7 11 8 17 9 15 10 16 11 5 12 11 13 19 14 5 15 3 16 1 17 19 18 19 19 8 20 15 21 14 22 18 24 17 25 10 26 19 27 8 28 19 29 17 31 6 32 15 33 18 23 20 30 17 34 18 36 13 37 3 38 12 39 6 40 14 41 13 42 19 43 9 44 1 45 17 46 16 47 13 48 16 49 7 51 1 52 3 53 14 54 16 55 5 56 9 50 15
36 0 13 1 18 2 3 3 10 4 8 6 19 7 17 8 6 9 10 10 11 11 10 12 3 13 9 14 12 15 5 16 7 17 14 18 8 19 4 20 9 21 20 22 15 23 12 26 4 27 10 28 7 29 5 30 20 31 16 32 20 33 16 34 7 35 13 5 17 24 18 25 7 37 3 38 4 39 10 40 20 41 19 42 9 43 3 44 18 45 18 46 14 47 12 48 1 50 1 52 16 53 14 54 6 55 18 56 13 49 12
37 0 17 1 7 2 10 3 5 4 20 6 5 7 1 8 14 10 18 11 7 12 12 13 19 14 10 15 16 16 12 17 2 18 6 19 11 20 17 21 10 22 11 23 16 24 15 25 3 26 15 27 20 28 2 29 4 30 13 31 4 32 6 33 7 34 8 35 3 36 3 5 8 9 9 38 16 39 17 40 15 41 8 42 3 43 17 44 4 45 14 46 6 48 8 49 19 50 19 51 8 52 3 53 5 54 6 55 6 56 20 47 17
38 0 14 1 13 2 16 3 4 4 11 5 8 6 9 7 13 9 11 10 6 12 8 13 5 14 17 15 11 16 18 17 18 18 13 19 16 20 16 21 4 22 8 23 17 24 15 26 3 27 13 28 1 29 5 30 5 31 10 32 14 33 1 34 17 35 12 36 4 37 16 8 9 11 8 25 16 39 11 40 16 41 7 42 18 43 2 44 11 45 20 46 12 47 17 48 19 49 19 50 9 51 18 52 4 53 17 54 20 55 10 56 17
39 0 14 1 9 2 4 3 19 5 15 6 2 7 4 8 12 9 17 10 17 11 20 12 16 13 1 14 8 15 19 16 19 17 6 18 4 19 10 21 2 22 3 23 10 24 4 25 17 26 15 28 12 29 14 32 4 33 17 34 19 35 6 36 10 37 17 38 11 4 18 20 17 27 1 30 5 31 17 40 4 41 9 42 9 43 2 44 11 46 10 49 10 50 18 51 4 52 6 53 18 54 15 55 11 56 7 47 4 48 2
40 1 4 2 9 3 11 4 10 6 10 8 19 9 4 10 14 11 8 12 6 13 9 14 11 15 8 16 15 18 1 19 16 20 16 21 4 22 18 23 14 24 7 25 19 26 10 27 10 28 15 29 1 30 20 32 3 33 12 34 4 35 14 36 20 37 15 38 16 39 4 5 7 7 19 17 4 31 8 41 8 42 11 43 16 44 5 47 11 48 8 49 9 50 11 51 7 52 7 53 7 54 14 55 5 56 19 45 6 46 18
41 0 5 1 10 2 11 3 17 4 19 5 20 6 8 7 5 9 14 11 8 12 13 13 15 14 2 15 1 16 4 18 20 19 17 20 18 21 15 22 5 23 11 24 20 25 20 26 7 27 8 28 3 29 16 30 9 31 1 32 12 33 6 34 18 35 13 36 19 37 8 38 7 39 9 40 8 8 19 42 15 43 8 45 13 46 20 47 6 48 1 49 10 50 5 51 14 53 13 54 13 55 14 56 4 52 5
42 0 17 1 4 2 2 3 4 5 19 6 2 7 19 8 16 9 8 10 2 11 12 12 5 13 13 14 12 15 11 17 4 18 16 19 10 20 17 21 10 22 15 23 6 24 17 25 6 26 6 27 1 28 1 29 17 30 2 31 5 32 19 33 18 34 15 35 19 36 9 37 3 38 18 39 9 40 11 41 15 4 13 16 10 43 4 44 7 45 18 46 20 47 16 48 19 49 19 50 20 51 15 53 2 54 6 55 5 56 12 52 10
43 0 14 1 14 2 6 3 7 4 20 5 16 7 10 8 15 10 20 11 14 12 19 13 18 14 18 15 14 16 15 17 16 18 8 19 15 20 7 21 12 22 9 23 11 24 18 25 16 26 6 27 16 28 5 29 10 30 20 31 17 32 1 33 6 34 20 35 9 36 3 37 17 38 2 39 2 40 16 41 8 42 4 6 16 9 17 44 8 45 3 46 13 47 19 48 4 49 19 50 5 51 8 52 12 53 8 54 19 55 10 56 5
44 0 20 1 19 2 10 3 13 4 19 5 7 7 11 8 1 9 7 10 9 11 5 12 6 13 6 14 9 15 19 16 6 17 18 18 16 19 14 20 14 21 13 22 14 23 20 24 7 25 18 27 7 28 12 30 10 31 17 32 3 33 8 34 11 35 1 36 18 37 4 38 11 39 11 40 5 42 7 43 8 6 18 26 5 29 5 45 4 46 17 47 8 48 17 50 20 51 16 52 10 53 9 54 19 55 12 56 5 49 1
45 0 18 1 17 2 18 3 15 4 11 5 11 6 17 7 20 8 10 9 3 10 1 11 19 12 4 13 13 14 16 15 12 16 17 17 20 18 16 19 6 21 7 22 9 23 11 24 17 25 1 26 9 27 14 29 14 30 5 31 8 32 12 33 3 34 16 35 17 36 18 37 14 38 20 41 13 42 18 43 3 44 4 20 9 28 12 40 6 46 7 47 19 48 5 49 16 50 17 51 4 52 9 53 18 54 4 55 11 56 5
46 0 6 1 6 3 5 4 4 5 19 7 6 8 8 9 10 10 9 11 17 12 20 13 3 14 2 15 13 16 20 17 16 18 4 19 20 20 7 21 1 22 9 23 8 24 9 25 11 26 7 28 1 29 10 32 1 33 20 35 16 36 14 37 6 38 12 39 10 41 20 42 20 43 13 44 17 45 7 2 14 6 5 27 17 30 4 31 11 40 18 47 5 48 9 49 2 50 17 51 19 52 15 53 5 54 9 55 2 56 12
47 0 6 2 20 3 2 5 18 7 10 8 6 9 7 10 2 11 14 14 19 15 10 16 15 17 17 18 9 19 3 20 18 21 9 23 15 24 7 25 8 26 3 27 11 29 5 30 15 31 10 32 15 33 19 34 1 35 13 36 12 38 17 40 11 41 6 42 16 43 19 44 8 45 19 46 5 4 19 6 8 12 12 13 20 22 1 28 15 37 17 39 4 49 5 50 3 51 16 52 6 53 3 54 8 55 16 56 6 48 10
48 0 9 1 19 2 5 3 4 4 14 5 11 6 2 7 17 8 5 9 10 10 5 11 2 12 9 13 15 14 7 15 3 16 19 17 4 18 18 19 8 20 20 21 11 22 8 24 1 25 4 26 17 27 11 28 14 29 2 30 14 31 4 32 9 33 3 34 19 35 16 36 1 37 8 38 19 40 8 41 1 42 19 43 4 44 17 45 5 46 9 39 2 47 10 49 9 50 19 51 7 53 1 54 12 55 11 56 4 52 4
49 0 12 1 14 2 14 3 13 4 1 5 17 6 19 7 12 8 10 9 1 10 7 11 6 12 9 13 20 14 19 15 7 16 10 17 14 18 3 19 12 20 4 21 8 22 18 23 10 24 12 25 10 26 2 27 13 28 4 29 12 30 19 31 4 32 19 33 17 34 1 35 7 37 19 38 19 39 10 40 9 41 10 42 19 43 19 45 16 46 2 47 5 48 9 36 12 44 1 50 12 52 4 54 11 55 15 56 15 51 10 53 3
50 0 10 1 15 2 20 3 14 4 4 5 1 6 19 7 5 8 6 9 11 11 17 12 14 13 7 14 3 15 2 16 15 17 6 18 5 19 4 20 3 21 14 22 15 23 20 24 15 25 2 26 16 27 1 28 17 29 12 31 7 32 5 33 16 34 12 36 1 37 19 38 9 39 18 40 11 41 5 42 20 43 5 44 20 45 17 46 17 47 3 48 19 49 12 10 19 30 13 35 15 51 9 52 11 53 20 54 5 56 12 55 15
51 0 7 1 15 2 17 3 1 4 19 5 19 6 9 7 9 8 4 10 3 11 12 12 11 13 4 14 19 15 16 16 20 17 10 18 17 19 9 20 9 21 1 22 2 23 5 24 14 25 6 26 13 27 5 28 17 29 9 30 15 31 5 32 3 35 1 37 8 38 18 39 4 40 7 41 14 42 15 43 8 44 16 45 4 46 19 47 16 48 7 50 9 9 8 33 20 34 15 49 10 52 8 53 13 54 11 55 16 56 6
52 0 8 1 20 2 15 3 18 4 1 5 13 6 20 7 9 8 5 9 16 10 13 11 19 12 18 13 4 14 12 15 13 16 19 17 7 18 18 19 6 20 14 21 3 22 2 23 11 24 19 25 15 26 14 27 18 28 14 30 18 31 8 32 7 33 11 34 16 35 3 36 16 37 3 38 4 39 6 40 7 43 12 44 10 45 9 46 15 47 6 49 4 50 11 51 8 29 10 41 5 42 10 48 4 53 16 54 19 55 4 56 7
53 0 17 1 6 2 15 3 5 4 13 5 11 6 4 7 19 8 4 9 15 10 17 11 8 12 16 13 1 14 20 15 8 16 17 17 15 18 16 19 15 20 5 21 11 22 9 23 9 24 7 27 13 29 12 30 11 31 8 32 17 33 7 34 16 35 14 36 14 37 5 38 17 39 18 40 7 41 13 42 2 43 8 44 9 45 18 46 5 47 3 48 1 50 20 51 13 52 16 25 13 26 6 28 10 49 3 54 5 55 10 56 10
54 0 13 1 19 2 10 3 12 5 1 6 7 7 15 9 4 10 7 11 6 12 2 13 4 14 6 15 1 17 10 18 4 19 11 20 15 21 7 22 10 23 14 24 6 25 14 26 18 27 14 28 12 29 8 31 15 32 4 34 6 35 16 36 6 37 6 38 20 39 15 40 14 41 13 42 6 43 19 44 19 45 4 46 9 47 8 48 12 49 11 50 5 51 11 52 19 53 5 8 3 16 7 30 1 33 6 55 10 56 4
55 0 1 2 11 3 17 4 13 5 13 6 15 7 6 8 8 9 13 10 4 11 6 12 4 13 11 14 2 15 14 16 19 17 4 18 13 19 10 21 19 22 16 23 10 24 10 25 15 26 5 27 15 28 7 29 6 30 1 31 13 32 2 33 4 34 7 35 5 36 18 37 6 38 10 39 11 40 5 41 14 42 5 43 10 44 12 45 11 46 2 47 16 48 11 49 15 51 16 52 4 53 10 54 10 1 9 20 18 50 15 56 9
56 0 9 1 3 2 11 4 5 5 7 6 6 7 18 8 20 9 3 10 10 11 6 13 8 14 2 15 9 16 6 17 10 18 11 19 10 20 18 21 20 22 1 23 20 24 1 26 9 27 7 28 19 29 3 30 13 31 20 32 6 33 8 34 6 35 9 36 13 37 20 38 17 39 7 40 19 41 4 42 12 43 5 44 5 45 5 46 12 47 6 48 4 49 15 50 12 51 6 52 7 54 4 55 9 3 3 12 20 25 18 53 10
