95
0 5 18 17 4 76 18 35 3
1 6 5 34 18 79 16 64 6 76 19 82 9
2 66 15 71 3 75 18 4 5 29 17 38 4
3 10 1 20 10 27 3 44 12 55 20 69 7 88 20 4 12 58 11 60 15
4 2 5 3 12 87 17 88 11 62 17 78 8
5 0 18 16 18 24 1 37 4
6 1 5
7 15 6
8 71 19
9 76 6 86 17
10 3 1 24 16 82 10 68 2
11 19 19 45 13 53 2
12 30 19 49 2
13 55 13 65 5
14 28 15 16 10 57 9
15 7 6 47 19 49 3 87 16
16 5 18 14 10 23 19 36 7 39 9
17 0 4 21 12 68 20
18 31 1 38 19 59 13 71 9 83 1 89 15 53 20
19 11 19 93 4
20 3 10
21 17 12 63 12 91 1 53 6
22 28 2 64 12
23 16 19 30 6 38 9 49 18 60 20
24 10 16 5 1
25 38 11 55 14
26 35 3 91 14 93 16 94 10
27 3 3 39 2 51 8 79 10 80 5 35 4
28 14 15 22 2 29 5 78 6 72 3
29 28 5 2 17 42 10
30 12 19 23 6 32 13 43 5 75 13 93 1 79 1 94 13
31 18 1 81 13 68 13
32 30 13 38 5 60 20 57 1
33 50 3 94 16
34 1 18 45 4 64 14 85 10
35 26 3 0 3 27 4 50 2 71 9 49 16 83 14
36 16 7 80 17
37 5 4 77 3 58 10 87 2
38 18 19 23 9 25 11 32 5 2 4 57 11 77 15 51 5 90 5
39 16 9 27 2 62 9 73 17 76 13 84 19 86 15
40 45 3 75 9
41 58 10
42 29 10 49 17 81 8
43 30 5 58 13 78 6 63 15
44 3 12
45 11 13 34 4 40 3 49 14
46 49 7
47 15 19 54 6 75 18 68 16
48 60 19
49 12 2 15 3 23 18 42 17 45 14 46 7 35 16 50 10 57 10 78 20 91 10
50 33 3 35 2 49 10 57 8 66 19 67 5
51 27 8 38 5 63 14
52 65 17
53 11 2 18 20 21 6 87 19
54 47 6 90 10 57 16
55 3 20 13 13 25 14 59 5 70 12 85 13 91 7
56 76 18 77 11 83 12
57 38 11 49 10 50 8 14 9 32 1 54 16 83 11
58 41 10 43 13 3 11 37 10 82 11 85 6
59 18 13 55 5 63 3 75 18 78 16 94 17
60 23 20 32 20 48 19 3 15 61 12
61 60 12 76 15 88 9
62 39 9 4 17 79 16
63 21 12 59 3 43 15 51 14 90 8 92 18
64 22 12 34 14 1 6 92 12
65 13 5 52 17
66 2 15 50 19 75 5 80 9
67 50 5 78 2 84 11
68 17 20 10 2 31 13 47 16 75 18
69 3 7
70 55 12 84 16
71 2 3 8 19 18 9 35 9 74 17
72 28 3 76 6 86 19 78 12
73 39 17 93 19 86 5
74 71 17
75 2 18 30 13 47 18 59 18 66 5 68 18 40 9 88 15
76 0 18 9 6 39 13 56 18 61 15 72 6 1 19
77 37 3 38 15 56 11
78 28 6 43 6 49 20 67 2 4 8 59 16 72 12 87 8 90 18 79 8 91 17
79 1 16 27 10 30 1 62 16 78 8
80 27 5 36 17 66 9
81 31 13 42 8 92 19
82 10 10 58 11 1 9
83 18 1 57 11 35 14 56 12 91 1
84 39 19 67 11 70 16
85 34 10 55 13 58 6
86 9 17 72 19 39 15 73 5 88 14
87 4 17 15 16 53 19 78 8 37 2
88 3 20 4 11 75 15 86 14 61 9
89 18 15
90 54 10 63 8 78 18 38 5
91 21 1 26 14 49 10 55 7 83 1 78 17
92 63 18 81 19 64 12
93 26 16 30 1 73 19 19 4
94 26 10 33 16 30 13 59 17
