29
0 1 4 2 5 3 6 4 1 5 13 6 1 7 8 9 2 11 11 12 18 13 7 15 17 16 17 17 15 18 12 19 11 20 16 21 10 22 5 23 1 24 14 25 15 26 3 27 13 28 9 8 6 10 2 14 19
1 0 4 2 6 3 15 4 20 5 6 6 7 7 14 8 19 9 8 10 18 11 11 12 7 13 15 14 18 15 10 16 18 17 16 18 13 19 19 20 10 21 10 22 9 23 9 24 20 25 14 26 18 27 5 28 15
2 0 5 1 6 3 6 4 20 5 13 6 4 8 14 9 11 10 5 11 1 13 14 14 19 15 19 16 10 18 14 20 13 21 20 22 11 23 20 24 5 25 8 26 19 28 18 7 6 12 8 19 1
3 0 6 1 15 2 6 4 8 5 5 6 1 7 9 8 14 9 8 10 10 11 4 12 1 13 7 14 20 15 5 16 7 17 1 18 7 19 13 20 15 21 8 22 9 23 19 24 4 25 3 26 16 27 8 28 1
4 0 1 1 20 2 20 3 8 5 14 6 5 7 18 8 19 9 11 10 6 11 11 12 14 13 11 15 2 16 11 17 1 18 11 19 5 20 19 21 11 23 5 24 9 25 20 26 10 27 1 28 7 14 11 22 1
5 0 13 1 6 2 13 3 5 4 14 6 11 8 7 9 2 11 12 12 11 13 6 14 3 15 15 16 1 17 13 18 13 19 17 20 19 21 19 22 1 23 16 24 8 25 18 26 3 27 4 28 18 7 16 10 13
6 0 1 1 7 2 4 3 1 4 5 5 11 7 7 8 7 9 6 10 10 12 1 13 7 14 1 15 19 16 19 17 11 18 20 19 20 20 13 21 5 23 12 24 10 25 13 26 15 27 12 28 4 22 3
7 0 8 1 14 3 9 4 18 6 7 2 6 5 16 8 19 9 13 10 6 11 18 12 5 13 5 14 9 15 19 16 10 17 17 18 4 19 15 21 14 22 9 23 2 24 7 25 8 26 14 27 4 28 4
8 1 19 2 14 3 14 4 19 5 7 6 7 7 19 0 6 9 14 10 13 11 9 12 12 13 8 14 1 15 11 16 16 17 11 18 13 19 4 20 7 21 20 22 9 23 1 24 8 25 19 26 4 27 20 28 11
9 0 2 1 8 2 11 3 8 4 11 5 2 6 6 7 13 8 14 10 15 11 16 12 12 13 14 14 4 15 16 16 7 17 2 18 15 19 19 20 11 21 16 22 18 23 10 24 6 26 10 28 9 25 5 27 7
10 1 18 2 5 3 10 4 6 6 10 7 6 8 13 9 15 0 2 5 13 11 5 12 15 13 11 14 1 15 19 16 11 17 16 18 2 21 4 22 17 23 20 24 9 25 18 28 12 20 13 26 12 27 1
11 0 11 1 11 2 1 3 4 4 11 5 12 7 18 8 9 9 16 10 5 12 9 13 13 14 6 15 14 16 16 17 15 18 15 19 6 20 10 22 3 23 6 24 5 25 13 26 15 27 3 28 2 21 19
12 0 18 1 7 3 1 4 14 5 11 6 1 7 5 8 12 9 12 10 15 11 9 2 8 13 11 14 12 15 8 16 1 17 16 19 4 21 14 22 17 23 17 24 7 25 14 26 19 27 15 18 12 20 6
13 0 7 1 15 2 14 3 7 4 11 5 6 6 7 7 5 8 8 9 14 10 11 11 13 12 11 14 4 15 2 16 5 17 13 18 18 20 18 21 6 23 4 24 8 25 1 26 3 27 10 28 20 22 7
14 1 18 2 19 3 20 5 3 6 1 7 9 8 1 9 4 10 1 11 6 12 12 13 4 0 19 4 11 15 6 16 18 17 7 18 10 19 12 20 6 21 16 23 12 24 4 25 4 26 6 27 3 28 16 22 18
15 0 17 1 10 2 19 3 5 4 2 5 15 6 19 7 19 8 11 9 16 10 19 11 14 12 8 13 2 14 6 16 6 17 19 18 5 19 19 20 18 21 8 22 1 23 14 25 14 26 18 27 9 28 1 24 8
16 0 17 1 18 2 10 3 7 4 11 5 1 6 19 7 10 8 16 9 7 10 11 11 16 12 1 13 5 14 18 15 6 17 18 18 18 19 5 20 12 21 11 22 14 23 12 24 16 25 4 26 9 27 7 28 16
17 0 15 1 16 3 1 4 1 5 13 6 11 7 17 8 11 9 2 10 16 11 15 12 16 13 13 14 7 15 19 16 18 18 5 19 16 20 20 21 18 22 10 23 10 24 1 25 13 26 13 27 18 28 14
18 0 12 1 13 2 14 3 7 4 11 5 13 6 20 7 4 8 13 9 15 10 2 11 15 13 18 14 10 15 5 16 18 17 5 12 12 19 3 20 14 21 15 23 20 24 13 25 8 26 3 27 14 28 17
19 0 11 1 19 3 13 4 5 5 17 6 20 7 15 8 4 9 19 11 6 12 4 14 12 15 19 16 5 17 16 18 3 2 1 20 10 22 17 23 4 24 11 25 16 26 11 27 16 28 1 21 20
20 0 16 1 10 2 13 3 15 4 19 5 19 6 13 8 7 9 11 11 10 13 18 14 6 15 18 16 12 17 20 18 14 19 10 10 13 12 6 22 13 23 19 24 7 25 2 26 3 27 17 28 15 21 12
21 0 10 1 10 2 20 3 8 4 11 5 19 6 5 7 14 8 20 9 16 10 4 12 14 13 6 14 16 15 8 16 11 17 18 18 15 11 19 19 20 20 12 22 10 23 7 24 15 25 20 26 12 27 5 28 19
22 0 5 1 9 2 11 3 9 5 1 7 9 8 9 9 18 10 17 11 3 12 17 15 1 16 14 17 10 19 17 20 13 21 10 4 1 6 3 13 7 14 18 23 6 24 7 25 19 26 13 27 4 28 3
23 0 1 1 9 2 20 3 19 4 5 5 16 6 12 7 2 8 1 9 10 10 20 11 6 12 17 13 4 14 12 15 14 16 12 17 10 18 20 19 4 20 19 21 7 22 6 24 4 26 5 27 15 25 18
24 0 14 1 20 2 5 3 4 4 9 5 8 6 10 7 7 8 8 9 6 10 9 11 5 12 7 13 8 14 4 16 16 17 1 18 13 19 11 20 7 21 15 22 7 23 4 15 8 25 12 26 9 27 18 28 9
25 0 15 1 14 2 8 3 3 4 20 5 18 6 13 7 8 8 19 10 18 11 13 12 14 13 1 14 4 15 14 16 4 17 13 18 8 19 16 20 2 21 20 22 19 24 12 9 5 23 18 26 10 27 13 28 19
26 0 3 1 18 2 19 3 16 4 10 5 3 6 15 7 14 8 4 9 10 11 15 12 19 13 3 14 6 15 18 16 9 17 13 18 3 19 11 20 3 21 12 22 13 23 5 24 9 25 10 10 12 27 18 28 20
27 0 13 1 5 3 8 4 1 5 4 6 12 7 4 8 20 11 3 12 15 13 10 14 3 15 9 16 7 17 18 18 14 19 16 20 17 21 5 22 4 23 15 24 18 25 13 26 18 9 7 10 1 28 7
28 0 9 1 15 2 18 3 1 4 7 5 18 6 4 7 4 8 11 9 9 10 12 11 2 13 20 14 16 15 1 16 16 17 14 18 17 19 1 20 15 21 19 22 3 24 9 25 19 26 20 27 7
