69
0 19 2 35 14 58 19 63 9 30 4 62 6
1 46 13 53 12 10 3
2 33 20 65 13 47 18
3 21 19 22 3 27 20 37 18 48 10
4 17 8 19 4 23 7 33 3
5 12 19 38 3
6 12 7 14 18 53 11
7 31 4 40 13
8 11 7 22 2 15 16 64 6
9 11 11 46 8 64 16 14 7
10 1 3 11 10
11 8 7 9 11 10 10 16 8 50 13 58 12
12 5 19 6 7 33 9 55 14 64 5 45 9
13 64 16 42 20
14 6 18 9 7 20 2 29 10
15 8 16 62 4
16 11 8 43 8 62 16 65 2
17 4 8 22 15 30 8 36 16 54 3
18 33 9 42 5 50 7
19 0 2 4 4 41 11
20 14 2 54 4
21 3 19 22 5 24 17 26 3
22 3 3 8 2 17 15 21 5 44 14
23 4 7 47 4 65 3
24 21 17 30 4
25 27 19
26 21 3 34 20 48 13 58 11
27 3 20 25 19 56 6
28 65 11
29 14 10 31 2 34 8 35 4 44 19
30 17 8 0 4 24 4 65 8
31 7 4 29 2 32 9 54 20 57 8
32 31 9 50 2 56 15 57 4 52 16
33 2 20 12 9 18 9 4 3 47 2
34 26 20 29 8
35 0 14 29 4 39 15 65 7 56 19
36 17 16 39 19 45 9 49 10 67 14
37 3 18 61 9
38 5 3 57 7
39 35 15 36 19 41 10 45 15 48 15
40 7 13 59 12 60 13
41 19 11 39 10 56 5
42 18 5 13 20 50 15 51 4 65 3
43 16 8 47 16 66 14
44 29 19 22 14 50 9 59 1 62 2
45 39 15 12 9 36 9 57 20 61 20 66 18
46 1 13 9 8
47 23 4 43 16 2 18 33 2 68 3 51 13 61 14
48 3 10 26 13 39 15 49 7 52 4 56 11
49 48 7 36 10
50 11 13 18 7 32 2 42 15 44 9 61 5
51 42 4 47 13
52 48 4 32 16 54 7 63 5 64 1 65 12
53 1 12 6 11
54 17 3 20 4 31 20 52 7
55 12 14
56 27 6 32 15 41 5 48 11 35 19 65 11 67 18
57 31 8 32 4 38 7 45 20 64 6
58 0 19 26 11 11 12 64 20
59 40 12 44 1
60 40 13 62 14
61 37 9 45 20 50 5 47 14
62 15 4 16 16 44 2 60 14 0 6
63 0 9 52 5
64 9 16 12 5 13 16 52 1 57 6 58 20 8 6 68 2 67 14
65 2 13 16 2 23 3 28 11 30 8 35 7 42 3 52 12 56 11
66 43 14 45 18
67 56 18 36 14 64 14
68 47 3 64 2
