59
0 22 16 40 12 37 8
1 39 7 12 10
2 3 7 30 1 33 13 6 19
3 2 7 31 18 35 18
4 36 3 55 1 23 15
5 9 13 19 12 20 9 21 18 29 4 39 13 49 5 56 2 17 18 48 16
6 2 19 38 17 52 6
7 20 10 34 3 18 10
8 22 2 28 4 42 5 45 15 53 14
9 5 13 11 3 38 1 51 19
10 29 9 11 7 13 15
11 9 3 10 7 31 15 42 20 30 2 48 9
12 1 10 20 5 13 4
13 10 15 12 4 17 11 45 17 53 16
14 41 18 42 4 26 12
15 24 6 28 20 29 19 31 9
16 34 15 40 4 44 4 33 1
17 13 11 5 18 40 8 39 2
18 7 10 30 17
19 5 12 49 1 26 3 28 9
20 5 9 7 10 12 5 28 5 52 13 58 9 34 14 39 1
21 5 18 39 10
22 0 16 8 2 27 7 31 13
23 4 15 25 9 58 9
24 15 6 26 17 39 11
25 23 9 34 10
26 24 17 14 12 19 3 30 4 52 2 51 5
27 22 7 41 6 49 12
28 8 4 15 20 20 5 19 9 40 18 48 20 55 13 43 7
29 5 4 10 9 15 19 39 6 41 15 51 16 52 17 40 3 43 13
30 2 1 18 17 26 4 11 2 31 18 53 14
31 3 18 11 15 15 9 30 18 22 13 37 13 43 4 49 17 50 6
32 48 19 55 10
33 2 13 16 1 37 2
34 7 3 16 15 25 10 20 14 52 3 49 7
35 3 18 37 12 44 8
36 4 3 43 2 44 18
37 31 13 35 12 0 8 33 2 54 13
38 6 17 9 1
39 1 7 5 13 21 10 29 6 17 2 20 1 24 11
40 0 12 16 4 17 8 28 18 29 3 47 10
41 14 18 27 6 29 15
42 8 5 11 20 14 4 45 4 46 18
43 31 4 36 2 28 7 29 13
44 16 4 35 8 36 18
45 8 15 13 17 42 4
46 42 18 49 1 50 1 51 12 57 2
47 40 10
48 28 20 32 19 5 16 11 9
49 5 5 19 1 31 17 46 1 27 12 34 7
50 31 6 46 1
51 29 16 46 12 9 19 26 5
52 6 6 20 13 26 2 29 17 34 3
53 13 16 30 14 8 14
54 37 13
55 4 1 28 13 32 10
56 5 2 57 18
57 46 2 56 18
58 20 9 23 9
