63
0 1 11 2 12 4 14 5 9 6 11 7 7 8 17 9 1 11 11 12 20 13 2 14 20 15 4 16 18 17 9 18 8 19 6 20 1 21 5 24 9 25 16 28 16 29 9 30 17 31 19 32 4 33 19 34 19 35 6 36 14 37 20 38 16 39 3 40 11 41 11 42 11 43 8 44 3 45 11 46 14 47 10 48 3 49 12 50 18 51 16 52 1 53 14 54 14 55 3 56 15 57 18 58 18 60 18 61 2 62 13 10 5 22 9 23 18 26 13 27 15
1 0 11 2 15 3 18 4 10 5 12 6 2 7 13 8 1 9 19 10 14 11 13 12 18 13 16 14 12 15 11 16 10 17 16 19 3 20 15 21 8 22 2 23 17 24 2 25 7 26 19 27 11 28 1 29 3 30 2 31 18 32 14 33 12 34 13 35 17 36 13 37 1 38 2 39 9 40 3 41 20 42 2 43 15 44 14 46 3 47 9 48 7 49 13 51 20 53 19 54 18 56 7 57 13 58 7 59 7 60 12 61 16 50 10 52 7 55 3 62 19
2 0 12 1 15 3 16 4 8 5 2 6 15 7 11 8 10 9 17 10 4 12 5 13 1 14 15 15 18 16 3 18 11 19 3 20 17 21 10 23 11 24 10 25 16 26 14 27 20 28 18 29 16 31 15 32 16 33 1 34 14 35 1 36 3 37 8 38 5 39 17 40 14 41 1 42 6 43 13 44 12 45 10 46 10 48 15 49 18 50 19 52 11 53 8 54 5 55 20 56 4 57 19 58 4 59 19 60 18 61 9 62 16 11 15 17 10 22 20 30 9 47 16 51 11
3 1 18 2 16 4 3 5 11 6 20 7 3 8 18 9 18 10 15 11 13 12 16 13 10 14 19 15 2 16 15 17 1 18 4 19 19 21 19 22 8 23 3 24 19 25 2 26 13 27 6 28 8 29 4 30 13 31 11 32 9 33 11 34 5 35 5 36 4 37 15 38 17 39 19 40 8 42 7 43 18 44 8 46 18 47 7 48 6 50 2 51 10 52 18 53 16 54 20 55 1 56 9 57 14 58 11 59 18 60 13 61 8 62 9 20 2 41 11 45 14 49 4
4 0 14 1 10 2 8 3 3 5 3 6 12 8 2 9 14 10 8 13 9 14 8 15 19 16 19 17 16 18 1 20 14 21 19 22 6 23 11 24 14 25 19 26 13 27 11 28 4 30 18 31 7 32 8 33 4 34 2 35 12 36 20 37 17 38 7 39 10 40 17 41 18 43 7 44 20 45 6 46 13 47 1 48 17 50 1 51 7 52 10 53 9 55 16 56 20 57 12 58 1 60 10 61 6 62 9 7 15 11 5 12 15 19 16 29 2 42 14 49 8 54 20 59 3
5 0 9 1 12 2 2 3 11 4 3 6 9 8 17 9 6 10 12 11 2 13 13 14 6 16 15 17 4 18 1 20 20 21 19 22 16 24 10 25 6 26 15 28 14 29 8 30 19 31 8 32 3 33 17 34 12 35 20 36 17 37 10 38 10 39 2 40 3 41 20 42 13 43 20 44 18 45 3 46 11 48 15 49 9 51 12 52 14 53 20 54 2 55 20 56 12 57 19 58 14 59 19 60 7 61 3 62 7 7 15 12 3 19 4 23 6 27 12 47 15 50 2
6 0 11 1 2 2 15 3 20 4 12 5 9 7 13 8 9 10 7 12 8 13 9 14 7 15 16 16 15 17 15 18 16 19 10 20 1 21 15 24 14 25 20 27 2 28 3 29 14 30 18 32 3 33 9 34 7 35 10 37 19 38 11 39 18 40 5 42 4 43 19 44 16 46 10 47 14 49 4 50 15 51 20 52 5 53 1 55 17 56 19 58 17 59 13 60 9 61 10 62 20 9 20 11 19 23 20 26 8 36 7 41 20 45 6 48 10 54 19 57 17
7 0 7 1 13 2 11 3 3 6 13 4 15 5 15 8 12 9 6 10 3 11 18 12 18 13 7 14 9 15 7 16 8 17 9 18 3 19 1 20 1 21 5 22 6 23 13 24 19 25 12 27 6 28 16 29 16 30 7 31 6 32 12 33 9 34 19 35 16 36 15 37 2 38 9 39 8 40 4 41 7 42 18 43 13 44 8 45 8 46 9 47 17 48 9 49 5 50 3 51 1 52 4 54 3 55 18 56 10 57 2 58 17 59 15 61 4 62 20 26 19 53 17 60 3
8 0 17 1 1 2 10 3 18 4 2 5 17 6 9 7 12 9 12 11 11 12 15 13 7 14 7 15 19 17 2 18 2 19 6 20 12 21 8 22 5 23 17 24 16 25 12 26 14 27 16 28 3 29 16 30 1 31 2 32 10 33 12 34 4 35 6 36 20 37 9 38 19 40 9 41 5 42 2 43 11 44 6 45 17 46 17 47 11 48 16 49 3 50 10 52 16 53 2 54 6 55 19 56 7 57 2 58 1 59 4 60 10 61 14 62 12 10 13 16 10 51 3
9 0 1 1 19 2 17 3 18 4 14 5 6 7 6 8 12 6 20 10 12 11 1 12 10 13 18 14 10 15 18 16 18 18 7 19 13 21 13 22 1 23 16 24 8 25 3 26 20 27 19 28 17 29 1 30 10 31 9 32 17 33 1 35 14 36 2 37 19 38 7 39 7 40 11 41 4 43 18 44 13 45 11 46 7 47 16 48 5 49 15 50 8 51 17 52 20 53 13 54 11 56 9 57 18 58 5 59 8 60 14 61 17 17 8 20 10 34 1 42 9 62 9
10 1 14 2 4 3 15 4 8 5 12 6 7 7 3 9 12 0 5 8 13 12 11 13 8 14 12 15 1 17 12 18 13 19 20 20 16 21 8 22 15 23 5 24 7 25 11 26 12 27 17 30 12 31 3 32 14 33 8 34 1 35 16 36 5 37 18 38 4 39 9 40 14 41 13 42 9 43 1 44 17 46 18 47 2 48 6 49 10 50 2 51 10 52 17 53 1 54 14 55 20 56 10 58 16 59 18 60 5 61 7 62 12 11 8 16 6 28 19 29 6 45 5 57 7
11 0 11 1 13 3 13 5 2 7 18 8 11 9 1 2 15 4 5 6 19 10 8 12 8 13 15 14 11 16 19 17 15 18 15 19 7 20 20 22 13 23 6 25 3 26 10 27 8 29 19 30 10 32 5 34 19 35 7 36 8 37 6 38 16 39 1 40 20 42 7 43 9 44 7 45 12 46 16 47 9 48 19 49 10 50 19 51 5 52 9 53 19 54 5 55 9 56 2 58 9 60 5 61 5 62 8 15 17 21 13 24 20 28 12 31 9 33 8 41 10 59 19
12 0 20 1 18 2 5 3 16 6 8 7 18 8 15 9 10 10 11 11 8 4 15 5 3 13 13 14 3 15 4 16 19 17 18 18 8 19 5 20 12 21 14 22 3 24 9 25 14 26 9 27 13 28 12 29 3 30 8 32 10 33 3 34 13 35 1 36 14 38 20 40 15 41 6 42 5 43 9 44 15 46 4 47 1 48 11 49 13 50 15 51 8 52 18 53 17 54 3 55 10 56 20 57 9 58 5 60 1 61 18 62 11 23 20 31 3 37 4 39 2 45 3 59 4
13 0 2 1 16 2 1 3 10 4 9 5 13 6 9 7 7 8 7 9 18 10 8 11 15 12 13 14 9 15 5 16 11 17 14 18 10 19 5 20 20 21 6 22 5 23 4 24 16 25 3 26 14 27 20 28 16 29 16 30 6 31 2 32 2 33 1 35 14 36 7 37 15 38 18 39 5 40 2 42 2 43 1 44 2 45 17 49 19 50 6 51 12 52 3 53 11 54 13 55 10 56 20 57 3 58 20 59 12 60 19 61 4 62 13 34 4 41 1 46 1 47 4
14 0 20 1 12 2 15 3 19 4 8 5 6 6 7 7 9 8 7 9 10 10 12 11 11 12 3 13 9 15 19 16 4 17 14 18 20 19 8 20 13 21 2 22 14 23 6 24 5 26 18 27 6 28 5 29 19 30 16 31 19 32 7 33 3 34 14 35 11 36 18 37 1 38 17 39 6 40 8 41 4 42 16 43 17 45 1 46 18 47 10 48 18 49 12 50 7 51 20 52 4 53 1 54 16 55 16 56 2 57 15 58 9 59 1 60 2 25 6 44 18 61 12 62 5
15 0 4 1 11 2 18 3 2 4 19 6 16 7 7 8 19 9 18 10 1 12 4 13 5 14 19 11 17 16 4 17 10 18 6 19 7 21 13 22 6 23 17 24 3 25 3 26 6 27 8 28 3 29 15 30 10 31 7 34 15 35 12 36 15 37 7 39 3 40 3 41 12 42 7 43 18 44 7 45 4 46 10 47 3 48 17 49 12 50 6 52 4 53 15 54 20 55 14 56 3 57 2 58 1 59 2 62 4 20 3 32 8 33 10 38 8 51 8 60 20 61 3
16 0 18 1 10 2 3 3 15 4 19 5 15 6 15 7 8 9 18 11 19 12 19 13 11 14 4 15 4 8 10 10 6 17 10 18 7 19 4 20 14 21 11 22 6 23 9 24 14 25 4 27 2 28 18 29 17 30 8 31 16 32 12 33 3 34 20 35 11 36 15 37 4 38 15 39 13 40 13 41 12 42 20 44 3 45 15 46 13 47 5 48 20 49 4 50 10 51 17 53 18 54 12 55 16 56 10 57 17 58 14 59 13 60 10 61 16 62 5 26 12 43 18 52 17
17 0 9 1 16 3 1 4 16 5 4 6 15 7 9 8 2 10 12 11 15 12 18 13 14 14 14 15 10 16 10 2 10 9 8 18 11 19 11 20 20 23 17 24 19 25 3 26 13 27 14 28 20 29 14 30 9 31 15 32 11 33 10 34 15 36 18 37 3 38 13 39 15 40 2 41 17 42 9 43 13 44 14 45 11 46 5 48 13 49 14 50 2 51 14 52 13 53 17 54 19 55 1 56 8 57 17 59 4 60 13 61 15 21 11 22 11 35 12 58 12 62 2
18 0 8 2 11 3 4 4 1 5 1 6 16 7 3 8 2 9 7 10 13 11 15 12 8 13 10 14 20 15 6 16 7 17 11 20 19 21 1 22 15 23 9 24 10 25 20 26 18 27 14 29 20 30 11 31 7 33 4 34 1 35 20 36 10 37 16 38 20 39 15 40 17 41 17 42 5 43 4 44 19 45 16 46 11 47 2 49 10 50 10 51 12 52 11 53 1 54 3 55 2 56 19 57 20 58 2 59 20 60 7 61 16 62 10 32 2 48 3
19 0 6 1 3 2 3 3 19 6 10 7 1 8 6 9 13 10 20 11 7 12 5 13 5 14 8 15 7 16 4 17 11 4 16 5 4 20 16 21 7 22 15 23 5 25 6 26 18 27 16 28 5 29 7 30 3 31 17 33 1 34 20 35 9 36 17 37 2 38 1 39 17 40 18 41 10 42 19 43 19 44 1 45 10 46 3 48 8 50 17 51 16 52 11 53 11 54 20 55 15 56 7 57 2 58 13 59 14 60 10 61 5 62 11 32 9 47 4 49 13
20 0 1 1 15 2 17 4 14 5 20 6 1 7 1 8 12 10 16 11 20 12 12 13 20 14 13 16 14 17 20 18 19 19 16 3 2 9 10 15 3 21 12 22 11 23 11 24 4 25 12 26 13 27 19 28 15 29 3 30 11 31 3 32 18 33 14 34 10 36 5 37 4 38 13 39 19 40 6 41 10 43 3 45 17 46 17 48 12 50 1 51 2 52 8 53 14 54 13 55 3 57 19 58 2 59 6 60 3 61 2 62 13 35 15 42 20 44 11 47 2 49 6 56 9
21 0 5 1 8 2 10 3 19 4 19 5 19 6 15 7 5 8 8 9 13 10 8 12 14 13 6 14 2 15 13 16 11 18 1 19 7 20 12 11 13 17 11 22 7 23 17 24 10 25 17 26 19 27 12 28 2 29 12 30 16 31 3 33 4 34 17 35 11 36 9 37 15 38 20 39 12 40 8 41 9 42 11 43 17 44 12 45 13 46 15 47 15 48 7 49 4 51 14 52 17 53 14 55 15 56 14 58 16 59 2 60 5 61 7 62 2 32 19 54 13 57 5
22 1 2 3 8 4 6 5 16 7 6 8 5 9 1 10 15 11 13 12 3 13 5 14 14 15 6 16 6 18 15 19 15 20 11 21 7 0 9 2 20 17 11 23 4 24 11 25 15 28 8 29 1 30 12 31 6 34 5 36 12 37 3 39 10 40 15 41 19 42 13 43 6 44 15 45 6 46 18 47 14 49 19 51 18 52 20 53 20 54 14 55 7 56 2 57 18 58 10 59 4 60 12 62 15 26 19 27 1 32 16 33 1 35 3 38 5 48 4 50 18 61 8
23 1 17 2 11 3 3 4 11 7 13 8 17 9 16 10 5 11 6 13 4 14 6 15 17 16 9 17 17 18 9 19 5 20 11 21 17 22 4 0 18 5 6 6 20 12 20 25 5 26 10 29 3 30 6 31 2 32 11 33 19 34 18 35 5 36 11 37 11 38 3 40 18 41 4 42 7 43 10 44 7 45 5 46 14 47 5 48 13 50 18 51 11 52 7 53 7 54 19 56 18 58 4 59 13 60 3 61 18 62 5 24 16 27 19 28 5 39 5 49 14 55 16 57 8
24 0 9 1 2 2 10 3 19 4 14 5 10 6 14 7 19 8 16 9 8 10 7 12 9 13 16 14 5 15 3 16 14 17 19 18 10 20 4 21 10 22 11 11 20 23 16 25 12 26 15 27 12 28 16 30 7 31 18 33 11 34 9 36 13 37 2 38 6 39 1 40 14 41 10 42 20 43 7 45 15 46 18 47 5 48 6 49 13 50 13 51 3 52 12 53 2 54 5 55 13 56 8 57 4 58 12 59 8 60 4 62 19 29 8 32 7 35 19 44 2 61 2
25 0 16 1 7 2 16 3 2 4 19 5 6 6 20 7 12 8 12 9 3 10 11 11 3 12 14 13 3 15 3 16 4 17 3 18 20 19 6 20 12 21 17 22 15 23 5 24 12 14 6 27 11 28 1 29 7 30 19 31 4 32 3 33 10 34 6 36 13 37 2 38 14 39 6 40 4 41 19 42 20 43 7 44 9 45 16 46 18 47 8 49 4 50 5 51 12 52 1 53 16 54 17 55 9 56 18 57 20 58 13 59 4 60 19 61 4 26 15 35 5 48 9 62 11
26 1 19 2 14 3 13 4 13 5 15 8 14 9 20 10 12 11 10 12 9 13 14 14 18 15 6 17 13 18 18 19 18 20 13 21 19 23 10 24 15 0 13 6 8 7 19 16 12 22 19 25 15 27 7 28 16 30 14 32 20 33 17 34 11 35 11 36 8 37 15 39 10 40 11 41 5 42 15 43 19 44 12 45 14 46 8 47 16 48 10 50 15 53 19 55 16 56 16 57 7 59 13 60 6 61 1 62 1 29 6 31 15 38 16 49 15 51 17 52 15 54 16 58 13
27 1 11 2 20 3 6 4 11 6 2 7 6 8 16 9 19 10 17 11 8 12 13 13 20 14 6 15 8 16 2 17 14 18 14 19 16 20 19 21 12 24 12 25 11 26 7 0 15 5 12 22 1 23 19 28 17 30 3 31 12 32 12 33 17 34 9 35 15 36 15 37 6 38 7 39 14 40 19 42 16 43 10 44 11 45 17 47 2 48 13 49 19 50 8 51 10 53 5 54 1 55 12 56 8 58 16 59 14 60 7 61 9 62 4 29 19 41 4 46 11 52 17 57 8
28 0 16 1 1 2 18 3 8 4 4 5 14 6 3 7 16 8 3 9 17 12 12 13 16 14 5 15 3 16 18 17 20 19 5 20 15 21 2 22 8 24 16 25 1 26 16 27 17 10 19 11 12 23 5 29 15 30 9 31 2 32 13 33 11 34 4 35 18 36 19 37 19 38 4 39 9 40 12 41 2 42 15 43 16 44 2 45 17 46 18 47 18 48 12 49 5 50 7 51 8 52 3 53 4 54 8 55 12 56 17 57 20 58 10 59 12 61 13 62 10 60 8
29 0 9 1 3 2 16 3 4 5 8 6 14 7 16 8 16 9 1 11 19 12 3 13 16 14 19 15 15 16 17 17 14 18 20 19 7 20 3 21 12 22 1 23 3 25 7 28 15 4 2 10 6 24 8 26 6 27 19 30 12 32 9 33 17 34 9 36 9 37 19 38 6 40 19 41 11 42 11 43 3 44 6 45 3 46 10 47 16 48 13 49 16 50 10 51 12 52 11 53 5 54 20 55 18 57 3 58 10 59 8 60 16 61 8 62 16 31 4 35 5 39 5 56 18
30 0 17 1 2 3 13 4 18 5 19 6 18 7 7 8 1 9 10 10 12 11 10 12 8 13 6 14 16 15 10 16 8 17 9 18 11 19 3 20 11 21 16 22 12 23 6 24 7 25 19 26 14 27 3 28 9 29 12 2 9 31 16 33 14 34 20 35 17 36 12 37 9 38 20 39 8 40 1 41 1 42 16 43 19 44 9 45 15 46 8 47 4 48 10 49 1 51 5 52 8 53 16 54 15 55 15 56 6 57 5 58 7 59 17 60 14 61 5 62 4 32 20 50 9
31 0 19 1 18 2 15 3 11 4 7 5 8 7 6 8 2 9 9 10 3 13 2 14 19 15 7 16 16 17 15 18 7 19 17 20 3 21 3 22 6 23 2 24 18 25 4 27 12 28 2 30 16 11 9 12 3 26 15 29 4 32 19 33 19 34 7 35 8 36 1 37 9 39 14 42 5 43 5 44 16 45 6 46 13 47 4 48 14 49 11 51 18 52 4 53 2 54 6 55 7 56 15 57 3 58 19 59 3 60 5 61 1 62 5 38 16 40 16 50 3
32 0 4 1 14 2 16 3 9 4 8 5 3 6 3 7 12 8 10 9 17 10 14 11 5 12 10 13 2 14 7 16 12 17 11 20 18 23 11 25 3 26 20 27 12 28 13 29 9 31 19 15 8 18 2 19 9 21 19 22 16 24 7 30 20 33 17 34 9 35 4 38 4 39 4 40 2 41 6 42 6 43 6 44 5 45 4 46 8 47 15 48 11 49 7 50 17 51 2 52 6 53 3 54 5 55 20 56 4 57 19 58 1 59 7 60 6 61 5 62 16 37 19
33 0 19 1 12 2 1 3 11 4 4 5 17 6 9 7 9 8 12 9 1 10 8 12 3 13 1 14 3 16 3 17 10 18 4 19 1 20 14 21 4 23 19 24 11 25 10 26 17 27 17 28 11 29 17 30 14 31 19 32 17 11 8 15 10 22 1 34 17 36 8 37 9 38 9 39 6 40 7 41 15 42 20 43 12 44 11 45 12 46 13 47 6 48 12 50 4 51 15 52 19 53 20 54 20 55 9 57 20 58 10 60 20 61 19 62 8 35 4 49 18 59 3
34 0 19 1 13 2 14 3 5 4 2 5 12 6 7 7 19 8 4 10 1 11 19 12 13 14 14 15 15 16 20 17 15 18 1 19 20 20 10 21 17 22 5 23 18 24 9 25 6 26 11 27 9 28 4 29 9 30 20 31 7 32 9 33 17 9 1 13 4 36 9 37 9 38 9 39 8 40 19 41 16 42 15 43 12 44 11 45 7 46 12 47 4 48 9 49 16 50 18 51 14 52 8 54 9 55 18 57 7 58 13 59 8 61 14 35 20 56 17 60 8 62 9
35 0 6 1 17 2 1 3 5 4 12 5 20 6 10 7 16 8 6 9 14 10 16 11 7 12 1 13 14 14 11 15 12 16 11 18 20 19 9 21 11 23 5 26 11 27 15 28 18 30 17 31 8 32 4 17 12 20 15 22 3 24 19 25 5 29 5 33 4 34 20 36 7 37 17 38 11 39 7 41 3 42 6 43 13 44 13 45 12 46 20 47 3 48 12 49 19 50 12 51 8 52 15 53 8 54 7 55 7 56 16 58 10 59 13 61 20 62 1 40 5 57 9 60 18
36 0 14 1 13 2 3 3 4 4 20 5 17 7 15 8 20 9 2 10 5 11 8 12 14 13 7 14 18 15 15 16 15 17 18 18 10 19 17 20 5 21 9 22 12 23 11 24 13 25 13 26 8 27 15 28 19 29 9 30 12 31 1 33 8 34 9 35 7 6 7 37 5 38 6 40 13 41 18 42 14 43 5 45 8 47 15 48 11 49 12 50 1 51 1 52 7 53 3 54 8 55 10 57 1 58 17 59 20 60 8 61 4 62 12 44 20 46 20 56 13
37 0 20 1 1 2 8 3 15 4 17 5 10 6 19 7 2 8 9 9 19 10 18 11 6 13 15 14 1 15 7 16 4 17 3 18 16 19 2 20 4 21 15 22 3 23 11 24 2 25 2 26 15 27 6 28 19 29 19 30 9 31 9 33 9 34 9 35 17 36 5 12 4 32 19 38 12 39 20 40 7 42 1 43 16 45 6 47 11 48 7 49 13 50 8 51 2 52 14 53 12 54 10 55 9 56 14 57 1 58 6 59 4 61 15 62 8 41 2 44 19 46 14 60 11
38 0 16 1 2 2 5 3 17 4 7 5 10 6 11 7 9 8 19 9 7 10 4 11 16 12 20 13 18 14 17 16 15 17 13 18 20 19 1 20 13 21 20 23 3 24 6 25 14 27 7 28 4 29 6 30 20 32 4 33 9 34 9 35 11 36 6 37 12 15 8 22 5 26 16 31 16 39 20 40 13 41 3 42 19 43 3 45 18 46 3 47 20 48 17 49 7 50 6 51 11 52 6 54 7 55 11 56 20 57 4 58 17 59 12 60 12 61 1 62 18 44 17
39 0 3 1 9 2 17 3 19 4 10 5 2 6 18 7 8 9 7 10 9 11 1 13 5 14 6 15 3 16 13 17 15 18 15 19 17 20 19 21 12 22 10 24 1 25 6 26 10 27 14 28 9 30 8 31 14 32 4 33 6 34 8 35 7 37 20 38 20 12 2 23 5 29 5 40 11 41 13 42 19 43 2 44 5 45 16 46 9 47 9 48 7 49 6 50 17 51 15 52 13 54 9 55 17 56 11 57 14 58 1 59 16 60 6 61 8 62 2
40 0 11 1 3 2 14 3 8 4 17 5 3 6 5 7 4 8 9 9 11 10 14 11 20 12 15 13 2 14 8 15 3 16 13 17 2 18 17 19 18 20 6 21 8 22 15 23 18 24 14 25 4 26 11 27 19 28 12 29 19 30 1 32 2 33 7 34 19 36 13 37 7 38 13 39 11 31 16 35 5 41 3 42 10 43 14 44 12 45 12 46 7 47 10 48 12 49 12 50 15 51 1 52 13 53 16 54 7 56 18 57 18 58 4 59 15 60 3 61 5 62 15 55 3
41 0 11 1 20 2 1 4 18 5 20 7 7 8 5 9 4 10 13 12 6 14 4 15 12 16 12 17 17 18 17 19 10 20 10 21 9 22 19 23 4 24 10 25 19 26 5 28 2 29 11 30 1 32 6 33 15 34 16 35 3 36 18 38 3 39 13 40 3 3 11 6 20 11 10 13 1 27 4 37 2 42 14 43 16 44 5 45 6 46 4 47 5 48 3 49 7 50 1 51 6 52 5 53 16 54 14 56 16 57 3 58 3 59 2 60 14 61 7 62 6 55 8
42 0 11 1 2 2 6 3 7 5 13 6 4 7 18 8 2 10 9 11 7 12 5 13 2 14 16 15 7 16 20 17 9 18 5 19 19 21 11 22 13 23 7 24 20 25 20 26 15 27 16 28 15 29 11 30 16 31 5 32 6 33 20 34 15 35 6 36 14 37 1 38 19 39 19 40 10 41 14 4 14 9 9 20 20 43 16 44 17 45 2 46 5 47 7 48 9 49 12 50 4 51 9 52 1 53 2 54 3 55 17 56 2 57 2 58 3 59 14 60 11 61 14 62 14
43 0 8 1 15 2 13 3 18 4 7 5 20 6 19 7 13 8 11 9 18 10 1 11 9 12 9 13 1 14 17 15 18 17 13 18 4 19 19 20 3 21 17 22 6 23 10 24 7 25 7 26 19 27 10 28 16 29 3 30 19 31 5 32 6 33 12 34 12 35 13 36 5 37 16 38 3 39 2 40 14 41 16 42 16 16 18 44 20 45 1 47 12 48 4 49 16 50 14 51 1 52 1 53 12 55 19 56 9 57 2 58 19 59 5 60 20 61 16 62 2 46 8 54 18
44 0 3 1 14 2 12 3 8 4 20 5 18 6 16 7 8 8 6 9 13 10 17 11 7 12 15 13 2 15 7 16 3 17 14 18 19 19 1 21 12 22 15 23 7 25 9 26 12 27 11 28 2 29 6 30 9 31 16 32 5 33 11 34 11 35 13 39 5 40 12 41 5 42 17 43 20 14 18 20 11 24 2 36 20 37 19 38 17 45 20 46 8 47 5 48 4 49 18 51 4 52 19 53 4 54 7 55 3 56 1 57 20 58 9 59 9 60 4 62 2 50 15 61 4
45 0 11 2 10 4 6 5 3 7 8 8 17 9 11 11 12 13 17 14 1 15 4 16 15 17 11 18 16 19 10 20 17 21 13 22 6 23 5 24 15 25 16 26 14 27 17 28 17 29 3 30 15 31 6 32 4 33 12 34 7 35 12 36 8 37 6 38 18 39 16 40 12 41 6 42 2 43 1 44 20 3 14 6 6 10 5 12 3 46 15 47 10 50 17 51 7 52 1 53 20 54 17 55 3 56 2 57 19 59 9 60 15 61 6 62 12 48 9 49 3 58 17
46 0 14 1 3 2 10 3 18 4 13 5 11 6 10 7 9 8 17 9 7 10 18 11 16 12 4 14 18 15 10 16 13 17 5 18 11 19 3 20 17 21 15 22 18 23 14 24 18 25 18 26 8 28 18 29 10 30 8 31 13 32 8 33 13 34 12 35 20 38 3 39 9 40 7 41 4 42 5 44 8 45 15 13 1 27 11 36 20 37 14 43 8 47 3 48 12 49 10 50 17 51 6 52 3 53 19 55 18 56 10 57 6 58 6 59 6 60 7 61 4 54 7
47 0 10 1 9 3 7 4 1 6 14 7 17 8 11 9 16 10 2 11 9 12 1 14 10 15 3 16 5 18 2 21 15 22 14 23 5 24 5 25 8 26 16 27 2 28 18 29 16 30 4 31 4 32 15 33 6 34 4 35 3 36 15 37 11 38 20 39 9 40 10 41 5 42 7 43 12 44 5 45 10 46 3 2 16 5 15 13 4 19 4 20 2 48 8 49 18 50 11 51 3 52 13 53 16 54 8 55 6 56 15 58 16 59 4 60 19 61 4 62 2 57 4
48 0 3 1 7 2 15 3 6 4 17 5 15 7 9 8 16 9 5 10 6 11 19 12 11 14 18 15 17 16 20 17 13 19 8 20 12 21 7 23 13 24 6 26 10 27 13 28 12 29 13 30 10 31 14 32 11 33 12 34 9 35 12 36 11 37 7 38 17 39 7 40 12 41 3 42 9 43 4 44 4 46 12 47 8 6 10 18 3 22 4 25 9 45 9 49 12 50 14 51 4 52 19 53 16 54 6 55 7 56 12 57 7 58 7 59 1 60 5 61 11 62 17
49 0 12 1 13 2 18 5 9 6 4 7 5 8 3 9 15 10 10 11 10 12 13 13 19 14 12 15 12 16 4 17 14 18 10 21 4 22 19 24 13 25 4 27 19 28 5 29 16 30 1 31 11 32 7 34 16 35 19 36 12 37 13 38 7 39 6 40 12 41 7 42 12 43 16 44 18 46 10 47 18 48 12 3 4 4 8 19 13 20 6 23 14 26 15 33 18 45 3 50 11 51 14 52 4 53 1 54 8 55 9 56 17 57 9 58 10 59 8 60 13 61 20 62 17
50 0 18 2 19 3 2 4 1 6 15 7 3 8 10 9 8 10 2 11 19 12 15 13 6 14 7 15 6 16 10 17 2 18 10 19 17 20 1 23 18 24 13 25 5 26 15 27 8 28 7 29 10 32 17 33 4 34 18 35 12 36 1 37 8 38 6 39 17 40 15 41 1 42 4 43 14 45 17 46 17 47 11 48 14 49 11 1 10 5 2 22 18 30 9 31 3 44 15 51 9 52 4 53 5 54 11 55 1 56 15 57 6 58 17 59 3 60 7 61 13 62 18
51 0 16 1 20 3 10 4 7 5 12 6 20 7 1 9 17 10 10 11 5 12 8 13 12 14 20 16 17 17 14 18 12 19 16 20 2 21 14 22 18 23 11 24 3 25 12 27 10 28 8 29 12 30 5 31 18 32 2 33 15 34 14 35 8 36 1 37 2 38 11 39 15 40 1 41 6 42 9 43 1 44 4 45 7 46 6 47 3 48 4 49 14 50 9 2 11 8 3 15 8 26 17 52 12 54 7 55 8 56 10 57 19 58 13 59 6 60 10 53 20 61 16 62 4
52 0 1 2 11 3 18 4 10 5 14 6 5 7 4 8 16 9 20 10 17 11 9 12 18 13 3 14 4 15 4 17 13 18 11 19 11 20 8 21 17 22 20 23 7 24 12 25 1 28 3 29 11 30 8 31 4 32 6 33 19 34 8 35 15 36 7 37 14 38 6 39 13 40 13 41 5 42 1 43 1 44 19 45 1 46 3 47 13 48 19 49 4 50 4 51 12 1 7 16 17 26 15 27 17 53 14 54 7 55 1 57 17 58 17 59 11 60 20 61 7 62 16 56 8
53 0 14 1 19 2 8 3 16 4 9 5 20 6 1 8 2 9 13 10 1 11 19 12 17 13 11 14 1 15 15 16 18 17 17 18 1 19 11 20 14 21 14 22 20 23 7 24 2 25 16 26 19 27 5 28 4 29 5 30 16 31 2 32 3 33 20 35 8 36 3 37 12 40 16 41 16 42 2 43 12 44 4 45 20 46 19 47 16 48 16 49 1 50 5 52 14 7 17 51 20 54 10 55 11 56 6 57 18 58 2 59 7 60 18 61 7 62 3
54 0 14 1 18 2 5 3 20 5 2 7 3 8 6 9 11 10 14 11 5 12 3 13 13 14 16 15 20 16 12 17 19 18 3 19 20 20 13 22 14 23 19 24 5 25 17 27 1 28 8 29 20 30 15 31 6 32 5 33 20 34 9 35 7 36 8 37 10 38 7 39 9 40 7 41 14 42 3 44 7 45 17 47 8 48 6 49 8 50 11 51 7 52 7 53 10 4 20 6 19 21 13 26 16 43 18 46 7 56 1 57 1 58 6 60 2 61 12 62 3 55 8 59 18
55 0 3 2 20 3 1 4 16 5 20 6 17 7 18 8 19 10 20 11 9 12 10 13 10 14 16 15 14 16 16 17 1 18 2 19 15 20 3 21 15 22 7 24 13 25 9 26 16 27 12 28 12 29 18 30 15 31 7 32 20 33 9 34 18 35 7 36 10 37 9 38 11 39 17 42 17 43 19 44 3 45 3 46 18 47 6 48 7 49 9 50 1 51 8 52 1 53 11 1 3 23 16 40 3 41 8 54 8 56 2 57 6 58 2 59 5 60 14 61 12 62 9
56 0 15 1 7 2 4 3 9 4 20 5 12 6 19 7 10 8 7 9 9 10 10 11 2 12 20 13 20 14 2 15 3 16 10 17 8 18 19 19 7 21 14 22 2 23 18 24 8 25 18 26 16 27 8 28 17 30 6 31 15 32 4 35 16 37 14 38 20 39 11 40 18 41 16 42 2 43 9 44 1 45 2 46 10 47 15 48 12 49 17 50 15 51 10 53 6 54 1 55 2 20 9 29 18 34 17 36 13 52 8 58 15 59 14 60 8 61 7 62 3 57 17
57 0 18 1 13 2 19 3 14 4 12 5 19 7 2 8 2 9 18 12 9 13 3 14 15 15 2 16 17 17 17 18 20 19 2 20 19 22 18 24 4 25 20 26 7 28 20 29 3 30 5 31 3 32 19 33 20 34 7 36 1 37 1 38 4 39 14 40 18 41 3 42 2 43 2 44 20 45 19 46 6 48 7 49 9 50 6 51 19 52 17 53 18 54 1 55 6 6 17 10 7 21 5 23 8 27 8 35 9 47 4 56 17 59 12 60 8 61 13 62 18
58 0 18 1 7 2 4 3 11 4 1 5 14 6 17 7 17 8 1 9 5 10 16 11 9 12 5 13 20 14 9 15 1 16 14 18 2 19 13 20 2 21 16 22 10 23 4 24 12 25 13 27 16 28 10 29 10 30 7 31 19 32 1 33 10 34 13 35 10 36 17 37 6 38 17 39 1 40 4 41 3 42 3 43 19 44 9 46 6 47 16 48 7 49 10 50 17 51 13 52 17 53 2 54 6 55 2 56 15 17 12 26 13 45 17 59 18 60 10 61 18 62 11
59 1 7 2 19 3 18 5 19 6 13 7 15 8 4 9 8 10 18 13 12 14 1 15 2 16 13 17 4 18 20 19 14 20 6 21 2 22 4 23 13 24 8 25 4 26 13 27 14 28 12 29 8 30 17 31 3 32 7 34 8 35 13 36 20 37 4 38 12 39 16 40 15 41 2 42 14 43 5 44 9 45 9 46 6 47 4 48 1 49 8 50 3 51 6 52 11 53 7 55 5 56 14 57 12 58 18 4 3 11 19 12 4 33 3 54 18 60 16 61 6 62 14
60 0 18 1 12 2 18 3 13 4 10 5 7 6 9 8 10 9 14 10 5 11 5 12 1 13 19 14 2 16 10 17 13 18 7 19 10 20 3 21 5 22 12 23 3 24 4 25 19 26 6 27 7 29 16 30 14 31 5 32 6 33 20 36 8 38 12 39 6 40 3 41 14 42 11 43 20 44 4 45 15 46 7 47 19 48 5 49 13 50 7 51 10 52 20 53 18 54 2 55 14 56 8 57 8 58 10 59 16 7 3 15 20 28 8 34 8 35 18 37 11 61 18 62 8
61 0 2 1 16 2 9 3 8 4 6 5 3 6 10 7 4 8 14 9 17 10 7 11 5 12 18 13 4 16 16 17 15 18 16 19 5 20 2 21 7 23 18 25 4 26 1 27 9 28 13 29 8 30 5 31 1 32 5 33 19 34 14 35 20 36 4 37 15 38 1 39 8 40 5 41 7 42 14 43 16 45 6 46 4 47 4 48 11 49 20 50 13 52 7 53 7 54 12 55 12 56 7 57 13 58 18 59 6 60 18 14 12 15 3 22 8 24 2 44 4 51 16 62 18
62 0 13 2 16 3 9 4 9 5 7 6 20 7 20 8 12 10 12 11 8 12 11 13 13 15 4 16 5 18 10 19 11 20 13 21 2 22 15 23 5 24 19 26 1 27 4 28 10 29 16 30 4 31 5 32 16 33 8 35 1 36 12 37 8 38 18 39 2 40 15 41 6 42 14 43 2 44 2 45 12 47 2 48 17 49 17 50 18 52 16 53 3 54 3 55 9 56 3 57 18 58 11 59 14 60 8 61 18 1 19 9 9 14 5 17 2 25 11 34 9 51 4
