45
0 1 15 3 1 5 20 6 15 8 7 9 1 10 13 11 8 12 4 13 12 14 1 15 4 16 2 18 10 19 2 20 9 21 4 22 20 23 14 25 6 26 9 27 9 28 17 30 13 31 11 32 15 33 12 34 17 35 15 38 2 39 12 40 19 41 3 42 20 43 15 44 2 2 6 4 15 7 6 17 2 24 5 29 17 36 16 37 5
1 0 15 2 4 3 19 5 17 6 9 7 4 8 18 9 17 10 5 11 9 12 2 13 13 14 4 16 4 17 2 18 19 19 19 21 5 23 20 24 16 25 8 26 20 27 16 28 4 29 1 31 3 32 12 34 7 35 2 36 1 37 20 38 5 39 6 40 15 41 14 43 18 4 15 15 2 20 20 22 16 30 14 42 14 44 2
2 1 4 0 6 3 19 4 16 5 10 6 15 7 14 8 14 9 12 10 15 11 16 12 14 13 4 14 12 15 10 16 1 17 16 18 15 19 19 20 5 21 16 22 2 23 13 24 6 25 8 26 2 27 10 28 3 29 10 30 11 32 12 33 12 34 1 35 4 36 14 37 20 38 1 39 17 40 5 41 8 42 6 43 2 44 2 31 2
3 0 1 1 19 2 19 5 1 6 9 7 3 8 1 9 17 10 18 11 14 12 11 13 20 14 19 15 6 16 15 17 4 18 14 19 14 20 14 22 10 24 19 25 14 26 5 27 8 28 12 29 19 31 10 33 11 34 14 36 7 37 9 38 2 39 14 40 10 41 9 42 20 43 20 44 11 4 14 21 1 23 14 30 1 32 3 35 5
4 2 16 0 15 1 15 3 14 5 18 6 17 7 6 9 12 10 10 11 4 12 2 13 20 14 17 15 15 16 2 18 3 19 8 20 18 21 3 22 2 23 2 24 1 25 15 26 7 27 13 28 4 29 12 30 11 31 1 32 15 33 12 34 19 35 9 37 10 38 19 39 12 40 6 41 14 43 20 44 15 8 13 17 9 36 14 42 7
5 0 20 1 17 2 10 3 1 4 18 6 8 7 5 8 14 9 8 10 6 11 18 12 11 13 15 14 10 15 15 16 1 17 2 18 10 19 17 20 19 21 18 22 20 23 13 25 4 26 2 27 7 28 15 29 10 30 8 31 3 32 6 34 5 35 6 36 9 37 17 38 2 39 20 40 12 41 9 42 14 44 2 24 9 33 6 43 11
6 0 15 1 9 2 15 3 9 4 17 5 8 7 11 8 12 9 4 11 12 12 3 14 17 15 10 16 12 17 6 18 10 19 14 20 3 21 7 23 4 24 4 25 20 26 14 27 15 28 2 29 20 30 19 31 8 32 15 33 8 34 11 35 14 36 14 37 8 38 15 39 8 40 13 41 18 42 17 43 14 44 15 10 16 13 4 22 14
7 1 4 2 14 3 3 4 6 5 5 6 11 0 6 8 7 9 16 11 16 12 15 13 20 14 11 15 2 16 15 17 4 18 9 19 10 20 12 21 12 22 9 23 12 24 19 25 12 26 16 28 10 29 20 30 10 31 2 32 14 33 14 35 7 36 20 37 16 38 5 39 18 40 6 41 10 42 3 43 19 44 17 27 20 34 3
8 0 7 1 18 2 14 3 1 5 14 6 12 7 7 4 13 9 7 10 18 11 8 12 13 13 3 15 9 16 18 18 8 19 16 20 2 21 10 23 10 24 17 25 15 26 5 27 14 28 4 29 3 30 4 31 13 32 2 33 11 34 3 35 17 36 16 37 15 38 16 39 14 40 9 41 5 42 13 43 5 44 7 14 12 17 5
9 0 1 1 17 2 12 3 17 4 12 5 8 6 4 7 16 8 7 10 6 11 5 12 18 13 9 14 17 15 19 16 11 17 10 18 11 19 12 20 15 21 13 22 18 23 7 24 11 25 14 26 10 27 18 28 8 29 18 31 6 32 4 33 10 34 11 35 4 36 3 37 15 40 19 42 10 44 14 38 19 39 17 41 20
10 0 13 1 5 2 15 3 18 4 10 5 6 8 18 9 6 6 16 11 18 12 14 14 16 15 7 16 14 17 2 18 1 19 8 20 7 21 5 22 14 23 10 24 8 26 4 27 14 28 10 29 11 30 7 31 4 32 4 33 12 34 15 35 9 36 20 37 10 39 6 40 11 41 13 42 13 43 15 44 10 13 11 25 6 38 17
11 0 8 1 9 2 16 3 14 4 4 5 18 6 12 7 16 8 8 9 5 10 18 12 2 13 13 15 19 17 5 18 5 19 10 21 5 22 19 23 11 24 14 25 10 26 12 27 9 28 14 29 4 30 18 31 17 33 18 34 15 35 13 36 7 37 11 41 9 42 7 43 6 44 19 14 4 20 20 38 20 39 5 40 1
12 0 4 1 2 2 14 3 11 4 2 5 11 6 3 7 15 8 13 9 18 10 14 11 2 13 3 14 6 15 5 16 6 18 15 19 17 20 16 21 14 22 8 23 8 24 12 25 6 26 10 27 3 28 16 29 13 30 1 31 12 32 4 34 4 35 1 36 1 37 1 38 8 39 19 41 8 42 15 43 14 44 14 17 8 33 20 40 1
13 0 12 1 13 2 4 3 20 4 20 5 15 7 20 8 3 9 9 11 13 12 3 6 4 10 11 14 9 15 5 16 16 17 6 18 20 19 10 20 9 21 7 22 20 23 15 24 7 25 5 26 17 27 17 28 9 29 11 31 2 32 7 33 17 35 16 36 9 38 8 39 8 40 2 41 11 42 10 43 9 44 20 30 14 34 2 37 7
14 0 1 1 4 2 12 3 19 4 17 5 10 6 17 7 11 9 17 10 16 12 6 13 9 8 12 11 4 15 12 16 2 17 16 18 19 19 14 20 9 21 16 22 7 23 10 24 20 25 2 26 10 28 6 29 1 30 11 31 2 32 11 33 11 34 16 35 15 36 19 37 12 40 13 41 17 42 18 43 4 44 17 27 14 38 1 39 3
15 0 4 2 10 3 6 4 15 5 15 6 10 7 2 8 9 9 19 10 7 11 19 12 5 13 5 14 12 1 2 16 18 17 12 18 5 19 15 20 17 21 13 22 1 23 15 24 11 25 2 27 4 28 1 30 15 32 19 33 3 34 8 35 6 36 6 37 1 38 10 41 17 42 9 43 4 29 17 31 11 39 1 44 15
16 0 2 1 4 2 1 3 15 4 2 5 1 6 12 7 15 8 18 9 11 10 14 12 6 13 16 14 2 15 18 17 18 18 17 19 15 20 2 21 20 22 20 23 16 24 8 25 20 26 9 27 17 28 1 31 7 32 20 33 17 34 14 37 17 38 1 42 19 43 14 44 7 29 7 30 16 35 15 36 15 39 7 40 10 41 8
17 1 2 2 16 3 4 5 2 6 6 7 4 9 10 10 2 11 5 13 6 14 16 15 12 16 18 0 2 4 9 8 5 12 8 18 7 19 15 21 17 22 18 23 7 24 1 25 14 26 5 27 1 28 14 29 2 30 3 31 14 32 6 34 17 36 3 37 18 38 16 40 13 41 8 43 16 44 5 20 16 33 14 39 11 42 3
18 0 10 1 19 2 15 3 14 4 3 5 10 6 10 7 9 8 8 9 11 10 1 11 5 12 15 13 20 14 19 15 5 16 17 17 7 19 14 20 20 21 6 22 7 23 5 24 11 25 5 26 2 27 11 28 20 29 15 30 19 31 13 32 17 33 11 34 19 35 3 36 1 37 11 38 9 39 20 40 7 41 9 42 3 43 5 44 6
19 0 2 1 19 2 19 3 14 4 8 5 17 6 14 7 10 8 16 9 12 10 8 11 10 12 17 13 10 14 14 15 15 16 15 17 15 18 14 20 15 21 10 22 15 23 10 24 18 25 9 26 5 27 8 29 5 30 9 31 1 32 5 33 8 34 6 35 14 37 1 38 18 39 10 40 8 41 3 42 17 43 10 44 7 28 14 36 1
20 0 9 2 5 3 14 4 18 5 19 6 3 7 12 8 2 9 15 10 7 12 16 13 9 14 9 15 17 16 2 18 20 19 15 1 20 11 20 17 16 21 16 22 19 23 7 24 15 25 12 26 17 27 16 28 11 29 14 30 17 31 16 33 2 34 13 35 10 36 9 37 6 38 3 39 19 40 2 41 9 42 12 43 16 44 4 32 5
21 0 4 1 5 2 16 4 3 5 18 6 7 7 12 8 10 9 13 10 5 11 5 12 14 13 7 14 16 15 13 16 20 17 17 18 6 19 10 20 16 3 1 22 6 23 13 24 5 25 10 27 4 28 20 29 9 30 4 31 9 32 5 33 19 34 12 35 15 36 4 37 9 38 9 40 17 41 4 42 6 43 14 44 5 26 20 39 4
22 0 20 2 2 3 10 4 2 5 20 7 9 9 18 10 14 11 19 12 8 13 20 14 7 15 1 16 20 17 18 18 7 19 15 20 19 21 6 1 16 6 14 23 15 24 16 25 15 26 1 27 12 28 7 31 11 32 8 34 20 35 12 36 15 37 1 38 12 39 19 41 8 42 12 44 1 29 1 33 7 40 20 43 1
23 0 14 1 20 2 13 4 2 5 13 6 4 7 12 8 10 9 7 10 10 11 11 12 8 13 15 14 10 15 15 16 16 17 7 18 5 19 10 20 7 21 13 22 15 3 14 24 9 25 8 26 17 27 15 28 20 29 17 30 5 31 11 32 5 33 19 34 16 35 17 36 16 37 12 38 16 39 14 40 18 41 15 42 12 43 1 44 17
24 1 16 2 6 3 19 4 1 6 4 7 19 8 17 9 11 10 8 11 14 12 12 13 7 14 20 15 11 16 8 17 1 18 11 19 18 20 15 21 5 22 16 23 9 0 5 5 9 25 5 26 10 27 17 28 16 30 9 31 15 32 13 33 7 35 11 36 18 37 2 39 2 40 20 41 6 42 4 43 19 44 16 29 11 34 15
25 0 6 1 8 2 8 3 14 4 15 5 4 6 20 7 12 8 15 9 14 11 10 12 6 13 5 14 2 15 2 16 20 17 14 18 5 19 9 20 12 21 10 22 15 23 8 24 5 10 6 26 10 27 6 28 19 29 1 30 17 31 16 32 10 33 7 34 1 35 3 37 2 38 17 39 14 40 20 41 11 42 4 43 16 44 11 36 19
26 0 9 1 20 2 2 3 5 4 7 5 2 6 14 7 16 8 5 9 10 10 4 11 12 12 10 13 17 14 10 16 9 17 5 18 2 19 5 20 17 22 1 23 17 24 10 25 10 21 20 27 14 28 9 29 13 31 7 32 17 35 4 36 5 37 4 39 4 40 1 41 1 42 14 43 8 44 4 30 16 34 7 38 20
27 0 9 1 16 2 10 3 8 4 13 5 7 6 15 8 14 9 18 10 14 11 9 12 3 13 17 15 4 16 17 17 1 18 11 19 8 20 16 21 4 22 12 23 15 24 17 25 6 26 14 7 20 14 14 28 17 29 10 30 13 31 17 32 15 33 17 34 5 35 9 37 4 38 19 39 2 40 10 41 6 42 4 43 6 44 13 36 19
28 0 17 1 4 2 3 3 12 4 4 5 15 6 2 7 10 8 4 9 8 10 10 11 14 12 16 13 9 14 6 15 1 16 1 17 14 18 20 20 11 21 20 22 7 23 20 24 16 25 19 26 9 27 17 19 14 29 2 30 1 31 3 32 3 33 11 34 10 35 10 36 10 37 9 38 15 39 15 40 7 41 5 42 12 43 12 44 18
29 1 1 2 10 3 19 4 12 5 10 6 20 7 20 8 3 9 18 10 11 11 4 12 13 13 11 14 1 17 2 18 15 19 5 20 14 21 9 23 17 25 1 26 13 27 10 28 2 0 17 15 17 16 7 22 1 24 11 30 13 31 3 32 15 33 12 34 10 35 9 36 3 37 5 38 10 39 17 40 15 41 7 42 10 43 9 44 19
30 0 13 2 11 4 11 5 8 6 19 7 10 8 4 10 7 11 18 12 1 14 11 15 15 17 3 18 19 19 9 20 17 21 4 23 5 24 9 25 17 27 13 28 1 29 13 1 14 3 1 13 14 16 16 26 16 31 14 33 4 34 8 36 11 37 4 40 13 41 20 42 20 43 16 44 6 32 5 35 15 39 17
31 0 11 1 3 3 10 4 1 5 3 6 8 7 2 8 13 9 6 10 4 11 17 12 12 13 2 14 2 16 7 17 14 18 13 19 1 20 16 21 9 22 11 23 11 24 15 25 16 26 7 27 17 28 3 29 3 30 14 2 2 15 11 32 9 33 7 34 15 35 2 36 13 37 18 38 9 39 9 40 13 41 8 42 9 43 16 44 15
32 0 15 1 12 2 12 4 15 5 6 6 15 7 14 8 2 9 4 10 4 12 4 13 7 14 11 15 19 16 20 17 6 18 17 19 5 21 5 22 8 23 5 24 13 25 10 26 17 27 15 28 3 29 15 31 9 3 3 20 5 30 5 33 3 35 9 36 9 37 14 38 16 39 12 40 4 41 5 42 14 43 16 44 16 34 20
33 0 12 2 12 3 11 4 12 6 8 7 14 8 11 9 10 10 12 11 18 13 17 14 11 15 3 16 17 18 11 19 8 20 2 21 19 23 19 24 7 25 7 27 17 28 11 29 12 30 4 31 7 32 3 5 6 12 20 17 14 22 7 35 17 36 16 37 11 38 17 39 20 40 20 41 18 42 8 43 20 44 12 34 15
34 0 17 1 7 2 1 3 14 4 19 5 5 6 11 8 3 9 11 10 15 11 15 12 4 14 16 15 8 16 14 17 17 18 19 19 6 20 13 21 12 22 20 23 16 25 1 27 5 28 10 29 10 30 8 31 15 7 3 13 2 24 15 26 7 32 20 33 15 35 8 37 9 38 20 39 14 40 15 41 18 42 4 43 13 44 17 36 13
35 0 15 1 2 2 4 4 9 5 6 6 14 7 7 8 17 9 4 10 9 11 13 12 1 13 16 14 15 15 6 18 3 19 14 20 10 21 15 22 12 23 17 24 11 25 3 26 4 27 9 28 10 29 9 31 2 32 9 33 17 34 8 3 5 16 15 30 15 36 10 37 2 38 18 39 13 40 3 41 17 42 16 43 7 44 8
36 1 1 2 14 3 7 5 9 6 14 7 20 8 16 9 3 10 20 11 7 12 1 13 9 14 19 15 6 17 3 18 1 20 9 21 4 22 15 23 16 24 18 26 5 28 10 29 3 30 11 31 13 32 9 33 16 35 10 0 16 4 14 16 15 19 1 25 19 27 19 34 13 38 15 39 19 41 1 42 14 43 9 44 11 37 14 40 11
37 1 20 2 20 3 9 4 10 5 17 6 8 7 16 8 15 9 15 10 10 11 11 12 1 14 12 15 1 16 17 17 18 18 11 19 1 20 6 21 9 22 1 23 12 24 2 25 2 26 4 27 4 28 9 29 5 30 4 31 18 32 14 33 11 34 9 35 2 0 5 13 7 36 14 38 17 39 12 40 17 41 3 42 12 44 15 43 1
38 0 2 1 5 2 1 3 2 4 19 5 2 6 15 7 5 8 16 12 8 13 8 15 10 16 1 17 16 18 9 19 18 20 3 21 9 22 12 23 16 25 17 27 19 28 15 29 10 31 9 32 16 33 17 34 20 35 18 36 15 37 17 9 19 10 17 11 20 14 1 26 20 39 15 41 16 42 8 44 5 40 2 43 19
39 0 12 1 6 2 17 3 14 4 12 5 20 6 8 7 18 8 14 10 6 12 19 13 8 18 20 19 10 20 19 22 19 23 14 24 2 25 14 26 4 27 2 28 15 29 17 31 9 32 12 33 20 34 14 35 13 36 19 37 12 38 15 9 17 11 5 14 3 15 1 16 7 17 11 21 4 30 17 40 13 41 19 42 20 43 20 44 20
40 0 19 1 15 2 5 3 10 4 6 5 12 6 13 7 6 8 9 9 19 10 11 13 2 14 13 17 13 18 7 19 8 20 2 21 17 23 18 24 20 25 20 26 1 27 10 28 7 29 15 30 13 31 13 32 4 33 20 34 15 35 3 37 17 39 13 11 1 12 1 16 10 22 20 36 11 38 2 41 16 42 12 43 15 44 8
41 0 3 1 14 2 8 3 9 4 14 5 9 6 18 7 10 8 5 10 13 11 9 12 8 13 11 14 17 15 17 17 8 18 9 19 3 20 9 21 4 22 8 23 15 24 6 25 11 26 1 27 6 28 5 29 7 30 20 31 8 32 5 33 18 34 18 35 17 36 1 37 3 38 16 39 19 40 16 9 20 16 8 42 17 43 6 44 10
42 0 20 2 6 3 20 5 14 6 17 7 3 8 13 9 10 10 13 11 7 12 15 13 10 14 18 15 9 16 19 18 3 19 17 20 12 21 6 22 12 23 12 24 4 25 4 26 14 27 4 28 12 29 10 30 20 31 9 32 14 33 8 34 4 35 16 36 14 37 12 38 8 39 20 40 12 41 17 1 14 4 7 17 3 43 1 44 4
43 0 15 1 18 2 2 3 20 4 20 6 14 7 19 8 5 10 15 11 6 12 14 13 9 14 4 15 4 16 14 17 16 18 5 19 10 20 16 21 14 23 1 24 19 25 16 26 8 27 6 28 12 29 9 30 16 31 16 32 16 33 20 34 13 35 7 36 9 39 20 40 15 41 6 42 1 5 11 22 1 37 1 38 19 44 2
44 0 2 2 2 3 11 4 15 5 2 6 15 7 17 8 7 9 14 10 10 11 19 12 14 13 20 14 17 16 7 17 5 18 6 19 7 20 4 21 5 22 1 24 16 25 11 26 4 27 13 29 19 30 6 31 15 32 16 33 12 34 17 35 8 36 11 37 15 38 5 39 20 40 8 41 10 42 4 43 2 1 2 15 15 23 17 28 18
