61
0 1 5 36 14 14 9
1 0 5 2 4 5 17 8 3 22 10 33 11 40 16 55 20
2 1 4 6 5 11 19 14 6 51 2
3 8 5
4 35 10 48 5 7 11
5 1 17 13 3 37 11 56 16 22 13
6 2 5
7 4 11 14 2
8 1 3 3 5 15 12 26 8 27 7 31 18 41 8
9 17 4 20 19 35 4 58 4
10 31 12 35 2 47 12 53 2
11 2 19 29 6 51 11 55 20
12 45 2
13 5 3 21 2 30 2 33 11
14 2 6 7 2 0 9 50 6
15 8 12 51 1
16 52 18 30 1
17 9 4 24 17 25 12 46 5
18 26 9 39 13 44 15
19 34 2 43 19 20 1
20 9 19 19 1 28 6 30 12
21 13 2 33 11 31 15 53 9
22 1 10 5 13 38 13 40 20
23 28 7 36 3 51 4
24 17 17 37 16
25 17 12 28 13 48 7 52 19
26 8 8 18 9 45 3 55 9
27 8 7 38 9 45 9 56 7
28 20 6 23 7 25 13 29 20 31 16 54 19 57 10
29 11 6 28 20 59 8 55 9
30 13 2 20 12 16 1 36 8 49 14 38 7
31 8 18 10 12 28 16 21 15 42 4 47 7 60 7 43 5
32 46 18 56 8
33 1 11 21 11 13 11 60 12
34 19 2 41 9
35 4 10 9 4 10 2
36 0 14 23 3 30 8 38 9 39 2 41 4 59 1 37 6 42 18 50 19
37 5 11 24 16 36 6
38 27 9 36 9 22 13 30 7
39 36 2 18 13
40 1 16 22 20 42 1 47 11
41 8 8 34 9 36 4
42 31 4 40 1 36 18
43 19 19 31 5 51 7 54 10 57 7 59 10
44 18 15 46 14 49 19 57 14
45 12 2 26 3 27 9 46 13
46 32 18 44 14 45 13 17 5 47 8
47 10 12 31 7 40 11 46 8 52 16
48 4 5 25 7
49 30 14 44 19
50 14 6 36 19
51 11 11 15 1 23 4 43 7 2 2
52 16 18 25 19 47 16
53 10 2 21 9
54 28 19 43 10
55 1 20 11 20 26 9 29 9
56 5 16 27 7 32 8
57 28 10 43 7 44 14
58 9 4
59 29 8 36 1 43 10
60 31 7 33 12
