47
0 26 4 10 3
1 11 16 15 10 44 4 20 19
2 19 18 20 15 22 7 16 17 37 7
3 25 20 26 3 15 9 35 11
4 12 1 19 3 29 2 46 8 5 19
5 4 19 8 15 39 14 22 13 35 7 42 2
6 36 4 43 1 25 10
7 8 8
8 5 15 7 8 11 9 20 12
9 46 4
10 0 3 11 19 39 7 41 1
11 1 16 8 9 10 19 12 3 26 18 36 8 37 11
12 4 1 11 3 29 14 30 15 35 14 42 13 24 9 28 1
13 26 17 35 1
14 24 3 29 16 38 16
15 1 10 3 9 17 19 44 2 46 18
16 2 17 22 19 33 19
17 15 19 40 15 29 3
18 26 5 27 4 37 15
19 2 18 4 3 21 10 27 18 31 18
20 2 15 8 12 1 19
21 19 10 39 13 42 14
22 2 7 16 19 5 13 29 14 36 3 43 10
23 34 13
24 14 3 12 9 33 6 44 9
25 3 20 6 10 42 8
26 0 4 3 3 11 18 13 17 18 5
27 18 4 19 18
28 12 1 45 12
29 4 2 12 14 14 16 22 14 17 3 34 17 37 1
30 12 15 45 16
31 19 18 37 17 40 6 44 1
32 36 14
33 16 19 24 6 36 4
34 23 13 29 17 41 6
35 12 14 3 11 5 7 13 1 38 18 46 8
36 6 4 11 8 22 3 32 14 33 4 40 17
37 11 11 29 1 31 17 2 7 18 15
38 14 16 35 18 42 4
39 5 14 10 7 21 13
40 17 15 31 6 36 17
41 10 1 34 6
42 12 13 21 14 25 8 5 2 38 4
43 6 1 22 10
44 1 4 15 2 31 1 24 9 46 7
45 28 12 30 16
46 4 8 9 4 15 18 44 7 35 8
