50
0 34 5 40 12 47 18 49 8
1 27 1 29 17 32 11
2 7 17 19 3
3 31 19 27 20 48 19
4 18 8 43 19
5 19 20 39 14 48 9
6 40 1 49 3
7 2 17 10 13 11 11 25 9 31 13 40 13
8 25 17 30 6 42 9
9 43 16
10 7 13 31 19
11 7 11 12 13 13 11 20 9 36 10 44 17 47 5
12 11 13 21 1 22 2 26 8 41 13 29 10
13 11 11 16 19 38 1 29 4
14 16 10
15 18 8 20 15 24 9 28 6 36 5 17 5
16 13 19 14 10 39 20 48 9 34 5
17 15 5 25 17 42 4 49 13
18 4 8 15 8
19 2 3 5 20 28 7 29 2 42 7
20 11 9 15 15 43 20 45 12 23 11
21 12 1 47 3
22 12 2 47 20
23 20 11 25 15 49 19
24 15 9 36 15 44 17 42 17
25 7 9 8 17 17 17 23 15
26 12 8 49 9
27 1 1 3 20 30 10 31 12 33 12 41 4
28 15 6 19 7 46 13 33 13
29 1 17 12 10 13 4 19 2 39 6 48 19
30 8 6 27 10 43 12
31 3 19 7 13 10 19 27 12 34 17
32 1 11 45 9 48 4
33 27 12 28 13
34 0 5 16 5 31 17 45 5
35 48 9
36 11 10 15 5 24 15 46 7
37 47 19 44 16
38 13 1
39 5 14 16 20 29 6
40 0 12 6 1 7 13
41 12 13 27 4 46 14 49 6
42 8 9 17 4 19 7 24 17 43 9
43 4 19 9 16 20 20 30 12 42 9
44 11 17 24 17 37 16
45 20 12 32 9 34 5 48 1
46 28 13 36 7 41 14
47 0 18 11 5 22 20 37 19 21 3
48 16 9 29 19 32 4 35 9 3 19 5 9 45 1
49 0 8 17 13 23 19 6 3 26 9 41 6
