59
0 1 3 2 9 3 13 4 2 5 5 6 5 8 17 9 5 10 4 11 14 16 15 17 15 18 16 20 13 22 18 25 8 26 17 28 5 29 19 30 6 31 3 32 16 33 6 35 16 36 7 37 9 38 13 39 4 40 4 41 3 42 11 44 8 45 4 46 3 48 15 50 10 51 3 53 1 54 12 55 14 56 4 57 3 58 16 7 17 13 19 14 9 15 6 19 7 21 19 23 15 24 2 27 16 34 20 43 9 47 18 49 13 52 16
1 0 3 3 12 4 10 5 8 6 11 7 12 9 18 10 19 11 17 12 14 13 13 14 9 15 13 16 15 17 6 18 7 19 15 20 17 21 18 22 2 23 12 24 15 25 7 26 19 27 2 28 19 29 13 30 5 31 9 32 20 33 10 34 6 35 18 36 3 37 20 38 15 39 16 40 3 42 6 43 18 45 14 46 2 47 6 48 18 49 5 50 17 51 10 52 12 53 15 54 10 55 4 56 18 57 10 58 2 2 16 8 7 41 13 44 17
2 0 9 1 16 3 6 4 1 5 13 6 14 7 16 8 10 9 14 10 10 11 8 12 6 13 7 16 12 17 7 19 10 20 18 22 5 23 10 24 14 26 14 27 20 29 19 30 3 31 18 32 4 33 13 34 18 35 5 36 9 37 16 39 19 40 18 41 16 42 3 43 2 44 10 45 3 46 3 47 2 48 6 49 19 50 9 51 16 53 9 54 13 56 14 57 10 14 15 15 14 18 14 21 6 28 17 52 14 55 5 58 12
3 0 13 1 12 2 6 4 9 5 17 6 3 7 4 8 17 9 2 10 8 11 12 12 2 13 15 14 13 15 18 16 13 17 18 18 20 19 4 20 3 21 8 22 1 23 8 24 16 25 8 26 19 27 19 29 15 30 12 32 18 33 8 34 20 35 1 36 15 37 8 38 4 39 8 40 10 41 7 42 11 43 12 44 13 45 15 46 7 47 4 48 9 49 13 50 20 51 1 52 2 53 3 54 20 55 7 56 9 57 19 58 18 28 13
4 0 2 1 10 2 1 3 9 5 4 6 18 8 16 9 7 10 9 11 14 12 17 13 15 14 15 15 2 16 12 17 13 19 5 20 16 21 7 22 15 23 9 24 12 25 6 26 4 27 10 28 6 29 16 30 8 31 7 32 13 33 15 34 5 35 5 36 1 37 13 38 10 39 15 40 6 41 16 42 8 43 19 44 12 45 12 46 5 47 20 48 6 49 8 50 17 51 19 52 10 53 19 54 5 55 20 56 18 57 5 58 11 7 5
5 0 5 1 8 2 13 3 17 4 4 6 7 7 3 8 3 9 1 10 2 11 18 12 1 13 4 14 7 15 12 16 15 17 14 18 7 19 15 20 2 21 2 22 2 23 9 24 19 25 18 26 9 27 19 28 7 29 4 31 3 32 9 33 2 34 1 35 12 36 14 37 17 38 16 39 11 41 10 42 18 43 18 44 3 45 13 46 2 47 8 48 16 49 12 50 17 51 6 52 10 53 5 54 16 55 14 56 17 57 7 58 8 30 14
6 0 5 1 11 2 14 3 3 4 18 5 7 7 1 8 2 9 8 10 19 11 5 12 14 13 19 14 15 15 7 16 16 17 15 18 16 19 20 20 15 22 3 23 4 24 11 25 3 26 14 27 7 28 11 29 13 30 19 31 17 32 10 33 19 34 11 35 13 36 14 37 17 38 2 39 11 40 15 41 4 42 5 43 1 44 9 45 20 46 7 47 17 48 6 49 10 50 18 51 12 52 1 53 2 54 14 55 17 56 4 58 5 21 19
7 1 12 2 16 3 4 5 3 6 1 0 17 4 5 8 17 10 2 11 6 12 13 13 8 14 2 15 13 16 15 17 17 18 3 20 18 21 11 22 15 23 9 24 20 25 20 26 4 27 16 28 19 29 17 30 13 32 6 33 13 34 10 35 19 36 12 37 17 38 7 39 5 40 10 42 7 44 11 46 7 47 5 48 15 49 14 50 9 51 6 52 1 53 20 54 7 55 2 56 18 57 15 58 20 9 11 19 4 45 18
8 0 17 2 10 3 17 4 16 5 3 6 2 7 17 1 7 9 10 10 1 11 8 12 11 13 5 14 19 15 16 17 5 18 3 19 3 20 20 21 11 22 14 23 6 25 8 26 19 27 10 28 15 29 4 31 2 32 13 34 1 36 18 37 6 39 10 40 20 41 19 43 8 44 4 45 12 46 14 47 17 48 4 49 12 50 19 51 9 52 2 53 17 55 2 56 16 57 12 58 13 16 10 24 11 30 19 33 9 35 4 38 18 42 20 54 15
9 0 5 1 18 2 14 3 2 4 7 5 1 6 8 8 10 7 11 10 19 11 12 12 1 13 8 14 5 15 11 16 19 17 7 18 17 19 13 20 9 21 7 23 14 24 3 25 4 26 11 27 19 28 1 29 2 30 17 31 20 32 16 33 2 34 13 35 9 37 1 38 20 39 6 40 5 41 17 43 2 45 20 46 18 47 20 48 4 49 19 50 8 52 11 53 4 54 11 55 20 57 10 58 4 22 12 36 17 42 7 44 5 51 12 56 20
10 0 4 1 19 2 10 3 8 4 9 5 2 6 19 7 2 8 1 9 19 11 18 12 9 13 13 14 4 15 8 16 20 17 19 18 20 19 8 20 2 21 8 22 1 23 1 24 12 25 14 26 11 27 12 29 2 30 15 31 14 32 5 33 19 34 7 35 19 36 18 37 13 38 13 39 16 40 18 42 3 43 2 44 6 45 10 46 13 47 9 48 8 50 14 51 20 52 15 53 12 54 4 55 17 56 19 57 6 58 4 28 4 41 1 49 19
11 0 14 1 17 2 8 3 12 4 14 5 18 6 5 7 6 8 8 9 12 10 18 12 12 13 1 14 2 15 16 16 3 17 10 18 4 19 15 20 18 21 4 22 10 23 1 24 7 25 3 29 9 31 4 33 15 34 7 35 14 36 5 37 4 38 9 39 19 40 13 43 5 44 14 45 15 46 5 47 19 48 7 49 15 50 6 51 13 52 16 53 11 54 18 55 12 56 7 57 8 58 15 26 2 27 10 30 17 32 16 41 2
12 1 14 2 6 3 2 4 17 5 1 6 14 7 13 8 11 9 1 10 9 11 12 13 2 14 3 15 15 16 7 17 14 18 16 19 11 20 16 21 15 22 9 23 14 24 20 25 8 26 1 27 8 28 5 29 15 30 13 32 4 33 9 34 16 35 9 37 10 38 14 39 4 40 9 41 10 42 14 43 12 44 19 45 9 46 10 47 6 48 3 49 5 50 2 51 19 52 19 53 3 54 8 55 12 56 2 57 20 58 15 31 15 36 11
13 1 13 2 7 3 15 4 15 5 4 6 19 7 8 8 5 9 8 10 13 11 1 12 2 0 19 14 4 15 14 16 4 17 2 18 14 19 15 20 3 21 6 22 10 23 6 24 20 25 14 26 16 27 13 28 17 29 16 30 7 31 4 32 8 33 1 34 10 35 7 36 1 37 9 39 5 40 1 41 4 42 20 43 20 44 1 45 2 46 17 47 7 48 7 49 17 50 3 51 4 52 6 53 12 54 18 55 7 56 1 57 6 58 5 38 3
14 1 9 3 13 4 15 5 7 6 15 7 2 8 19 9 5 10 4 11 2 12 3 13 4 0 9 2 15 15 13 16 1 17 3 18 9 19 19 20 3 21 17 22 15 23 17 25 6 26 12 27 19 28 14 30 13 31 20 33 9 34 11 35 6 36 11 37 2 38 19 39 3 40 6 41 19 42 11 43 14 44 20 45 12 46 15 47 7 48 11 49 7 50 17 52 16 53 9 54 7 56 18 57 1 58 20 24 17 29 17 55 9
15 1 13 3 18 4 2 5 12 6 7 7 13 8 16 9 11 10 8 11 16 12 15 13 14 14 13 0 6 2 14 16 15 17 11 18 4 19 12 20 17 21 17 22 12 23 4 24 10 26 19 27 6 28 6 29 2 31 20 32 8 33 17 34 12 35 19 37 17 39 3 40 9 41 11 42 12 43 11 44 3 45 12 47 19 48 6 49 5 50 3 51 4 53 15 55 13 56 15 57 12 25 13 30 16 36 13 38 5 46 14 52 20 54 9 58 16
16 0 15 1 15 2 12 3 13 4 12 5 15 6 16 7 15 9 19 10 20 11 3 12 7 13 4 14 1 15 15 8 10 17 13 18 9 19 13 20 17 21 13 22 2 23 15 24 5 25 14 26 11 27 12 28 12 29 2 30 12 31 16 32 19 33 1 34 5 35 13 36 14 37 12 38 12 39 20 40 2 41 17 45 8 46 17 47 7 48 6 49 6 50 17 51 20 52 19 53 6 55 3 56 4 57 20 58 8 42 13 43 20 44 19 54 4
17 0 15 1 6 2 7 3 18 4 13 5 14 6 15 7 17 8 5 9 7 10 19 11 10 12 14 13 2 14 3 15 11 16 13 18 7 19 16 20 5 21 6 22 15 23 16 24 3 25 11 26 13 27 12 28 2 29 1 30 6 31 13 32 1 33 10 34 17 35 17 36 19 37 6 38 4 39 20 40 19 41 9 42 14 43 4 44 6 45 14 46 7 47 16 49 12 50 15 51 9 52 19 53 17 54 16 55 18 56 1 57 20 58 12 48 1
18 0 16 1 7 3 20 5 7 6 16 7 3 8 3 9 17 10 20 11 4 12 16 13 14 14 9 15 4 16 9 17 7 2 14 19 2 20 6 21 1 22 20 23 2 24 11 25 13 26 17 27 9 28 11 29 5 30 12 31 16 32 6 33 13 34 11 35 18 36 18 37 19 38 17 39 4 40 2 42 10 43 12 44 10 46 19 47 1 48 8 49 14 50 20 51 6 52 12 53 5 54 20 55 17 56 1 57 13 58 3 41 1 45 14
19 1 15 2 10 3 4 4 5 5 15 6 20 8 3 9 13 10 8 11 15 12 11 13 15 14 19 15 12 16 13 17 16 18 2 0 7 7 4 20 3 21 3 22 4 23 5 24 7 25 14 26 1 27 9 28 3 29 15 30 8 31 4 32 8 33 1 34 20 35 1 36 8 37 8 38 10 39 8 40 16 41 15 42 15 43 19 44 20 45 2 47 12 48 13 49 5 50 1 51 20 52 17 53 17 54 20 55 6 56 12 57 3 58 9 46 7
20 0 13 1 17 2 18 3 3 4 16 5 2 6 15 7 18 8 20 9 9 10 2 11 18 12 16 13 3 14 3 15 17 16 17 17 5 18 6 19 3 21 10 22 19 23 16 24 20 25 19 26 15 27 7 28 11 29 18 30 17 31 8 32 8 33 7 35 17 36 15 37 3 38 1 39 16 40 11 41 2 42 5 44 7 45 9 46 4 47 5 48 6 49 4 50 6 51 19 52 6 53 4 54 20 56 16 57 2 34 1 43 16 55 5 58 15
21 1 18 3 8 4 7 5 2 7 11 8 11 9 7 10 8 11 4 12 15 13 6 14 17 15 17 16 13 17 6 18 1 19 3 20 10 0 19 2 6 6 19 22 8 23 3 24 7 25 7 26 15 27 14 28 2 29 19 30 6 31 2 32 7 33 17 34 8 35 13 36 10 38 1 39 2 40 15 41 9 42 19 43 20 44 17 45 5 46 12 47 18 49 5 50 18 51 1 52 14 53 5 54 16 55 18 56 7 57 11 58 11 48 15
22 0 18 1 2 2 5 3 1 4 15 5 2 6 3 7 15 8 14 10 1 11 10 12 9 13 10 14 15 15 12 16 2 17 15 18 20 19 4 20 19 21 8 9 12 23 16 24 2 25 13 26 11 27 6 28 3 29 7 30 11 31 8 32 8 33 18 34 15 35 10 36 3 37 10 38 16 39 6 40 20 41 12 42 7 43 3 44 3 45 1 47 8 49 8 50 9 51 2 52 9 53 11 55 6 56 16 57 1 58 3 46 20 48 17 54 4
23 1 12 2 10 3 8 4 9 5 9 6 4 7 9 8 6 9 14 10 1 11 1 12 14 13 6 14 17 15 4 16 15 17 16 18 2 19 5 20 16 21 3 22 16 0 15 24 6 25 1 27 15 28 2 29 10 30 1 31 20 32 15 33 11 34 15 35 13 36 14 37 5 38 14 39 17 40 2 41 18 42 20 43 1 44 7 46 10 47 11 48 17 49 13 50 5 51 14 53 10 54 11 55 9 56 13 57 7 45 20 52 4 58 9
24 1 15 2 14 3 16 4 12 5 19 6 11 7 20 9 3 10 12 11 7 12 20 13 20 15 10 16 5 17 3 18 11 19 7 20 20 21 7 22 2 23 6 0 2 8 11 14 17 25 19 26 11 27 7 28 20 29 2 30 20 31 16 33 20 34 15 35 12 36 7 38 4 39 10 40 20 41 15 42 20 43 11 45 14 46 16 48 17 49 8 50 14 51 11 52 15 53 17 54 19 55 7 56 13 57 11 58 5 32 7 37 16 44 18 47 13
25 0 8 1 7 3 8 4 6 5 18 6 3 7 20 8 8 9 4 10 14 11 3 12 8 13 14 14 6 16 14 17 11 18 13 19 14 20 19 21 7 22 13 23 1 24 19 15 13 26 17 27 14 28 11 29 16 30 17 31 3 32 20 33 19 34 11 35 16 36 5 37 5 38 8 39 20 40 7 41 8 42 7 43 7 44 1 45 15 46 10 47 9 48 4 49 19 51 10 52 16 53 4 54 2 55 5 56 13 57 12 58 9 50 4
26 0 17 1 19 2 14 3 19 4 4 5 9 6 14 7 4 8 19 9 11 10 11 12 1 13 16 14 12 15 19 16 11 17 13 18 17 19 1 20 15 21 15 22 11 24 11 25 17 11 2 27 15 29 19 30 2 31 19 32 14 33 6 34 3 35 6 36 18 37 7 38 15 39 8 40 16 41 9 42 14 43 7 44 19 45 12 46 16 47 6 48 17 49 10 50 18 51 6 52 17 53 3 54 10 55 12 56 8 57 1 58 10 28 9
27 1 2 2 20 3 19 4 10 5 19 6 7 7 16 8 10 9 19 10 12 12 8 13 13 14 19 15 6 16 12 17 12 18 9 19 9 20 7 21 14 22 6 23 15 24 7 25 14 26 15 0 16 11 10 28 1 29 11 30 3 31 20 32 20 33 3 34 15 36 11 37 9 38 13 39 11 40 13 41 16 42 11 43 18 44 16 45 2 46 4 47 18 49 4 51 2 52 15 53 5 54 16 55 12 56 12 57 3 58 12 35 12 48 13 50 12
28 0 5 1 19 4 6 5 7 6 11 7 19 8 15 9 1 12 5 13 17 14 14 15 6 16 12 17 2 18 11 19 3 20 11 21 2 22 3 23 2 24 20 25 11 27 1 2 17 3 13 10 4 26 9 29 13 30 13 31 4 32 2 33 5 34 8 35 9 36 9 37 20 40 10 41 3 42 11 43 1 44 3 45 19 46 1 48 8 49 1 50 3 51 18 52 6 53 14 54 14 55 9 57 14 58 2 38 4 39 5 47 15 56 3
29 0 19 1 13 2 19 3 15 4 16 5 4 6 13 7 17 8 4 9 2 10 2 11 9 12 15 13 16 15 2 16 2 17 1 18 5 19 15 20 18 21 19 22 7 23 10 24 2 25 16 26 19 27 11 28 13 14 17 30 15 31 14 32 7 33 7 34 7 35 2 36 10 37 2 38 8 40 19 41 11 42 13 43 7 44 10 45 8 46 1 47 4 48 3 49 7 50 8 52 11 53 5 54 14 55 2 56 16 58 4 51 15 57 7
30 0 6 1 5 2 3 3 12 4 8 6 19 7 13 9 17 10 15 12 13 13 7 14 13 16 12 17 6 18 12 19 8 20 17 21 6 22 11 23 1 24 20 25 17 26 2 27 3 28 13 29 15 5 14 8 19 11 17 15 16 31 19 32 1 33 5 34 17 35 8 36 4 38 18 39 13 40 13 41 13 42 10 43 12 44 9 45 3 46 9 47 15 48 10 49 9 51 1 52 12 53 7 54 15 55 15 56 3 57 13 58 20 50 19
31 0 3 1 9 2 18 4 7 5 3 6 17 8 2 9 20 10 14 11 4 13 4 14 20 15 20 16 16 17 13 18 16 19 4 20 8 21 2 22 8 23 20 24 16 25 3 26 19 27 20 28 4 29 14 30 19 12 15 32 9 33 18 34 15 35 10 36 19 37 6 38 3 40 8 41 17 42 3 43 15 44 18 45 7 46 16 48 1 49 2 50 20 51 12 52 5 55 6 56 3 57 16 39 14 47 11 53 20 54 14 58 5
32 0 16 1 20 2 4 3 18 4 13 5 9 6 10 7 6 8 13 9 16 10 5 12 4 13 8 15 8 16 19 17 1 18 6 19 8 20 8 21 7 22 8 23 15 25 20 26 14 27 20 28 2 29 7 30 1 31 9 11 16 24 7 33 5 34 4 36 17 37 14 38 8 39 14 41 10 42 4 43 15 44 10 45 15 46 8 47 18 48 2 49 7 50 15 52 3 53 3 54 14 55 2 57 14 58 14 35 10 40 10 51 15 56 8
33 0 6 1 10 2 13 3 8 4 15 5 2 6 19 7 13 9 2 10 19 11 15 12 9 13 1 14 9 15 17 16 1 17 10 18 13 19 1 20 7 21 17 22 18 23 11 24 20 25 19 26 6 27 3 28 5 29 7 30 5 31 18 32 5 8 9 34 4 35 4 36 8 37 9 38 1 39 5 40 12 41 18 42 11 43 10 44 1 45 6 46 4 47 1 48 11 49 8 50 11 51 9 52 10 53 5 54 5 55 5 56 2 58 18 57 18
34 1 6 2 18 3 20 4 5 5 1 6 11 7 10 8 1 9 13 10 7 11 7 12 16 13 10 14 11 15 12 16 5 17 17 18 11 19 20 21 8 22 15 23 15 24 15 25 11 26 3 27 15 28 8 29 7 30 17 31 15 32 4 33 4 0 20 20 1 35 19 36 4 37 16 38 16 39 15 41 12 42 9 43 2 44 20 46 15 47 13 48 6 49 2 51 18 52 11 53 8 54 7 55 19 56 16 57 5 58 7 40 19 50 5
35 0 16 1 18 2 5 3 1 4 5 5 12 6 13 7 19 9 9 10 19 11 14 12 9 13 7 14 6 15 19 16 13 17 17 18 18 19 1 20 17 21 13 22 10 23 13 24 12 25 16 26 6 28 9 29 2 30 8 31 10 33 4 34 19 8 4 27 12 32 10 36 12 37 1 38 11 39 19 40 9 41 13 42 8 43 17 44 9 45 9 46 15 49 16 50 18 51 20 52 17 53 13 54 8 55 17 56 2 57 1 47 12 48 8
36 0 7 1 3 2 9 3 15 4 1 5 14 6 14 7 12 8 18 10 18 11 5 13 1 14 11 16 14 17 19 18 18 19 8 20 15 21 10 22 3 23 14 24 7 25 5 26 18 27 11 28 9 29 10 30 4 31 19 32 17 33 8 34 4 35 12 9 17 12 11 15 13 37 18 38 7 39 7 40 14 41 14 42 3 43 3 44 15 46 7 47 3 48 12 49 12 51 14 52 10 53 4 54 18 55 4 57 16 58 7 45 11 50 18 56 20
37 0 9 1 20 2 16 3 8 4 13 5 17 6 17 7 17 8 6 9 1 10 13 11 4 12 10 13 9 14 2 15 17 16 12 17 6 18 19 19 8 20 3 22 10 23 5 25 5 26 7 27 9 28 20 29 2 31 6 32 14 33 9 34 16 35 1 36 18 24 16 38 12 39 9 40 10 41 8 43 5 44 9 45 1 46 8 47 16 49 19 50 12 51 14 52 9 53 7 54 1 55 19 56 4 57 5 58 12 42 18 48 16
38 0 13 1 15 3 4 4 10 5 16 6 2 7 7 9 20 10 13 11 9 12 14 14 19 16 12 17 4 18 17 19 10 20 1 21 1 22 16 23 14 24 4 25 8 26 15 27 13 29 8 30 18 31 3 32 8 33 1 34 16 35 11 36 7 37 12 8 18 13 3 15 5 28 4 39 16 40 11 42 15 43 7 44 10 45 12 49 13 50 8 51 15 54 3 55 19 56 2 57 3 58 15 41 6 46 9 48 17 52 10 53 9
39 0 4 1 16 2 19 3 8 4 15 5 11 6 11 7 5 8 10 9 6 10 16 11 19 12 4 13 5 14 3 15 3 16 20 17 20 18 4 19 8 20 16 21 2 22 6 23 17 24 10 25 20 26 8 27 11 30 13 32 14 33 5 34 15 35 19 36 7 37 9 38 16 28 5 31 14 40 14 41 12 42 2 44 16 45 20 46 2 47 1 49 20 50 19 51 8 52 8 53 3 54 20 55 1 56 6 57 2 58 4 43 6 48 15
40 0 4 1 3 2 18 3 10 4 6 6 15 7 10 8 20 9 5 10 18 11 13 12 9 13 1 14 6 15 9 16 2 17 19 18 2 19 16 20 11 21 15 22 20 23 2 24 20 25 7 26 16 27 13 28 10 29 19 30 13 31 8 33 12 35 9 36 14 37 10 38 11 39 14 32 10 34 19 41 12 42 1 43 1 44 7 45 11 46 14 47 12 48 8 49 6 50 6 51 6 52 9 53 17 55 17 56 8 57 12 58 2 54 11
41 0 3 2 16 3 7 4 16 5 10 6 4 8 19 9 17 12 10 13 4 14 19 15 11 16 17 17 9 19 15 20 2 21 9 22 12 23 18 24 15 25 8 26 9 27 16 28 3 29 11 30 13 31 17 32 10 33 18 34 12 35 13 36 14 37 8 39 12 40 12 1 13 10 1 11 2 18 1 38 6 42 14 43 15 44 13 46 13 47 16 48 13 49 4 50 8 51 15 52 2 53 12 54 17 55 16 56 9 58 15 45 18 57 5
42 0 11 1 6 2 3 3 11 4 8 5 18 6 5 7 7 10 3 12 14 13 20 14 11 15 12 17 14 18 10 19 15 20 5 21 19 22 7 23 20 24 20 25 7 26 14 27 11 28 11 29 13 30 10 31 3 32 4 33 11 34 9 35 8 36 3 38 15 39 2 40 1 41 14 8 20 9 7 16 13 37 18 43 7 44 6 45 17 46 16 47 10 48 2 49 7 50 9 51 17 52 18 53 14 54 8 55 17 56 15 57 14 58 6
43 1 18 2 2 3 12 4 19 5 18 6 1 8 8 9 2 10 2 11 5 12 12 13 20 14 14 15 11 17 4 18 12 19 19 21 20 22 3 23 1 24 11 25 7 26 7 27 18 28 1 29 7 30 12 31 15 32 15 33 10 34 2 35 17 36 3 37 5 38 7 40 1 41 15 42 7 0 9 16 20 20 16 39 6 44 7 45 11 47 4 48 6 49 1 50 14 53 19 54 12 56 7 58 8 55 20 57 14
44 0 8 2 10 3 13 4 12 5 3 6 9 7 11 8 4 10 6 11 14 12 19 13 1 14 20 15 3 17 6 18 10 19 20 20 7 21 17 22 3 23 7 25 1 26 19 27 16 28 3 29 10 30 9 31 18 32 10 33 1 34 20 35 9 36 15 37 9 38 10 39 16 40 7 41 13 42 6 43 7 1 17 9 5 16 19 24 18 45 15 46 16 47 7 48 18 49 2 50 6 51 7 52 10 54 18 55 17 56 17 57 16 58 17 53 10
45 0 4 1 14 2 3 3 15 4 12 5 13 6 20 8 12 9 20 10 10 11 15 12 9 13 2 14 12 15 12 16 8 17 14 19 2 20 9 21 5 22 1 24 14 25 15 26 12 27 2 28 19 29 8 30 3 31 7 32 15 33 6 35 9 37 1 38 12 39 20 40 11 42 17 43 11 44 15 7 18 18 14 23 20 36 11 41 18 46 15 47 15 48 19 49 17 51 13 52 9 53 17 54 13 55 7 56 9 57 10 58 18 50 15
46 0 3 1 2 2 3 3 7 4 5 5 2 6 7 7 7 8 14 9 18 10 13 11 5 12 10 13 17 14 15 16 17 17 7 18 19 20 4 21 12 23 10 24 16 25 10 26 16 27 4 28 1 29 1 30 9 31 16 32 8 33 4 34 15 35 15 36 7 37 8 39 2 40 14 41 13 42 16 44 16 45 15 15 14 19 7 22 20 38 9 47 7 48 14 49 16 50 5 51 14 52 19 53 2 54 13 55 3 57 17 58 6 56 13
47 1 6 2 2 3 4 4 20 5 8 6 17 7 5 8 17 9 20 10 9 11 19 12 6 13 7 14 7 15 19 16 7 17 16 18 1 19 12 20 5 21 18 22 8 23 11 25 9 26 6 27 18 29 4 30 15 32 18 33 1 34 13 36 3 37 16 39 1 40 12 41 16 42 10 43 4 44 7 45 15 46 7 0 18 24 13 28 15 31 11 35 12 48 2 49 20 50 19 51 6 52 6 53 11 54 19 55 8 56 4 57 7 58 17
48 0 15 1 18 2 6 3 9 4 6 5 16 6 6 7 15 8 4 9 4 10 8 11 7 12 3 13 7 14 11 15 6 16 6 18 8 19 13 20 6 23 17 24 17 25 4 26 17 28 8 29 3 30 10 31 1 32 2 33 11 34 6 36 12 40 8 41 13 42 2 43 6 44 18 45 19 46 14 47 2 17 1 21 15 22 17 27 13 35 8 37 16 38 17 39 15 49 10 50 17 51 12 52 3 53 13 54 15 55 19 58 9 56 8 57 19
49 1 5 2 19 3 13 4 8 5 12 6 10 7 14 8 12 9 19 11 15 12 5 13 17 14 7 15 5 16 6 17 12 18 14 19 5 20 4 21 5 22 8 23 13 24 8 25 19 26 10 27 4 28 1 29 7 30 9 31 2 32 7 33 8 34 2 35 16 36 12 37 19 38 13 39 20 40 6 41 4 42 7 43 1 44 2 45 17 46 16 47 20 48 10 0 13 10 19 50 18 52 7 53 1 54 14 56 17 57 13 58 2 51 17 55 15
50 0 10 1 17 2 9 3 20 4 17 5 17 6 18 7 9 8 19 9 8 10 14 11 6 12 2 13 3 14 17 15 3 16 17 17 15 18 20 19 1 20 6 21 18 22 9 23 5 24 14 26 18 28 3 29 8 31 20 32 15 33 11 35 18 37 12 38 8 39 19 40 6 41 8 42 9 43 14 44 6 46 5 47 19 48 17 49 18 25 4 27 12 30 19 34 5 36 18 45 15 51 13 52 3 53 8 54 15 55 9 56 5 57 3 58 4
51 0 3 1 10 2 16 3 1 4 19 5 6 6 12 7 6 8 9 10 20 11 13 12 19 13 4 15 4 16 20 17 9 18 6 19 20 20 19 21 1 22 2 23 14 24 11 25 10 26 6 27 2 28 18 30 1 31 12 33 9 34 18 35 20 36 14 37 14 38 15 39 8 40 6 41 15 42 17 44 7 45 13 46 14 47 6 48 12 50 13 9 12 29 15 32 15 49 17 52 12 53 5 54 6 55 3 56 1 57 4 58 15
52 1 12 3 2 4 10 5 10 6 1 7 1 8 2 9 11 10 15 11 16 12 19 13 6 14 16 16 19 17 19 18 12 19 17 20 6 21 14 22 9 24 15 25 16 26 17 27 15 28 6 29 11 30 12 31 5 32 3 33 10 34 11 35 17 36 10 37 9 39 8 40 9 41 2 42 18 44 10 45 9 46 19 47 6 48 3 49 7 50 3 51 12 0 16 2 14 15 20 23 4 38 10 54 5 55 19 56 13 57 12 58 2 53 9
53 0 1 1 15 2 9 3 3 4 19 5 5 6 2 7 20 8 17 9 4 10 12 11 11 12 3 13 12 14 9 15 15 16 6 17 17 18 5 19 17 20 4 21 5 22 11 23 10 24 17 25 4 26 3 27 5 28 14 29 5 30 7 32 3 33 5 34 8 35 13 36 4 37 7 39 3 40 17 41 12 42 14 43 19 45 17 46 2 47 11 48 13 49 1 50 8 51 5 31 20 38 9 44 10 52 9 54 1 55 5 56 5 57 12 58 2
54 0 12 1 10 2 13 3 20 4 5 5 16 6 14 7 7 9 11 10 4 11 18 12 8 13 18 14 7 17 16 18 20 19 20 20 20 21 16 23 11 24 19 25 2 26 10 27 16 28 14 29 14 30 15 32 14 33 5 34 7 35 8 36 18 37 1 38 3 39 20 41 17 42 8 43 12 44 18 45 13 46 13 47 19 48 15 49 14 50 15 51 6 52 5 53 1 8 15 15 9 16 4 22 4 31 14 40 11 55 13 56 9 57 17 58 2
55 0 14 1 4 3 7 4 20 5 14 6 17 7 2 8 2 9 20 10 17 11 12 12 12 13 7 15 13 16 3 17 18 18 17 19 6 21 18 22 6 23 9 24 7 25 5 26 12 27 12 28 9 29 2 30 15 31 6 32 2 33 5 34 19 35 17 36 4 37 19 38 19 39 1 40 17 41 16 42 17 44 17 45 7 46 3 47 8 48 19 50 9 51 3 52 19 53 5 54 13 2 5 14 9 20 5 43 20 49 15 56 14 57 19 58 11
56 0 4 1 18 2 14 3 9 4 18 5 17 6 4 7 18 8 16 10 19 11 7 12 2 13 1 14 18 15 15 16 4 17 1 18 1 19 12 20 16 21 7 22 16 23 13 24 13 25 13 26 8 27 12 29 16 30 3 31 3 33 2 34 16 35 2 37 4 38 2 39 6 40 8 41 9 42 15 43 7 44 17 45 9 47 4 49 17 50 5 51 1 52 13 53 5 54 9 55 14 9 20 28 3 32 8 36 20 46 13 48 8 57 3 58 11
57 0 3 1 10 2 10 3 19 4 5 5 7 7 15 8 12 9 10 10 6 11 8 12 20 13 6 14 1 15 12 16 20 17 20 18 13 19 3 20 2 21 11 22 1 23 7 24 11 25 12 26 1 27 3 28 14 30 13 31 16 32 14 34 5 35 1 36 16 37 5 38 3 39 2 40 12 42 14 44 16 45 10 46 17 47 7 49 13 50 3 51 4 52 12 53 12 54 17 55 19 56 3 29 7 33 18 41 5 43 14 48 19 58 14
58 0 16 1 2 3 18 4 11 5 8 6 5 7 20 8 13 9 4 10 4 11 15 12 15 13 5 14 20 16 8 17 12 18 3 19 9 21 11 22 3 24 5 25 9 26 10 27 12 28 2 29 4 30 20 32 14 33 18 34 7 36 7 37 12 38 15 39 4 40 2 41 15 42 6 43 8 44 17 45 18 46 6 47 17 48 9 49 2 50 4 51 15 52 2 53 2 54 2 56 11 2 12 15 16 20 15 23 9 31 5 55 11 57 14
