93
0 2 5 18 7 52 13 54 7
1 62 7 63 13 64 5 82 9 87 19
2 0 5 54 1 73 20 89 2 80 15
3 14 5 36 13 47 16 90 5 17 2 41 12 55 13
4 54 15 60 2 70 18 55 19 81 16
5 17 17 29 20 58 1 60 4
6 20 3 32 4 46 11 68 18 17 5 48 18
7 10 10 15 1 41 16 49 16 59 11 75 8
8 20 8 29 17 13 19 67 10
9 62 10 92 10
10 7 10 36 2 69 2 71 2 88 15
11 36 9 37 7 45 18
12 21 1 52 13 72 3 44 2
13 8 19 23 2 84 16 85 20
14 3 5 18 17 42 10 32 9 71 13
15 7 1 18 8 39 6 43 9 48 20 68 20
16 40 6 24 19 63 12 69 6 75 6
17 5 17 3 2 6 5 87 12 37 12 50 5 71 13 73 17
18 0 7 14 17 15 8 63 4
19 43 1
20 6 3 8 8 24 1 39 16 56 10 84 10
21 12 1 40 15 57 1 76 20
22 42 1 46 6 84 3 44 13 79 20
23 13 2 24 6 61 20 80 3
24 20 1 23 6 16 19 36 18 69 19 78 5 25 9 39 15
25 24 9 28 4 60 12 78 17 63 13
26 32 11 69 12
27 51 5 70 1 53 12 59 7
28 25 4 37 4
29 5 20 8 17 53 5
30 64 7 70 1 33 16 62 1
31 89 19
32 6 4 26 11 14 9 86 15 54 1 79 14
33 30 16 44 10 52 2 71 7 76 4 34 10 35 4 56 11
34 33 10 46 5 37 14 72 14
35 33 4 58 10 69 13 70 7
36 3 13 10 2 11 9 24 18 76 2 45 8 82 19
37 28 4 11 7 17 12 34 14 68 12 53 12
38 58 1 89 17
39 15 6 20 16 24 15 79 9
40 16 6 21 15 68 8
41 7 16 3 12 89 12
42 14 10 22 1
43 15 9 19 1 52 1 63 8 72 20 51 8
44 33 10 12 2 22 13 74 4
45 11 18 36 8 57 1 59 7
46 6 11 22 6 34 5 49 16 85 10 89 7
47 3 16 62 14 74 6
48 15 20 6 18 84 12
49 7 16 46 16 60 12 62 1 64 2 70 14
50 17 5 51 3 56 8
51 27 5 50 3 43 8 67 18 80 14 62 9 85 5
52 0 13 12 13 33 2 43 1 60 1
53 29 5 27 12 37 12 65 15
54 0 7 2 1 4 15 32 1 76 17 63 16
55 3 13 4 19 75 10 85 4 62 17 86 13
56 20 10 50 8 33 11
57 21 1 45 1 62 15
58 5 1 35 10 38 1 80 6
59 7 11 45 7 27 7 77 6 78 11 87 2
60 4 2 5 4 25 12 49 12 52 1 65 15 81 3 84 9 87 16 72 5
61 23 20 64 17 81 2
62 1 7 9 10 47 14 49 1 30 1 51 9 55 17 57 15 81 16
63 1 13 18 4 43 8 16 12 25 13 54 16 81 12
64 1 5 30 7 49 2 61 17 76 14
65 53 15 60 15
66 88 15 91 1
67 51 18 8 10 83 7
68 6 18 15 20 37 12 40 8
69 10 2 24 19 26 12 35 13 16 6 89 17 92 2 80 19
70 4 18 27 1 30 1 49 14 35 7
71 10 2 33 7 14 13 17 13
72 12 3 43 20 34 14 60 5
73 2 20 17 17
74 44 4 47 6
75 7 8 55 10 16 6
76 33 4 36 2 54 17 21 20 64 14
77 59 6
78 24 5 25 17 59 11
79 39 9 22 20 32 14
80 23 3 51 14 58 6 2 15 69 19
81 60 3 61 2 62 16 63 12 4 16
82 1 9 36 19
83 67 7 85 17
84 13 16 20 10 22 3 60 9 48 12
85 46 10 55 4 83 17 13 20 51 5
86 32 15 55 13
87 1 19 17 12 60 16 59 2 91 15
88 10 15 66 15
89 2 2 31 19 38 17 46 7 69 17 41 12
90 3 5
91 87 15 66 1
92 9 10 69 2
