39
0 2 11 3 10 4 4 5 10 6 11 7 6 8 12 9 10 10 14 13 14 14 15 16 9 17 5 18 16 20 6 21 12 22 9 23 14 24 16 25 19 26 16 27 20 28 4 29 13 30 8 31 20 32 1 33 14 35 17 36 10 37 11 38 14 1 13 11 11 12 14 15 20 19 8
1 0 13 2 2 3 8 6 8 7 17 8 10 9 15 10 9 11 13 12 2 13 12 15 5 16 1 17 7 18 14 19 8 20 7 21 17 23 11 25 9 26 3 27 19 28 2 29 2 30 15 31 2 32 18 33 10 34 7 35 19 36 1 38 5 4 6 5 8 14 7 22 1 24 1 37 17
2 0 11 1 2 3 18 4 10 5 15 6 13 7 8 8 14 9 11 10 11 11 10 12 12 13 10 14 18 15 9 16 3 17 16 18 15 19 8 20 2 21 7 22 5 23 10 24 16 25 3 26 18 27 12 28 13 29 14 31 5 33 16 34 5 35 16 36 10 37 7 38 18 30 20 32 11
3 0 10 1 8 2 18 4 5 5 9 6 10 8 4 9 1 10 1 11 6 12 14 13 12 14 6 15 2 16 2 17 17 18 11 19 9 20 6 21 10 22 8 23 4 24 11 25 16 26 3 27 11 28 2 29 18 30 15 31 12 33 7 34 15 35 20 36 10 37 19 32 12 38 1
4 0 4 2 10 3 5 1 6 5 2 6 10 7 19 8 17 9 17 10 4 11 9 12 12 13 18 14 14 15 20 16 17 18 16 20 11 21 12 22 13 23 16 24 7 26 8 27 2 28 17 29 15 30 8 31 9 32 12 33 17 34 5 35 9 36 11 37 1 38 17 17 17 19 9 25 17
5 0 10 2 15 3 9 4 2 1 8 6 20 9 8 10 14 12 18 13 14 14 18 15 5 16 18 17 2 18 5 19 8 20 15 21 14 22 13 23 12 24 20 25 14 26 12 27 5 30 6 31 18 32 20 33 19 34 13 35 10 36 16 37 3 38 1 7 1 28 4 29 2
6 0 11 1 8 2 13 3 10 4 10 5 20 7 19 8 10 9 6 10 15 11 6 12 7 13 3 14 1 15 7 16 4 17 15 18 13 19 14 20 3 22 14 23 8 24 13 26 3 28 10 29 11 30 5 32 11 33 19 34 19 35 7 36 12 37 12 38 14 21 3 25 20 27 20 31 13
7 0 6 1 17 2 8 4 19 6 19 5 1 8 16 9 11 10 20 11 13 12 11 13 14 14 7 15 9 16 11 18 5 19 9 20 6 22 3 24 17 25 1 26 20 27 3 28 5 29 2 30 9 31 3 32 7 33 16 34 16 36 8 17 6 23 3 35 9 37 16 38 18
8 0 12 1 10 2 14 3 4 4 17 6 10 7 16 9 7 10 13 11 4 12 5 13 10 14 19 15 9 16 8 17 15 18 11 19 1 20 3 21 16 22 11 23 20 24 12 25 18 26 13 27 1 28 3 29 7 30 18 31 6 32 17 33 10 34 11 35 9 36 16 37 16 38 7
9 0 10 1 15 2 11 3 1 4 17 5 8 6 6 7 11 8 7 10 2 11 7 12 10 13 20 14 14 15 5 16 11 17 14 18 17 19 13 20 1 21 1 22 17 24 5 26 15 28 12 29 19 30 18 31 13 32 9 33 17 34 20 35 13 36 14 37 10 23 19 25 5 27 8 38 10
10 0 14 1 9 2 11 3 1 4 4 5 14 6 15 7 20 8 13 9 2 11 7 12 12 13 7 14 8 15 16 16 2 17 3 18 4 19 17 20 9 21 1 22 6 23 1 24 2 25 13 26 17 27 4 28 5 29 3 30 14 31 2 32 19 33 10 34 14 35 11 36 19 37 13 38 2
11 1 13 2 10 3 6 4 9 6 6 7 13 8 4 9 7 10 7 0 11 12 14 13 4 14 16 15 10 16 14 17 15 18 12 19 10 21 9 22 13 23 3 24 11 25 8 26 20 27 15 28 20 29 3 30 20 31 6 32 13 33 16 34 7 35 13 37 2 38 17 20 1 36 16
12 1 2 2 12 3 14 4 12 5 18 6 7 7 11 8 5 9 10 10 12 11 14 0 14 14 16 15 8 16 8 17 2 18 2 19 12 20 14 21 9 22 6 24 18 26 20 27 1 28 16 29 5 30 10 32 20 33 7 36 8 37 9 38 14 13 12 23 9 25 14 31 4 35 20
13 0 14 1 12 2 10 3 12 4 18 5 14 6 3 7 14 8 10 9 20 10 7 11 4 12 12 15 19 16 9 17 18 18 18 20 9 21 11 22 4 23 6 24 16 25 2 26 18 27 13 28 7 29 19 30 2 31 10 32 13 33 2 34 7 35 20 36 16 37 14 38 7 14 2 19 14
14 0 15 2 18 3 6 4 14 5 18 6 1 7 7 8 19 9 14 10 8 11 16 12 16 1 7 13 2 15 1 16 11 18 7 19 1 20 11 21 19 22 18 23 20 24 4 25 14 26 6 27 1 28 19 29 7 31 18 32 10 33 5 34 5 35 4 36 5 37 10 38 16 30 2
15 1 5 2 9 3 2 4 20 5 5 6 7 7 9 8 9 9 5 10 16 11 10 12 8 13 19 14 1 0 20 16 15 17 14 18 13 19 2 20 7 21 17 22 10 23 6 24 7 25 5 26 3 27 10 28 16 31 19 32 8 33 9 34 4 35 1 36 2 37 20 38 13 29 6 30 15
16 0 9 1 1 2 3 3 2 4 17 5 18 6 4 7 11 8 8 9 11 10 2 11 14 12 8 13 9 14 11 15 15 17 9 18 14 19 13 20 15 22 16 23 13 24 17 25 8 26 6 27 1 28 2 29 17 30 1 31 8 32 10 33 13 34 13 35 15 37 6 38 17 36 17
17 0 5 1 7 2 16 3 17 5 2 6 15 8 15 9 14 10 3 11 15 12 2 13 18 15 14 16 9 4 17 7 6 18 5 19 7 20 4 21 13 22 13 23 8 24 18 25 14 26 15 27 14 28 2 29 11 30 14 32 7 33 1 34 16 35 14 37 19 38 14 31 6 36 7
18 0 16 1 14 2 15 3 11 4 16 5 5 6 13 7 5 8 11 9 17 10 4 11 12 12 2 13 18 14 7 15 13 16 14 17 5 20 8 21 19 22 3 23 20 24 16 25 8 26 2 27 15 28 4 30 5 31 8 32 4 33 12 34 6 35 8 36 18 37 6 38 17 19 2 29 13
19 1 8 2 8 3 9 5 8 6 14 7 9 8 1 9 13 10 17 11 10 12 12 14 1 15 2 16 13 17 7 0 8 4 9 13 14 18 2 20 11 21 1 22 20 23 16 24 12 25 8 26 10 27 6 28 15 29 1 30 8 31 10 32 19 33 11 35 12 36 5 37 8 38 12 34 14
20 0 6 1 7 2 2 3 6 4 11 5 15 6 3 7 6 8 3 9 1 10 9 12 14 13 9 14 11 15 7 16 15 17 4 18 8 19 11 11 1 21 15 23 5 24 4 25 19 27 8 28 2 29 18 30 8 31 4 32 1 33 16 34 7 35 4 36 4 37 5 38 6 22 11 26 13
21 0 12 1 17 2 7 3 10 4 12 5 14 8 16 9 1 10 1 11 9 12 9 13 11 14 19 15 17 17 13 18 19 19 1 20 15 6 3 22 4 23 1 24 12 26 16 27 7 28 18 30 14 31 8 32 4 33 4 34 3 36 15 37 7 25 5 29 13 35 12 38 4
22 0 9 2 5 3 8 4 13 5 13 6 14 7 3 8 11 9 17 10 6 11 13 12 6 13 4 14 18 15 10 16 16 17 13 18 3 19 20 21 4 1 1 20 11 23 11 24 20 26 14 27 15 28 10 29 19 30 2 31 17 32 16 33 10 35 10 36 10 37 1 38 3 25 10 34 13
23 0 14 1 11 2 10 3 4 4 16 5 12 6 8 8 20 10 1 11 3 13 6 14 20 15 6 16 13 17 8 18 20 19 16 20 5 21 1 22 11 7 3 9 19 12 9 24 8 25 11 26 3 27 9 28 13 29 1 30 12 32 20 33 11 34 6 35 2 36 11 37 10 31 18 38 13
24 0 16 2 16 3 11 4 7 5 20 6 13 7 17 8 12 9 5 10 2 11 11 12 18 13 16 14 4 15 7 16 17 17 18 18 16 19 12 20 4 21 12 22 20 23 8 1 1 25 6 26 2 27 4 28 8 29 6 30 2 31 1 32 20 33 11 35 4 36 9 37 9 38 13 34 14
25 0 19 1 9 2 3 3 16 5 14 7 1 8 18 10 13 11 8 13 2 14 14 15 5 16 8 17 14 18 8 19 8 20 19 23 11 24 6 4 17 6 20 9 5 12 14 21 5 22 10 26 19 27 1 29 16 30 14 31 6 32 3 33 3 34 10 35 2 36 10 37 18 38 10 28 9
26 0 16 1 3 2 18 3 3 4 8 5 12 6 3 7 20 8 13 9 15 10 17 11 20 12 20 13 18 14 6 15 3 16 6 17 15 18 2 19 10 21 16 22 14 23 3 24 2 25 19 20 13 27 8 29 6 30 19 31 19 32 10 33 4 34 5 35 8 36 2 37 2 38 16 28 10
27 0 20 1 19 2 12 3 11 4 2 5 5 7 3 8 1 10 4 11 15 12 1 13 13 14 1 15 10 16 1 17 14 18 15 19 6 20 8 21 7 22 15 23 9 24 4 25 1 26 8 6 20 9 8 29 11 30 15 31 20 32 4 33 11 34 8 35 2 36 3 37 2 38 17 28 14
28 0 4 1 2 2 13 3 2 4 17 6 10 7 5 8 3 9 12 10 5 11 20 12 16 13 7 14 19 15 16 16 2 17 2 18 4 19 15 20 2 21 18 22 10 23 13 24 8 5 4 25 9 26 10 27 14 29 14 31 19 32 10 33 1 34 16 35 7 36 18 37 10 38 12 30 5
29 0 13 1 2 2 14 3 18 4 15 6 11 7 2 8 7 9 19 10 3 11 3 12 5 13 19 14 7 16 17 17 11 19 1 20 18 22 19 23 1 24 6 25 16 26 6 27 11 28 14 5 2 15 6 18 13 21 13 30 11 31 9 32 4 33 19 34 9 35 9 36 18 37 20 38 15
30 0 8 1 15 3 15 4 8 5 6 6 5 7 9 8 18 9 18 10 14 11 20 12 10 13 2 16 1 17 14 18 5 19 8 20 8 21 14 22 2 23 12 24 2 25 14 26 19 27 15 29 11 2 20 14 2 15 15 28 5 31 16 32 13 33 2 34 2 35 15 36 7 37 3 38 14
31 0 20 1 2 2 5 3 12 4 9 5 18 7 3 8 6 9 13 10 2 11 6 13 10 14 18 15 19 16 8 18 8 19 10 20 4 21 8 22 17 24 1 25 6 26 19 27 20 28 19 29 9 30 16 6 13 12 4 17 6 23 18 32 2 33 10 34 1 35 9 36 19 37 11 38 19
32 0 1 1 18 4 12 5 20 6 11 7 7 8 17 9 9 10 19 11 13 12 20 13 13 14 10 15 8 16 10 17 7 18 4 19 19 20 1 21 4 22 16 23 20 24 20 25 3 26 10 27 4 28 10 29 4 30 13 31 2 2 11 3 12 33 7 37 4 38 19 34 6 35 4 36 7
33 0 14 1 10 2 16 3 7 4 17 5 19 6 19 7 16 8 10 9 17 10 10 11 16 12 7 13 2 14 5 15 9 16 13 17 1 18 12 19 11 20 16 21 4 22 10 23 11 24 11 25 3 26 4 27 11 28 1 29 19 30 2 31 10 32 7 34 4 35 8 36 19 37 1 38 6
34 1 7 2 5 3 15 4 5 5 13 6 19 7 16 8 11 9 20 10 14 11 7 13 7 14 5 15 4 16 13 17 16 18 6 20 7 21 3 23 6 25 10 26 5 27 8 28 16 29 9 30 2 31 1 33 4 19 14 22 13 24 14 32 6 35 19 36 5 37 15 38 20
35 0 17 1 19 2 16 3 20 4 9 5 10 6 7 8 9 9 13 10 11 11 13 13 20 14 4 15 1 16 15 17 14 18 8 19 12 20 4 22 10 23 2 24 4 25 2 26 8 27 2 28 7 29 9 30 15 31 9 33 8 34 19 7 9 12 20 21 12 32 4 36 9 37 19 38 13
36 0 10 1 1 2 10 3 10 4 11 5 16 6 12 7 8 8 16 9 14 10 19 12 8 13 16 14 5 15 2 18 18 19 5 20 4 21 15 22 10 23 11 24 9 25 10 26 2 27 3 28 18 29 18 30 7 31 19 33 19 34 5 35 9 11 16 16 17 17 7 32 7 37 3 38 8
37 0 11 2 7 3 19 4 1 5 3 6 12 8 16 9 10 10 13 11 2 12 9 13 14 14 10 15 20 16 6 17 19 18 6 19 8 20 5 21 7 22 1 23 10 24 9 25 18 26 2 27 2 28 10 29 20 30 3 31 11 32 4 33 1 34 15 35 19 36 3 1 17 7 16 38 11
38 0 14 1 5 2 18 4 17 5 1 6 14 8 7 10 2 11 17 12 14 13 7 14 16 15 13 16 17 17 14 18 17 19 12 20 6 22 3 24 13 25 10 26 16 27 17 28 12 29 15 30 14 31 19 32 19 33 6 34 20 35 13 36 8 37 11 3 1 7 18 9 10 21 4 23 13
