99
0 1 9 2 19 4 6 5 9 7 8 9 7 10 5 11 5 12 19 13 4 14 15 15 16 16 2 17 3 19 18 21 16 22 15 23 10 24 14 25 4 26 17 27 10 28 9 29 19 30 13 31 14 34 13 35 7 36 4 37 10 38 8 39 12 40 5 41 13 42 19 43 9 44 9 45 18 46 5 47 10 49 5 50 16 51 14 52 17 53 17 54 20 55 20 56 9 57 18 58 20 59 4 60 6 61 4 62 17 63 1 64 7 65 6 66 3 67 11 68 5 69 4 70 12 71 12 73 16 74 9 75 4 76 17 77 5 78 2 79 1 80 5 81 10 82 5 83 16 84 20 85 8 86 3 87 10 88 18 89 15 90 6 91 12 92 7 93 18 94 20 95 10 96 16 98 10 3 11 6 13 8 19 18 19 20 5 32 9 33 1 48 14 72 6 97 11
1 0 9 2 8 3 19 4 9 5 14 6 2 7 11 8 3 9 15 10 10 11 6 12 4 13 7 15 13 16 2 17 17 18 13 19 6 20 2 21 7 22 12 23 4 24 2 26 11 27 2 28 2 29 14 30 17 31 17 32 3 33 6 34 8 36 17 37 5 38 6 39 13 40 10 41 11 42 15 43 15 44 16 45 18 46 16 47 7 48 11 49 12 50 5 52 19 53 19 54 5 55 13 57 20 58 15 59 20 60 15 61 13 63 5 64 12 66 19 67 13 68 12 69 7 70 9 71 20 72 4 73 2 75 14 76 4 78 5 80 8 81 17 82 19 83 2 84 2 85 11 86 6 87 11 90 2 91 9 93 9 94 8 96 4 97 13 98 14 14 11 25 5 35 15 51 8 56 9 62 19 65 1 77 18 79 17 88 11 89 12 92 19 95 15
2 0 19 1 8 3 8 4 5 5 19 6 3 7 11 8 20 9 8 10 2 11 8 12 16 13 13 14 5 15 5 16 14 17 2 21 6 22 9 23 9 25 6 26 14 27 9 28 13 29 19 30 19 31 9 32 14 33 8 35 19 36 17 37 5 38 13 40 10 41 11 42 8 43 9 44 9 45 15 46 5 48 19 49 20 50 18 51 7 52 15 53 16 54 7 55 7 56 13 57 9 59 14 60 14 61 16 62 14 63 14 64 4 65 1 66 3 67 13 68 7 70 13 71 6 72 13 73 14 74 7 75 12 76 17 77 7 78 13 79 5 80 17 81 11 82 15 83 4 84 1 85 1 86 10 87 19 88 13 90 4 91 19 92 10 93 4 94 15 95 2 96 17 97 16 98 15 18 17 19 18 20 9 24 8 34 15 39 14 58 7 69 11 89 19
3 1 19 2 8 0 11 4 8 5 3 6 1 8 18 10 9 11 16 12 14 13 12 14 7 15 14 16 19 18 5 19 10 20 19 21 5 22 19 24 6 25 6 26 19 27 2 28 15 29 2 30 12 31 19 32 14 33 7 34 15 35 20 36 12 37 10 38 14 39 15 40 3 41 17 42 1 43 9 44 1 45 17 47 17 48 1 49 2 50 13 51 8 52 2 53 4 54 17 56 17 57 16 58 12 59 7 60 4 61 15 62 6 63 15 65 11 68 19 69 3 70 9 71 2 72 14 73 3 74 16 75 17 76 7 77 4 78 15 79 2 80 7 81 1 82 6 83 7 84 11 85 18 86 7 87 5 88 18 89 19 91 20 92 6 93 9 94 1 95 16 96 9 97 1 98 20 7 16 9 15 17 4 23 17 55 20 64 14 66 20 67 18 90 5
4 0 6 1 9 2 5 3 8 6 5 7 19 8 11 9 12 10 8 11 9 12 19 13 18 14 4 15 4 16 15 17 10 18 16 19 4 20 9 21 20 22 3 24 5 25 10 27 15 28 4 29 12 30 3 31 7 32 20 34 10 35 20 36 7 37 5 38 14 39 5 40 12 41 16 42 20 43 17 44 19 45 20 46 9 47 18 48 6 49 15 50 10 51 2 52 6 53 9 54 7 55 10 56 14 57 13 58 5 59 5 60 13 61 9 62 2 63 18 64 18 65 14 66 7 67 2 68 13 69 4 70 11 71 4 72 15 74 10 75 17 76 17 77 8 78 19 79 1 80 6 81 11 82 16 83 3 84 5 86 1 87 16 88 17 89 14 90 1 91 7 92 7 93 3 94 5 95 16 97 5 98 16 5 20 23 17 26 1 33 12 73 12 85 1 96 2
5 0 9 1 14 2 19 3 3 4 20 6 10 7 15 8 4 9 17 10 5 11 13 12 18 13 2 14 5 15 13 16 10 17 18 18 12 19 8 20 2 21 6 22 18 23 20 24 4 25 3 26 1 27 9 28 4 29 1 30 1 31 17 32 1 33 14 34 12 35 20 36 1 37 6 38 14 39 16 40 6 42 20 43 7 45 12 46 13 49 17 50 15 51 16 53 6 54 3 55 9 56 18 58 4 59 14 60 10 61 11 63 19 64 20 65 13 66 1 67 8 68 6 69 16 70 15 71 4 72 9 73 2 74 10 75 9 77 11 78 16 79 6 80 17 81 16 82 13 83 12 84 18 85 4 86 17 88 11 89 16 90 5 91 4 92 8 93 8 94 8 95 8 96 6 97 7 98 14 41 15 44 3 47 16 48 1 52 20 57 7 62 10 76 14 87 1
6 1 2 2 3 3 1 4 5 5 10 0 13 7 19 8 12 9 13 10 7 12 18 13 8 14 10 15 10 16 9 17 18 18 11 19 6 20 15 21 10 22 7 23 10 24 5 25 9 26 3 28 7 29 13 30 3 31 9 32 18 33 1 34 18 35 18 36 8 37 14 38 13 39 8 40 9 41 18 42 15 43 10 45 8 46 16 47 5 48 16 49 18 50 18 51 11 52 11 53 6 54 1 55 11 56 1 57 9 58 14 59 13 60 8 61 1 62 5 63 11 64 3 65 7 66 13 67 11 68 15 70 16 71 2 72 12 73 4 74 12 75 19 76 4 77 2 78 3 79 11 80 2 81 10 82 3 83 14 84 18 85 12 86 9 89 6 90 10 91 6 92 9 93 4 94 5 95 13 96 14 97 14 98 8 11 9 27 1 44 18 69 9 87 7 88 2
7 0 8 1 11 2 11 4 19 5 15 6 19 3 16 8 16 9 11 10 4 11 14 12 14 14 17 15 8 16 1 17 14 18 11 19 15 20 2 21 3 22 16 23 19 24 15 25 8 26 1 27 5 28 6 29 12 30 11 31 11 32 12 33 18 34 2 36 15 37 5 38 6 39 13 40 18 41 11 42 6 43 3 44 16 45 18 46 20 47 8 48 7 49 18 50 10 51 1 52 5 53 20 54 11 56 6 57 10 58 8 59 15 60 3 61 9 62 9 63 18 64 8 65 8 66 13 67 16 68 6 69 2 70 15 71 8 72 12 73 17 74 15 75 17 76 11 77 2 78 15 79 13 80 7 81 10 82 17 83 13 84 3 85 2 87 12 88 15 89 3 90 14 91 18 92 8 93 5 94 4 95 14 96 11 98 2 13 14 35 9 55 20 86 8 97 9
8 1 3 2 20 3 18 4 11 5 4 6 12 7 16 0 19 10 9 11 5 12 17 13 20 14 9 15 8 16 18 18 19 19 5 20 10 22 6 24 4 25 14 26 19 28 17 29 6 30 8 31 11 32 1 33 19 34 1 35 16 36 18 37 5 38 19 39 18 40 20 41 8 42 10 43 18 45 3 46 2 47 6 48 3 50 20 51 4 52 2 53 15 54 5 55 6 56 4 57 13 58 19 60 10 61 12 62 16 63 4 64 12 65 17 68 14 69 14 70 9 71 4 73 15 74 7 75 8 76 16 77 8 78 18 79 5 80 12 81 5 82 6 83 10 84 13 85 13 86 19 87 19 88 14 89 20 90 18 91 17 92 1 93 3 94 19 96 8 97 3 98 4 17 20 21 8 23 2 27 5 44 1 49 2 59 7 66 1 67 9 72 18 95 7
9 0 7 1 15 2 8 4 12 5 17 6 13 7 11 3 15 10 10 11 18 12 16 13 10 14 2 15 18 16 19 17 8 18 17 20 12 21 2 22 13 23 19 25 3 26 5 27 10 28 7 29 13 30 8 32 20 33 12 34 4 35 11 36 4 37 5 38 12 39 12 40 5 41 3 42 15 43 11 44 14 45 3 46 15 47 10 48 18 49 20 50 2 51 13 52 7 53 15 54 11 55 2 56 19 57 6 58 4 59 12 60 3 61 14 62 20 63 15 64 19 65 19 66 16 67 2 68 14 69 20 70 11 71 19 72 13 73 4 74 20 75 11 76 4 77 15 78 13 79 7 80 1 81 3 82 2 83 13 84 11 85 10 86 20 87 17 88 2 89 2 90 9 91 17 92 15 93 5 94 3 95 2 97 2 98 6 19 1 24 8 31 15 96 10
10 0 5 1 10 2 2 3 9 4 8 5 5 6 7 7 4 8 9 9 10 12 3 13 6 14 6 15 18 16 20 17 6 19 14 20 17 21 14 22 14 23 2 24 9 25 19 27 7 28 6 29 19 30 8 31 16 32 2 33 16 34 9 35 15 36 13 37 20 38 13 39 13 40 18 41 12 42 11 43 1 44 18 45 5 46 17 47 18 48 18 50 12 51 11 52 12 53 16 54 14 56 16 57 6 58 7 59 11 60 8 61 20 62 11 63 8 64 18 65 2 67 10 68 6 70 6 71 13 72 5 73 20 74 18 75 18 76 9 77 17 78 17 79 20 80 13 82 6 83 9 84 15 85 16 86 18 87 12 88 3 89 6 90 15 91 11 92 7 94 11 95 2 96 7 97 20 98 16 11 13 18 17 26 20 49 18 55 17 66 4 69 19 81 12 93 12
11 0 5 1 6 2 8 3 16 4 9 5 13 7 14 8 5 9 18 6 9 10 13 13 15 14 15 15 6 16 14 17 1 18 19 19 5 20 2 21 4 22 10 23 12 24 6 25 18 26 20 27 18 28 17 29 11 30 17 31 6 32 14 33 10 34 7 35 14 36 9 38 5 40 11 41 16 42 19 43 12 44 16 45 13 46 7 47 1 48 6 49 1 50 17 51 19 52 16 53 13 54 2 55 11 56 16 57 15 58 18 59 10 60 17 61 11 62 12 64 4 65 1 66 8 67 11 68 3 69 9 70 18 71 7 72 14 73 1 74 16 76 19 77 4 78 8 79 19 80 3 81 17 82 17 83 19 84 16 85 11 86 16 87 6 88 16 89 5 90 19 91 1 92 2 93 11 94 1 95 5 96 13 97 5 98 12 12 13 37 1 39 14
12 0 19 1 4 2 16 3 14 4 19 5 18 6 18 7 14 8 17 9 16 10 3 11 13 13 15 14 15 15 15 16 14 17 3 18 13 19 20 20 9 23 2 24 2 25 5 26 8 27 12 28 7 29 9 30 8 31 13 32 3 33 16 34 10 35 7 36 9 37 14 38 18 39 16 40 1 41 4 42 16 43 3 44 7 45 1 46 2 47 18 48 6 49 3 50 13 51 1 52 1 53 18 54 10 55 17 56 17 57 4 58 1 59 1 60 16 61 4 62 7 63 19 64 3 65 18 66 2 67 4 68 12 69 20 70 5 71 15 72 1 73 18 74 16 75 12 76 10 77 18 79 20 80 10 82 17 83 11 84 9 85 13 86 9 87 18 89 13 90 14 91 13 92 19 93 12 94 20 96 5 97 8 98 5 21 11 22 9 78 3 81 3 88 7 95 17
13 0 4 1 7 2 13 3 12 4 18 5 2 6 8 8 20 9 10 10 6 11 15 12 15 7 14 14 9 15 16 16 18 17 6 18 14 19 13 20 7 21 5 22 9 24 5 25 8 26 12 27 14 28 4 29 2 30 6 31 19 32 14 33 2 34 13 35 20 36 11 37 15 38 9 39 20 40 16 41 9 42 6 43 18 44 17 45 6 46 6 47 17 48 8 49 1 50 7 51 6 52 7 53 19 55 20 56 1 57 4 60 9 61 19 62 2 63 7 64 8 66 3 67 12 68 6 69 13 70 19 71 11 72 5 73 20 74 15 75 9 76 6 77 14 78 2 79 11 81 16 82 7 83 4 84 5 85 16 86 17 87 17 88 4 89 9 90 2 91 5 92 18 93 19 94 6 95 20 96 14 97 7 98 5 54 19 58 5 59 10 65 11 80 2
14 0 15 2 5 3 7 4 4 5 5 6 10 7 17 8 9 9 2 10 6 11 15 12 15 13 9 1 11 15 12 16 8 17 3 18 18 19 3 20 19 21 3 22 18 23 20 24 2 25 6 26 10 27 7 28 5 29 3 31 12 32 7 33 4 34 11 35 10 36 1 37 8 38 7 40 11 41 18 42 7 43 4 44 16 46 19 47 8 48 6 49 8 50 2 51 8 52 14 53 15 54 16 55 5 56 13 57 3 58 10 59 8 60 2 61 2 62 14 63 17 64 13 65 2 66 14 67 12 68 6 69 14 71 9 72 4 73 1 74 8 75 17 76 1 77 19 79 14 80 5 81 6 82 9 83 18 84 10 85 16 86 15 89 2 90 11 91 16 92 8 93 13 94 1 95 20 96 12 98 15 30 6 39 10 45 11 78 16 87 18 88 2
15 0 16 1 13 2 5 3 14 4 4 5 13 6 10 7 8 8 8 9 18 10 18 11 6 12 15 13 16 14 12 16 15 17 10 18 8 19 10 20 6 21 10 22 15 23 11 24 11 25 15 26 2 27 9 28 16 29 10 30 18 31 3 32 17 33 13 34 17 35 7 36 4 37 4 38 5 39 19 40 12 41 10 42 8 43 17 44 12 45 13 46 9 49 16 50 6 51 8 52 15 53 7 54 9 55 11 56 6 57 14 58 20 59 14 60 7 61 9 62 8 63 15 64 15 65 13 66 14 67 7 68 3 69 12 70 14 71 4 73 14 74 19 76 13 77 7 79 10 80 2 81 5 82 1 83 19 84 14 85 13 89 11 90 6 91 6 92 2 94 16 95 17 96 1 97 8 98 12 48 10 72 10 75 18 78 3 86 11 87 5 93 20
16 0 2 1 2 2 14 3 19 4 15 5 10 6 9 7 1 8 18 9 19 10 20 11 14 12 14 13 18 14 8 15 15 17 6 18 18 19 15 20 5 21 9 22 5 23 7 24 4 25 8 26 13 27 9 28 5 29 15 30 5 31 14 32 11 33 18 34 20 35 5 36 11 37 8 38 14 39 14 40 9 41 12 43 14 44 18 45 13 47 14 48 4 49 17 52 15 53 4 54 15 55 6 56 1 57 11 58 20 59 17 61 11 62 2 63 14 64 9 65 16 66 12 67 10 68 20 69 16 70 19 71 6 72 11 73 14 74 17 75 3 76 10 77 6 78 10 79 7 81 16 82 20 84 1 85 5 86 2 87 16 88 13 89 13 90 8 91 8 92 18 93 14 94 20 95 16 96 20 97 20 98 1 42 20 46 20 50 11 51 9 60 10 83 18
17 0 3 1 17 2 2 4 10 5 18 6 18 7 14 9 8 10 6 11 1 12 3 13 6 14 3 15 10 16 6 3 4 8 20 18 17 19 13 20 19 21 13 24 9 25 12 26 17 27 16 28 7 29 19 30 18 31 15 32 19 33 20 34 6 36 7 38 12 39 2 40 5 41 17 43 12 44 16 45 1 46 8 47 6 48 17 49 5 50 12 51 4 52 14 53 6 54 20 55 9 56 17 57 17 58 9 59 4 60 1 61 5 63 18 64 12 65 20 66 15 67 6 68 8 69 12 70 20 71 4 72 10 73 16 74 20 75 3 76 7 78 15 79 18 80 13 81 10 82 5 84 11 85 13 86 3 88 20 89 5 90 15 91 19 92 8 93 16 94 11 95 4 96 3 97 18 98 13 22 17 23 18 35 19 37 6 42 13 62 9 77 4 83 20 87 8
18 1 13 3 5 4 16 5 12 6 11 7 11 8 19 9 17 11 19 12 13 13 14 14 18 15 8 16 18 17 17 0 19 2 17 10 17 19 18 20 18 22 9 24 6 25 15 26 12 27 9 28 1 29 5 30 9 31 20 32 14 33 14 34 20 35 11 36 2 37 20 38 13 39 7 40 11 41 19 43 5 44 10 46 10 47 12 48 15 49 1 50 12 51 11 52 8 53 4 54 9 56 10 57 6 58 1 60 5 61 16 62 3 63 4 64 11 65 12 66 20 67 17 68 14 69 16 70 20 71 10 72 11 74 6 75 17 76 8 77 10 78 20 80 9 81 20 82 13 83 12 84 10 85 1 86 8 87 12 88 17 89 4 90 8 91 17 92 12 93 19 94 20 95 17 96 5 97 7 98 17 21 11 23 20 45 20 55 15 59 4 73 20 79 17
19 0 18 1 6 3 10 4 4 5 8 6 6 7 15 8 5 10 14 11 5 12 20 13 13 14 3 15 10 16 15 17 13 18 18 2 18 9 1 21 13 22 13 23 8 24 4 25 6 26 15 27 11 28 9 29 8 30 1 31 13 32 3 33 5 34 4 35 12 36 3 37 14 38 8 39 2 40 12 41 9 42 9 43 12 44 18 45 9 46 1 47 10 48 19 49 14 50 17 51 15 52 19 53 9 54 8 55 15 56 13 57 8 58 20 59 19 61 10 62 7 63 6 66 4 67 19 68 12 69 11 70 3 71 1 72 16 73 7 74 19 75 3 76 18 77 20 78 14 79 18 80 20 81 17 83 13 85 14 86 6 87 6 88 13 89 5 90 19 92 19 93 16 94 17 95 7 96 10 98 2 20 20 60 11 64 13 65 2 82 19 84 3 91 6 97 15
20 1 2 3 19 4 9 5 2 6 15 7 2 8 10 9 12 10 17 11 2 12 9 13 7 14 19 15 6 16 5 17 19 18 18 0 5 2 9 19 20 23 1 24 19 25 5 26 8 27 8 28 16 29 2 30 13 31 6 32 17 33 12 34 1 35 13 36 20 37 4 38 12 39 4 40 19 41 11 42 12 43 4 44 1 45 3 46 13 47 16 48 4 49 9 50 17 51 15 52 14 53 9 54 15 55 10 56 5 57 12 59 3 60 4 61 14 62 19 63 4 65 17 66 10 67 1 68 2 69 3 71 8 72 3 73 3 74 2 75 8 76 11 78 19 79 5 80 19 81 12 82 19 84 7 85 1 86 13 87 13 88 6 89 3 90 11 91 9 92 9 93 17 94 8 95 17 96 20 97 3 98 7 21 14 22 13 58 19 64 17 77 7 83 14
21 0 16 1 7 2 6 3 5 4 20 5 6 6 10 7 3 9 2 10 14 11 4 13 5 14 3 15 10 16 9 17 13 19 13 8 8 12 11 18 11 20 14 22 16 23 16 24 16 26 2 27 3 30 9 32 6 34 14 36 15 37 14 38 15 39 17 41 12 42 14 43 19 44 15 46 9 47 4 48 5 49 11 50 9 51 17 52 16 53 1 54 12 56 11 57 15 58 11 59 18 60 12 61 10 62 12 63 12 64 14 65 6 67 9 68 13 69 20 70 18 71 2 72 2 73 15 74 2 75 14 76 14 77 19 78 2 79 15 80 4 81 6 82 4 83 13 84 17 85 17 86 18 87 8 88 18 89 3 90 8 91 13 92 17 93 4 94 10 95 18 96 11 97 1 98 3 25 7 28 16 31 5 33 4 35 19 40 6 45 5 55 14 66 8
22 0 15 1 12 2 9 3 19 4 3 5 18 6 7 7 16 8 6 9 13 10 14 11 10 13 9 14 18 15 15 16 5 18 9 19 13 21 16 12 9 17 17 20 13 23 5 24 9 25 11 26 4 27 8 28 6 29 4 30 20 31 6 32 4 33 6 34 2 35 8 36 15 37 14 38 1 39 19 40 13 41 4 42 13 43 10 44 20 46 14 47 13 48 14 49 2 50 17 51 4 52 17 53 18 54 10 55 12 56 9 57 1 58 10 59 5 60 13 61 11 62 11 63 19 64 16 65 14 66 8 67 17 68 10 69 14 70 20 71 3 72 17 73 13 74 3 76 20 78 14 79 20 80 4 81 8 82 16 84 15 85 2 86 5 87 1 88 8 89 15 90 7 91 2 92 16 93 19 94 5 95 19 96 6 97 15 98 14 45 16 75 20 77 3 83 16
23 0 10 1 4 2 9 5 20 6 10 7 19 9 19 10 2 11 12 12 2 14 20 15 11 16 7 19 8 20 1 21 16 22 5 3 17 4 17 8 2 17 18 18 20 24 18 25 12 26 5 27 4 28 1 29 18 30 6 31 4 33 17 34 2 35 17 36 1 38 11 39 5 40 13 41 14 42 11 44 4 45 4 46 2 48 15 49 17 50 12 51 7 52 11 53 20 54 11 55 10 56 12 57 11 58 15 59 4 60 9 61 11 62 8 63 10 64 9 65 2 66 19 67 8 68 9 69 13 71 1 72 15 73 14 74 17 75 19 76 17 77 20 78 11 80 14 81 4 82 2 83 16 84 15 85 11 86 19 87 12 88 12 90 5 91 8 92 16 93 15 94 8 95 14 96 4 97 2 98 19 32 3 37 17 43 3 47 14 70 10 79 12 89 12
24 0 14 1 2 3 6 4 5 5 4 6 5 7 15 8 4 10 9 11 6 12 2 13 5 14 2 15 11 16 4 17 9 18 6 19 4 20 19 21 16 22 9 23 18 2 8 9 8 25 17 26 15 27 20 28 9 29 19 30 6 31 15 32 7 33 9 34 13 35 4 36 16 37 4 38 9 39 13 40 5 41 1 42 17 43 19 44 14 45 19 46 16 47 10 48 17 49 19 50 19 51 12 52 18 53 9 54 3 55 6 56 19 57 20 58 16 60 7 61 16 62 16 63 3 65 4 66 9 67 12 68 1 69 4 70 6 71 17 72 14 73 15 74 19 75 8 76 2 77 19 78 20 79 19 81 13 82 13 83 13 84 7 85 4 86 16 87 12 88 5 89 12 90 2 93 12 94 1 95 2 96 10 97 9 98 5 59 5 64 14 80 9 91 20 92 14
25 0 4 2 6 3 6 4 10 5 3 6 9 7 8 8 14 9 3 10 19 11 18 12 5 13 8 14 6 15 15 16 8 17 12 18 15 19 6 20 5 22 11 23 12 24 17 1 5 21 7 26 9 27 1 28 17 29 20 30 8 31 6 32 12 33 2 34 14 36 3 37 3 38 8 39 5 40 10 42 19 43 5 44 19 45 8 46 16 47 7 48 6 49 13 50 16 51 5 52 3 53 16 54 4 55 6 56 2 58 5 59 3 60 1 62 8 63 12 64 8 65 10 66 6 67 14 68 17 69 9 73 3 74 4 75 16 76 14 77 4 78 1 79 8 80 4 82 1 83 7 84 12 85 13 86 1 87 7 89 17 90 12 91 1 92 12 93 20 94 12 95 19 96 8 97 8 98 1 35 14 41 1 57 1 61 2 70 5 71 4 72 3 81 1
26 0 17 1 11 2 14 3 19 5 1 6 3 7 1 8 19 9 5 11 20 12 8 13 12 14 10 15 2 16 13 17 17 18 12 19 15 20 8 21 2 22 4 23 5 24 15 25 9 4 1 10 20 27 20 28 7 29 4 30 11 31 13 32 5 33 6 34 4 35 18 36 6 37 7 38 12 39 15 40 9 41 5 42 9 43 19 44 6 45 1 46 13 47 16 48 17 49 5 50 5 51 3 52 10 53 8 54 3 55 6 56 4 57 3 58 17 59 5 60 2 61 13 62 15 63 1 64 19 65 4 66 19 67 6 68 15 69 16 70 3 71 8 72 1 73 15 74 8 76 11 77 3 78 17 79 19 80 7 81 5 82 3 83 18 84 7 85 16 86 17 87 9 88 3 91 10 92 1 93 17 94 5 95 16 96 13 97 15 98 7 75 20 89 13
27 0 10 1 2 2 9 3 2 4 15 5 9 7 5 9 10 10 7 11 18 12 12 13 14 14 7 15 9 16 9 17 16 18 9 19 11 20 8 21 3 22 8 23 4 24 20 25 1 26 20 6 1 8 5 28 11 29 7 30 3 31 13 33 20 34 2 35 20 37 9 38 15 39 3 40 8 41 11 42 20 43 8 44 18 45 5 47 7 48 5 49 14 50 3 52 11 53 17 54 6 55 11 56 5 57 20 58 16 59 20 60 19 62 16 63 1 64 2 65 18 66 13 67 15 68 2 70 18 71 14 72 6 73 18 74 20 75 16 76 10 77 4 78 5 79 19 80 11 81 15 84 15 85 12 86 7 88 20 89 20 90 13 91 12 92 9 93 16 95 7 96 1 97 4 98 1 36 13 46 5 51 4 61 17 69 2 82 20 83 14 87 8 94 13
28 0 9 1 2 2 13 3 15 4 4 5 4 6 7 7 6 8 17 9 7 10 6 11 17 12 7 13 4 14 5 15 16 16 5 17 7 18 1 19 9 20 16 22 6 23 1 24 9 25 17 26 7 27 11 21 16 29 19 30 8 31 18 32 14 33 2 34 19 36 6 37 7 38 12 39 20 40 13 41 1 42 7 43 16 44 5 45 4 46 1 47 10 48 16 50 9 51 1 52 18 53 12 54 16 55 3 56 17 57 19 58 4 59 18 60 14 61 14 62 8 63 17 64 16 65 12 66 7 67 3 68 3 69 8 70 18 71 8 72 10 73 1 74 18 75 5 77 8 78 13 79 9 80 12 81 19 83 18 84 12 85 20 86 6 87 12 88 10 89 4 90 17 91 6 92 5 93 16 94 14 95 20 96 12 97 17 98 17 76 17 82 20
29 0 19 1 14 2 19 3 2 4 12 5 1 6 13 7 12 8 6 9 13 10 19 11 11 12 9 13 2 14 3 15 10 16 15 17 19 18 5 19 8 20 2 22 4 23 18 24 19 25 20 26 4 27 7 28 19 30 11 32 19 33 6 34 12 36 15 37 16 38 17 39 4 40 19 41 18 42 8 43 12 44 5 45 7 46 12 47 12 48 6 49 5 51 11 52 15 53 1 54 4 55 8 56 2 57 11 58 20 59 10 60 7 61 4 62 4 63 14 64 1 65 11 66 14 67 11 68 4 69 13 70 16 71 12 72 15 73 5 74 14 76 2 77 12 78 17 79 6 80 16 81 10 82 4 83 2 84 17 85 11 86 4 87 7 88 7 89 2 90 16 91 16 92 5 93 17 94 9 95 4 96 1 97 7 98 4 31 13 35 11 50 15 75 1
30 0 13 1 17 2 19 3 12 4 3 5 1 6 3 7 11 8 8 9 8 10 8 11 17 12 8 13 6 15 18 16 5 17 18 18 9 19 1 20 13 21 9 22 20 23 6 24 6 25 8 26 11 27 3 28 8 29 11 14 6 31 8 32 13 33 6 34 15 36 12 37 13 38 9 39 16 40 6 41 10 42 3 44 16 46 11 47 5 48 7 50 8 52 18 53 13 55 13 56 3 57 12 58 15 59 1 60 11 61 12 62 19 63 8 64 14 65 18 66 9 67 7 68 9 69 7 70 18 71 17 72 14 73 16 74 4 75 10 77 10 78 13 79 18 80 10 82 1 83 4 86 19 87 11 88 3 89 7 90 6 91 3 92 7 93 18 94 17 95 18 96 2 97 2 98 14 35 6 43 4 45 15 49 11 51 10 54 1 76 20 84 2 85 11
31 0 14 1 17 2 9 3 19 4 7 5 17 6 9 7 11 8 11 10 16 11 6 12 13 13 19 14 12 15 3 16 14 17 15 18 20 19 13 20 6 22 6 23 4 24 15 25 6 26 13 27 13 28 18 30 8 9 15 21 5 29 13 32 17 33 9 34 9 36 13 37 20 38 5 39 6 40 5 41 12 43 14 44 6 45 19 46 10 47 7 48 1 49 10 50 17 51 14 52 4 53 15 54 11 55 5 56 14 57 14 58 20 59 4 60 19 61 8 62 12 63 5 64 19 65 19 66 3 67 11 68 10 69 5 70 20 71 15 72 13 73 16 74 4 75 3 76 2 77 15 78 16 79 13 80 16 81 15 83 18 84 5 86 2 87 11 88 15 89 20 90 16 92 20 93 10 94 1 95 12 96 17 97 15 98 18 35 2 82 7 85 2 91 20
32 1 3 2 14 3 14 4 20 5 1 6 18 7 12 8 1 9 20 10 2 11 14 12 3 13 14 14 7 15 17 16 11 17 19 18 14 19 3 20 17 21 6 22 4 24 7 25 12 26 5 28 14 29 19 30 13 31 17 0 9 23 3 33 11 34 9 35 1 36 14 37 12 38 10 39 14 40 11 41 12 42 9 44 6 45 4 46 6 47 15 48 19 49 7 50 18 51 1 52 18 53 7 54 17 55 17 56 18 57 15 58 19 60 12 61 3 62 13 63 15 64 5 65 20 66 19 67 8 68 13 69 19 70 7 72 15 73 7 75 12 76 16 77 16 78 6 79 1 80 17 81 1 82 11 83 10 84 9 85 2 86 15 87 1 88 1 89 10 90 19 91 1 92 20 94 17 95 6 97 13 98 9 43 9 59 1 71 7 74 19 93 6 96 5
33 1 6 2 8 3 7 5 14 6 1 7 18 8 19 9 12 10 16 11 10 12 16 13 2 14 4 15 13 16 18 17 20 18 14 19 5 20 12 22 6 23 17 24 9 25 2 26 6 27 20 28 2 29 6 30 6 31 9 32 11 0 1 4 12 21 4 34 15 35 12 36 5 37 11 38 5 39 18 40 18 42 15 43 12 44 10 45 8 46 1 47 16 48 4 49 13 50 15 52 2 54 1 55 14 57 1 58 2 59 17 60 15 61 10 62 14 63 18 64 7 67 20 68 14 69 7 70 16 71 20 72 10 73 7 74 10 75 11 76 8 77 8 78 18 79 10 80 4 81 4 82 2 83 20 84 20 86 2 87 8 88 1 89 17 90 1 91 14 92 17 93 18 94 11 95 11 96 19 97 17 98 5 41 4 51 5 53 8 56 7 65 14 66 11 85 10
34 0 13 1 8 3 15 4 10 5 12 6 18 7 2 8 1 9 4 10 9 11 7 12 10 13 13 14 11 15 17 16 20 17 6 18 20 19 4 20 1 21 14 22 2 23 2 24 13 25 14 26 4 27 2 28 19 29 12 30 15 31 9 32 9 33 15 2 15 35 6 36 6 37 10 38 10 40 10 41 12 42 20 43 12 44 11 45 11 46 1 47 16 48 4 49 17 50 19 51 11 52 2 53 8 55 20 56 20 57 12 58 14 59 16 60 6 61 15 62 4 63 6 64 6 66 4 67 12 68 15 69 20 70 16 71 13 72 5 73 8 74 12 75 17 76 2 77 13 78 2 79 20 80 18 82 6 84 14 85 6 86 4 87 2 88 9 90 8 91 5 92 14 93 10 94 2 95 12 96 18 97 2 98 14 39 18 54 14 65 16 81 2 83 19 89 12
35 0 7 2 19 3 20 4 20 5 20 6 18 8 16 9 11 10 15 11 14 12 7 13 20 14 10 15 7 16 5 18 11 19 12 20 13 22 8 23 17 24 4 26 18 27 20 32 1 33 12 34 6 1 15 7 9 17 19 21 19 25 14 29 11 30 6 31 2 36 18 38 5 39 20 40 8 41 7 42 19 43 2 44 8 46 3 47 2 48 16 49 7 50 11 51 16 52 13 53 5 54 1 55 9 56 8 57 8 58 20 59 8 60 20 61 10 62 15 63 17 64 6 65 2 66 20 67 8 68 20 69 17 70 19 71 7 72 18 74 4 75 18 76 7 77 11 78 13 79 12 80 13 81 12 82 10 83 18 85 6 86 8 87 4 88 8 89 9 90 3 91 16 92 19 93 5 94 13 95 3 96 15 97 9 98 16 37 7 45 17 73 1 84 12
36 0 4 1 17 2 17 3 12 4 7 5 1 6 8 7 15 8 18 9 4 10 13 11 9 12 9 13 11 14 1 15 4 16 11 17 7 18 2 19 3 20 20 21 15 22 15 23 1 24 16 25 3 26 6 28 6 29 15 30 12 31 13 32 14 33 5 34 6 35 18 27 13 37 3 38 12 39 7 40 17 41 10 43 14 44 5 45 17 46 10 47 5 48 8 49 14 50 10 51 19 52 15 53 10 55 18 58 11 59 10 60 13 61 19 62 3 63 17 64 7 65 14 66 9 67 19 68 10 69 6 70 6 71 5 73 3 74 11 75 20 76 17 77 18 78 8 79 2 80 1 81 17 83 13 84 7 85 20 86 7 87 18 89 6 90 3 91 12 92 13 93 8 94 6 95 3 96 12 97 9 98 8 42 14 54 11 56 16 57 3 82 7 88 18
37 0 10 1 5 2 5 3 10 4 5 5 6 6 14 7 5 8 5 9 5 10 20 12 14 13 15 14 8 15 4 16 8 18 20 19 14 20 4 21 14 22 14 24 4 25 3 26 7 27 9 28 7 29 16 30 13 31 20 32 12 33 11 34 10 36 3 11 1 17 6 23 17 35 7 38 18 39 19 40 10 41 2 42 1 43 15 44 12 45 14 46 12 47 4 48 5 49 8 51 13 52 14 53 10 54 6 55 7 56 7 57 4 58 19 59 6 60 18 61 15 62 15 63 8 64 10 65 14 66 13 68 11 69 18 71 13 72 17 73 9 74 14 75 2 76 14 77 15 79 17 80 17 81 10 82 20 84 5 85 17 86 6 87 6 88 12 89 15 90 2 91 13 92 15 93 10 94 11 95 17 96 15 97 17 98 3 50 3 67 20 70 13 83 8
38 0 8 1 6 2 13 3 14 4 14 5 14 6 13 7 6 8 19 9 12 10 13 11 5 12 18 13 9 14 7 15 5 16 14 17 12 18 13 19 8 20 12 21 15 22 1 23 11 24 9 25 8 26 12 27 15 28 12 29 17 30 9 31 5 32 10 33 5 34 10 35 5 36 12 37 18 39 12 40 10 41 5 44 8 45 17 46 4 48 2 49 20 50 5 51 2 52 12 54 16 55 19 56 6 57 7 58 19 59 15 60 1 61 1 62 18 63 5 64 14 65 8 66 18 68 9 69 16 70 5 71 17 72 17 73 18 74 18 75 20 76 6 78 2 80 13 81 11 82 8 83 4 85 8 86 17 87 13 88 9 90 18 91 8 92 18 93 15 94 2 96 14 98 20 43 15 53 15 67 13 79 12 84 16 89 17 95 10 97 16
39 0 12 1 13 3 15 4 5 5 16 6 8 7 13 8 18 9 12 10 13 12 16 13 20 15 19 16 14 17 2 18 7 19 2 20 4 21 17 22 19 23 5 24 13 25 5 26 15 27 3 28 20 29 4 30 16 31 6 32 14 33 18 35 20 36 7 37 19 38 12 2 14 11 14 14 10 34 18 40 19 41 6 42 8 43 9 45 9 46 10 47 19 48 15 49 3 50 11 51 3 52 7 53 12 54 10 55 17 56 16 57 12 58 14 59 13 61 7 62 8 63 11 64 1 65 18 66 12 67 6 68 15 69 12 70 12 71 16 72 16 73 1 75 10 76 8 77 8 78 9 79 8 80 6 81 18 82 10 83 19 84 4 85 10 86 13 87 4 89 11 90 12 91 10 93 13 94 10 95 13 96 4 97 15 98 19 44 18 60 18 74 12 88 3 92 16
40 0 5 1 10 2 10 3 3 4 12 5 6 6 9 7 18 8 20 9 5 10 18 11 11 12 1 13 16 14 11 15 12 16 9 17 5 18 11 19 12 20 19 22 13 23 13 24 5 25 10 26 9 27 8 28 13 29 19 30 6 31 5 32 11 33 18 34 10 35 8 36 17 37 10 38 10 39 19 21 6 42 7 43 13 44 5 45 18 46 12 47 2 49 1 50 5 52 8 53 11 54 15 55 4 56 12 57 1 58 4 59 13 60 14 61 18 62 1 63 5 64 20 65 17 66 20 67 3 68 12 69 20 70 10 71 1 72 16 73 8 74 2 75 19 76 7 77 12 78 15 80 7 82 1 83 4 84 8 86 5 87 14 88 17 89 18 90 2 91 11 92 16 93 4 94 11 95 17 96 18 98 13 41 16 48 1 51 13 79 1 81 7 85 5 97 18
41 0 13 1 11 2 11 3 17 4 16 6 18 7 11 8 8 9 3 10 12 11 16 12 4 13 9 14 18 15 10 16 12 17 17 18 19 19 9 20 11 21 12 22 4 23 14 24 1 26 5 27 11 28 1 29 18 30 10 31 12 32 12 34 12 35 7 36 10 37 2 38 5 39 6 5 15 25 1 33 4 40 16 42 7 43 3 45 1 46 14 47 12 48 19 49 6 50 16 51 6 53 17 54 9 55 8 56 6 57 1 58 7 59 18 60 17 61 9 64 17 65 7 66 12 67 5 68 17 69 7 70 10 71 6 72 1 73 20 74 14 75 17 76 7 77 14 78 13 79 10 80 8 81 19 82 12 84 7 85 13 86 9 87 2 88 10 89 15 90 3 91 14 92 18 93 20 94 2 95 20 97 14 98 17 44 7 52 18 62 17 63 5 83 12 96 18
42 0 19 1 15 2 8 3 1 4 20 5 20 6 15 7 6 8 10 9 15 10 11 11 19 12 16 13 6 14 7 15 8 19 9 20 12 21 14 22 13 23 11 24 17 25 19 26 9 27 20 28 7 29 8 30 3 32 9 33 15 34 20 35 19 37 1 39 8 40 7 41 7 16 20 17 13 36 14 43 20 44 7 45 12 46 18 47 3 48 10 49 6 50 7 52 11 53 13 54 17 55 6 56 16 57 12 58 17 59 9 60 9 61 10 62 4 63 20 64 18 65 20 66 3 68 5 69 2 70 13 71 17 72 20 73 11 74 10 75 6 76 1 77 18 78 20 79 18 82 9 83 9 84 15 85 8 86 9 88 20 89 14 90 18 91 12 92 17 93 13 94 9 95 19 96 16 97 9 98 5 51 20 67 4 80 18 81 18 87 8
43 0 9 1 15 2 9 3 9 4 17 5 7 6 10 7 3 8 18 9 11 10 1 11 12 12 3 13 18 14 4 15 17 16 14 17 12 18 5 19 12 20 4 21 19 22 10 24 19 25 5 26 19 27 8 28 16 29 12 31 14 33 12 34 12 35 2 36 14 37 15 39 9 40 13 41 3 42 20 23 3 30 4 32 9 38 15 44 11 45 17 46 20 47 16 48 10 49 14 50 12 51 6 52 6 53 1 54 1 55 8 56 3 57 19 58 16 59 9 60 1 61 19 62 10 63 17 64 18 65 3 66 5 67 18 68 17 69 9 70 10 71 14 72 11 73 7 74 11 75 15 76 6 77 12 78 12 79 9 80 11 81 10 82 11 84 3 85 11 86 11 87 5 88 12 89 15 90 2 91 11 92 16 93 7 95 20 96 7 97 15 98 19 83 9
44 0 9 1 16 2 9 3 1 4 19 7 16 9 14 10 18 11 16 12 7 13 17 14 16 15 12 16 18 17 16 18 10 19 18 20 1 21 15 22 20 23 4 24 14 25 19 26 6 27 18 28 5 29 5 30 16 31 6 32 6 33 10 34 11 35 8 36 5 37 12 38 8 40 5 42 7 43 11 5 3 6 18 8 1 39 18 41 7 45 7 46 11 47 10 48 3 49 2 50 3 51 12 52 9 53 11 54 4 55 2 56 1 57 7 59 20 60 8 61 19 63 17 64 9 66 7 67 8 68 3 69 18 70 15 71 14 72 13 73 8 74 11 75 19 76 19 77 19 78 15 79 4 80 5 81 2 82 9 83 2 84 9 85 4 86 14 87 11 88 1 89 8 90 15 91 18 92 5 93 16 94 7 95 3 96 6 97 13 98 8 58 20 62 15 65 2
45 0 18 1 18 2 15 3 17 4 20 5 12 6 8 7 18 8 3 9 3 10 5 11 13 12 1 13 6 15 13 16 13 17 1 19 9 20 3 23 4 24 19 25 8 26 1 27 5 28 4 29 7 31 19 32 4 33 8 34 11 36 17 37 14 38 17 39 9 40 18 41 1 42 12 43 17 44 7 14 11 18 20 21 5 22 16 30 15 35 17 46 10 47 1 48 20 49 8 50 17 51 16 52 9 53 17 54 1 55 16 56 12 57 10 59 18 60 17 61 2 62 19 63 11 64 9 65 15 66 15 68 1 69 16 70 18 71 5 72 18 74 3 75 18 76 7 77 1 78 17 79 10 80 4 81 10 83 8 84 6 85 9 86 3 87 12 88 8 89 19 90 6 91 16 92 1 93 1 94 5 95 14 97 9 98 1 58 2 67 15 73 19 82 13 96 7
46 0 5 1 16 2 5 4 9 5 13 6 16 7 20 8 2 9 15 10 17 11 7 12 2 13 6 14 19 15 9 17 8 18 10 19 1 20 13 21 9 22 14 23 2 24 16 25 16 26 13 28 1 29 12 30 11 31 10 32 6 33 1 34 1 35 3 36 10 37 12 38 4 39 10 40 12 41 14 42 18 43 20 44 11 45 10 16 20 27 5 47 18 48 18 49 17 50 5 51 15 52 9 53 4 54 20 55 14 56 5 57 12 58 17 59 18 60 9 61 6 62 9 63 16 64 6 65 15 66 5 67 9 68 19 69 8 70 9 71 14 73 12 74 20 75 20 78 2 79 20 80 11 81 2 82 20 83 4 84 15 85 17 86 8 87 4 88 12 89 8 90 14 91 16 92 17 93 13 94 3 95 15 97 14 98 13 77 11 96 2
47 0 10 1 7 3 17 4 18 6 5 7 8 8 6 9 10 10 18 11 1 12 18 13 17 14 8 16 14 17 6 18 12 19 10 20 16 21 4 22 13 24 10 25 7 26 16 27 7 28 10 29 12 30 5 31 7 32 15 33 16 34 16 35 2 36 5 37 4 39 19 40 2 41 12 42 3 43 16 44 10 45 1 46 18 5 16 23 14 48 5 49 17 50 13 51 10 53 16 54 9 55 1 56 2 57 12 58 6 59 6 60 19 61 13 62 15 63 6 64 14 65 1 68 5 69 12 70 13 71 17 72 20 73 13 74 11 75 20 76 16 77 9 78 17 81 10 82 12 83 15 84 2 85 8 86 2 87 16 88 4 89 15 90 4 91 12 92 4 93 13 95 12 96 17 97 14 98 15 52 2 66 19 67 16 79 11 80 20 94 6
48 1 11 2 19 3 1 4 6 6 16 7 7 8 3 9 18 10 18 11 6 12 6 13 8 14 6 16 4 17 17 18 15 19 19 20 4 21 5 22 14 23 15 24 17 25 6 26 17 27 5 28 16 29 6 30 7 31 1 32 19 33 4 34 4 35 16 36 8 37 5 38 2 39 15 41 19 42 10 43 10 44 3 45 20 46 18 47 5 0 14 5 1 15 10 40 1 49 3 50 6 51 10 52 3 53 4 54 2 55 15 56 15 57 6 59 3 60 3 61 11 62 6 63 1 64 19 65 8 66 3 67 7 68 5 70 4 71 19 72 7 73 1 74 5 75 7 76 2 77 15 79 2 80 13 81 16 82 20 83 12 85 15 86 16 87 1 88 17 89 4 90 5 91 14 92 17 93 2 94 1 95 15 96 18 97 10 98 17 58 10 69 19 78 8 84 20
49 0 5 1 12 2 20 3 2 4 15 5 17 6 18 7 18 9 20 11 1 12 3 13 1 14 8 15 16 16 17 17 5 18 1 19 14 20 9 21 11 22 2 23 17 24 19 25 13 26 5 27 14 29 5 31 10 32 7 33 13 34 17 35 7 36 14 37 8 38 20 39 3 40 1 41 6 42 6 43 14 44 2 45 8 46 17 47 17 48 3 8 2 10 18 30 11 50 10 51 12 52 3 53 1 54 11 55 2 56 7 57 9 58 4 60 20 61 18 62 19 63 6 64 20 65 13 66 11 67 19 68 5 69 3 70 9 71 9 72 14 73 1 74 20 75 9 76 8 77 1 78 1 79 20 80 10 81 20 82 11 83 1 84 15 85 1 86 9 87 14 88 18 89 20 90 17 91 2 92 12 93 4 94 11 96 8 97 6 98 10 59 15 95 8
50 0 16 1 5 2 18 3 13 4 10 5 15 6 18 7 10 8 20 9 2 10 12 11 17 12 13 13 7 14 2 15 6 17 12 18 12 19 17 20 17 21 9 22 17 23 12 24 19 25 16 26 5 27 3 28 9 30 8 31 17 32 18 33 15 34 19 35 11 36 10 38 5 39 11 40 5 41 16 42 7 43 12 44 3 45 17 46 5 47 13 48 6 49 10 16 11 29 15 37 3 51 17 53 19 54 12 55 4 56 13 57 10 58 10 59 20 60 19 62 2 63 17 64 5 65 8 66 18 67 6 68 4 69 7 70 10 71 3 72 6 73 6 74 16 75 11 77 1 78 18 79 3 80 16 82 7 83 6 84 11 85 14 86 10 87 14 88 13 89 8 90 10 91 16 92 8 93 9 94 12 95 11 96 13 97 6 98 4 52 16 61 2 76 5
51 0 14 2 7 3 8 4 2 5 16 6 11 7 1 8 4 9 13 10 11 11 19 12 1 13 6 14 8 15 8 17 4 18 11 19 15 20 15 21 17 22 4 23 7 24 12 25 5 26 3 28 1 29 11 31 14 32 1 34 11 35 16 36 19 37 13 38 2 39 3 41 6 43 6 44 12 45 16 46 15 47 10 48 10 49 12 50 17 1 8 16 9 27 4 30 10 33 5 40 13 42 20 52 10 54 3 55 15 56 8 57 8 58 1 60 12 61 10 62 2 63 17 64 18 65 12 66 18 68 2 69 18 70 3 71 18 72 12 73 20 74 19 75 16 77 19 79 13 80 16 81 11 82 19 83 12 84 8 85 6 87 11 88 16 89 7 90 8 91 15 92 10 93 8 94 18 95 18 96 8 97 1 98 1 53 12 59 1 67 10 76 15 78 7 86 11
52 0 17 1 19 2 15 3 2 4 6 6 11 7 5 8 2 9 7 10 12 11 16 12 1 13 7 14 14 15 15 16 15 17 14 18 8 19 19 20 14 21 16 22 17 23 11 24 18 25 3 26 10 27 11 28 18 29 15 30 18 31 4 32 18 33 2 34 2 35 13 36 15 37 14 38 12 39 7 40 8 42 11 43 6 44 9 45 9 46 9 48 3 49 3 51 10 5 20 41 18 47 2 50 16 53 14 54 8 55 2 56 2 57 10 59 15 60 4 62 17 63 15 64 15 65 7 66 1 67 19 69 18 70 1 71 8 72 17 73 13 74 14 75 1 76 2 77 15 78 10 79 14 81 18 82 13 83 6 84 8 85 14 87 2 88 1 89 18 90 3 91 13 92 17 93 18 94 4 95 3 96 13 97 13 58 8 61 2 68 4 80 5 86 18 98 18
53 0 17 1 19 2 16 3 4 4 9 5 6 6 6 7 20 8 15 9 15 10 16 11 13 12 18 13 19 14 15 15 7 16 4 17 6 18 4 19 9 20 9 21 1 22 18 23 20 24 9 25 16 26 8 27 17 28 12 29 1 30 13 31 15 32 7 34 8 35 5 36 10 37 10 39 12 40 11 41 17 42 13 43 1 44 11 45 17 46 4 47 16 48 4 49 1 50 19 52 14 33 8 38 15 51 12 54 20 56 16 57 16 58 7 59 1 60 14 61 2 62 5 64 9 65 5 66 9 67 9 69 6 71 10 72 10 73 6 74 2 76 20 77 13 78 10 79 17 80 9 81 15 84 19 85 8 86 20 87 14 88 6 89 2 90 13 91 7 92 11 93 5 94 10 96 8 97 1 98 12 55 17 63 5 70 10 75 13 82 13 83 6 95 4
54 0 20 1 5 2 7 3 17 4 7 5 3 6 1 7 11 8 5 9 11 10 14 11 2 12 10 14 16 15 9 16 15 17 20 18 9 19 8 20 15 21 12 22 10 23 11 24 3 25 4 26 3 27 6 28 16 29 4 31 11 32 17 33 1 35 1 37 6 38 16 39 10 40 15 41 9 42 17 43 1 44 4 45 1 46 20 47 9 48 2 49 11 50 12 51 3 52 8 53 20 13 19 30 1 34 14 36 11 55 13 56 19 57 1 58 16 60 15 61 2 63 11 64 11 65 2 66 20 67 1 68 16 69 2 70 1 72 2 73 10 74 15 75 19 76 5 77 20 78 16 79 18 80 8 81 15 82 8 83 12 84 1 85 12 86 6 87 19 88 16 89 20 90 15 91 14 92 13 93 19 94 20 95 1 96 2 97 18 98 10 59 2 62 8 71 9
55 0 20 1 13 2 7 4 10 5 9 6 11 8 6 9 2 11 11 12 17 13 20 14 5 15 11 16 6 17 9 19 15 20 10 22 12 23 10 24 6 25 6 26 6 27 11 28 3 29 8 30 13 31 5 32 17 33 14 34 20 35 9 36 18 37 7 38 19 39 17 40 4 41 8 42 6 43 8 44 2 45 16 46 14 47 1 48 15 49 2 50 4 51 15 52 2 54 13 3 20 7 20 10 17 18 15 21 14 53 17 56 12 57 14 58 14 59 11 60 8 61 5 62 12 63 11 64 12 65 13 66 11 67 20 68 13 69 8 70 8 71 13 72 6 74 9 75 13 76 16 77 14 78 5 79 3 80 10 81 1 82 20 83 1 84 16 85 16 86 9 87 2 88 5 89 20 90 20 91 14 93 7 94 9 95 18 96 1 97 3 98 14 73 3 92 7
56 0 9 2 13 3 17 4 14 5 18 6 1 7 6 8 4 9 19 10 16 11 16 12 17 13 1 14 13 15 6 16 1 17 17 18 10 19 13 20 5 21 11 22 9 23 12 24 19 25 2 26 4 27 5 28 17 29 2 30 3 31 14 32 18 34 20 35 8 37 7 38 6 39 16 40 12 41 6 42 16 43 3 44 1 45 12 46 5 47 2 48 15 49 7 50 13 51 8 52 2 53 16 54 19 55 12 1 9 33 7 36 16 57 19 58 16 59 10 60 14 61 15 62 13 63 13 64 2 65 12 66 6 67 19 68 12 69 15 70 3 71 8 72 2 73 1 74 15 75 10 76 4 77 12 78 18 79 4 80 8 81 16 82 12 83 17 84 13 85 3 86 12 87 12 88 4 89 15 90 4 91 7 92 5 93 10 94 13 95 11 96 19 97 20 98 11
57 0 18 1 20 2 9 3 16 4 13 6 9 7 10 8 13 9 6 10 6 11 15 12 4 13 4 14 3 15 14 16 11 17 17 18 6 19 8 20 12 21 15 22 1 23 11 24 20 26 3 27 20 28 19 29 11 30 12 31 14 32 15 33 1 34 12 35 8 37 4 38 7 39 12 40 1 41 1 42 12 43 19 44 7 45 10 46 12 47 12 48 6 49 9 50 10 51 8 52 10 53 16 54 1 55 14 56 19 5 7 25 1 36 3 58 8 59 6 60 14 62 18 63 15 64 12 66 16 67 11 68 17 69 15 71 9 72 9 73 3 74 9 75 9 76 7 77 17 78 2 80 3 81 10 82 6 83 14 85 1 86 15 87 13 88 8 89 17 90 16 91 9 92 3 93 11 94 12 95 17 96 18 97 14 98 7 65 10 70 1 84 18
58 0 20 1 15 3 12 4 5 5 4 6 14 7 8 8 19 9 4 10 7 11 18 12 1 14 10 15 20 16 20 17 9 18 1 19 20 21 11 22 10 23 15 24 16 25 5 26 17 27 16 28 4 29 20 30 15 31 20 32 19 33 2 34 14 35 20 36 11 37 19 38 19 39 14 40 4 41 7 42 17 43 16 46 17 47 6 49 4 50 10 51 1 53 7 54 16 55 14 56 16 57 8 2 7 13 5 20 19 44 20 45 2 48 10 52 8 59 11 60 9 61 14 62 6 63 9 64 6 65 3 66 5 67 20 68 10 70 2 71 9 72 13 73 2 74 18 75 15 76 8 77 20 78 8 79 13 80 9 82 15 83 11 85 13 86 20 88 10 89 19 90 12 91 9 93 17 95 1 96 16 97 1 98 4 69 10 81 11 84 4 87 20 94 6
59 0 4 1 20 2 14 3 7 4 5 5 14 6 13 7 15 9 12 10 11 11 10 12 1 14 8 15 14 16 17 17 4 19 19 20 3 21 18 22 5 23 4 25 3 26 5 27 20 28 18 29 10 30 1 31 4 33 17 34 16 35 8 36 10 37 6 38 15 39 13 40 13 41 18 42 9 43 9 44 20 45 18 46 18 47 6 48 3 50 20 52 15 53 1 55 11 56 10 57 6 58 11 8 7 13 10 18 4 24 5 32 1 49 15 51 1 54 2 60 8 61 17 62 6 63 16 65 11 66 14 67 3 68 19 69 6 71 19 72 11 73 15 74 5 75 15 77 19 79 13 80 5 81 10 82 7 83 3 84 17 85 15 86 11 88 8 89 10 90 6 91 20 92 12 93 12 94 4 95 3 96 6 97 7 98 14 64 17 70 14 76 9 78 18
60 0 6 1 15 2 14 3 4 4 13 5 10 6 8 7 3 8 10 9 3 10 8 11 17 12 16 13 9 14 2 15 7 17 1 18 5 20 4 21 12 22 13 23 9 24 7 25 1 26 2 27 19 28 14 29 7 30 11 31 19 32 12 33 15 34 6 35 20 36 13 37 18 38 1 40 14 41 17 42 9 43 1 44 8 45 17 46 9 47 19 48 3 49 20 50 19 51 12 52 4 53 14 54 15 55 8 56 14 57 14 58 9 59 8 16 10 19 11 39 18 61 16 62 1 63 2 64 5 65 6 66 9 68 15 69 9 70 16 72 15 73 3 74 7 75 20 76 20 77 16 78 17 80 4 81 3 82 15 83 11 84 4 85 11 86 1 87 15 88 8 89 2 90 12 91 19 93 19 94 1 96 6 97 13 98 15 67 4 79 20 92 4 95 8
61 0 4 1 13 2 16 3 15 4 9 5 11 6 1 7 9 8 12 9 14 10 20 11 11 12 4 13 19 14 2 15 9 16 11 17 5 18 16 19 10 20 14 21 10 22 11 23 11 24 16 26 13 28 14 29 4 30 12 31 8 32 3 33 10 34 15 35 10 36 19 37 15 38 1 39 7 40 18 41 9 42 10 43 19 44 19 45 2 46 6 47 13 48 11 49 18 51 10 53 2 54 2 55 5 56 15 58 14 59 17 60 16 25 2 27 17 50 2 52 2 62 18 63 16 64 13 65 18 66 1 67 15 68 17 69 6 70 11 71 3 72 9 73 14 74 8 75 19 76 7 77 3 79 10 80 17 81 14 82 3 83 3 84 17 85 7 86 6 87 7 88 15 89 4 90 1 91 2 93 7 94 12 95 19 96 5 97 15 98 4 78 16 92 10
62 0 17 2 14 3 6 4 2 6 5 7 9 8 16 9 20 10 11 11 12 12 7 13 2 14 14 15 8 16 2 18 3 19 7 20 19 21 12 22 11 23 8 24 16 25 8 26 15 27 16 28 8 29 4 30 19 31 12 32 13 33 14 34 4 35 15 36 3 37 15 38 18 39 8 40 1 42 4 43 10 45 19 46 9 47 15 48 6 49 19 50 2 51 2 52 17 53 5 55 12 56 13 57 18 58 6 59 6 60 1 61 18 1 19 5 10 17 9 41 17 44 15 54 8 63 15 64 11 66 5 67 2 68 9 69 2 72 12 73 7 74 4 76 11 77 13 78 1 79 4 80 18 81 9 82 16 83 7 84 19 85 9 87 19 88 15 89 1 90 5 91 20 92 16 94 11 95 5 96 1 97 11 98 20 65 1 71 2 75 18 86 20 93 9
63 0 1 1 5 2 14 3 15 4 18 5 19 6 11 7 18 8 4 9 15 10 8 12 19 13 7 14 17 15 15 16 14 17 18 18 4 19 6 20 4 21 12 22 19 23 10 24 3 25 12 26 1 27 1 28 17 29 14 30 8 31 5 32 15 33 18 34 6 35 17 36 17 37 8 38 5 39 11 40 5 42 20 43 17 44 17 45 11 46 16 47 6 48 1 49 6 50 17 51 17 52 15 54 11 55 11 56 13 57 15 58 9 59 16 60 2 61 16 62 15 41 5 53 5 64 16 65 9 66 19 67 1 68 19 69 14 70 16 71 7 73 4 74 19 76 14 77 2 78 20 79 11 80 5 81 15 82 12 83 19 84 2 85 1 86 16 87 17 88 10 89 7 90 12 91 5 92 20 93 9 94 2 95 19 96 12 97 10 98 4 72 8 75 7
64 0 7 1 12 2 4 4 18 5 20 6 3 7 8 8 12 9 19 10 18 11 4 12 3 13 8 14 13 15 15 16 9 17 12 18 11 21 14 22 16 23 9 25 8 26 19 27 2 28 16 29 1 30 14 31 19 32 5 33 7 34 6 35 6 36 7 37 10 38 14 39 1 40 20 41 17 42 18 43 18 44 9 45 9 46 6 47 14 48 19 49 20 50 5 51 18 52 15 53 9 54 11 55 12 56 2 57 12 58 6 60 5 61 13 62 11 63 16 3 14 19 13 20 17 24 14 59 17 65 20 66 19 67 11 68 9 69 14 70 6 71 19 72 10 73 11 74 15 75 16 76 18 77 1 78 3 79 4 80 4 81 18 82 7 83 4 84 16 85 13 86 5 87 17 88 9 89 4 90 7 91 4 92 12 93 20 94 4 95 15 96 18 97 7 98 15
65 0 6 2 1 3 11 4 14 5 13 6 7 7 8 8 17 9 19 10 2 11 1 12 18 14 2 15 13 16 16 17 20 18 12 20 17 21 6 22 14 23 2 24 4 25 10 26 4 27 18 28 12 29 11 30 18 31 19 32 20 35 2 36 14 37 14 38 8 39 18 40 17 41 7 42 20 43 3 45 15 46 15 47 1 48 8 49 13 50 8 51 12 52 7 53 5 54 2 55 13 56 12 58 3 59 11 60 6 61 18 63 9 64 20 1 1 13 11 19 2 33 14 34 16 44 2 57 10 62 1 66 10 67 5 68 6 69 6 71 7 72 11 73 9 74 4 75 10 76 9 78 17 79 2 80 2 81 7 82 2 83 1 84 13 85 9 86 5 87 7 88 16 89 1 90 14 91 13 92 8 93 18 94 20 95 17 96 8 97 17 98 3 77 6
66 0 3 1 19 2 3 4 7 5 1 6 13 7 13 9 16 11 8 12 2 13 3 14 14 15 14 16 12 17 15 18 20 19 4 20 10 22 8 23 19 24 9 25 6 26 19 27 13 28 7 29 14 30 9 31 3 32 19 34 4 35 20 36 9 37 13 38 18 39 12 40 20 41 12 42 3 43 5 44 7 45 15 46 5 48 3 49 11 50 18 51 18 52 1 53 9 54 20 55 11 56 6 57 16 58 5 59 14 60 9 61 1 62 5 63 19 64 19 65 10 3 20 8 1 10 4 21 8 33 11 47 19 67 5 69 6 70 16 72 5 73 8 74 9 75 15 76 12 77 17 79 5 81 12 82 8 83 13 85 10 86 2 87 15 88 10 89 5 91 3 94 7 95 19 96 12 97 8 98 7 68 12 71 16 78 13 80 18 84 20 90 10 92 10
67 0 11 1 13 2 13 4 2 5 8 6 11 7 16 9 2 10 10 11 11 12 4 13 12 14 12 15 7 16 10 17 6 18 17 19 19 20 1 21 9 22 17 23 8 24 12 25 14 26 6 27 15 28 3 29 11 30 7 31 11 32 8 33 20 34 12 35 8 36 19 39 6 40 3 41 5 43 18 44 8 46 9 48 7 49 19 50 6 52 19 53 9 54 1 55 20 56 19 57 11 58 20 59 3 61 15 62 2 63 1 64 11 65 5 66 5 3 18 8 9 37 20 38 13 42 4 45 15 47 16 51 10 60 4 68 4 69 16 70 15 71 5 72 10 73 2 74 19 75 15 76 4 77 8 78 14 79 11 80 1 81 4 83 17 84 8 85 14 86 17 87 16 88 3 89 6 90 9 91 10 92 20 93 13 94 13 95 4 97 16 98 9 96 17
68 0 5 1 12 2 7 3 19 4 13 5 6 6 15 7 6 8 14 9 14 10 6 11 3 12 12 13 6 14 6 15 3 16 20 17 8 18 14 19 12 20 2 21 13 22 10 23 9 24 1 25 17 26 15 27 2 28 3 29 4 30 9 31 10 32 13 33 14 34 15 35 20 36 10 37 11 38 9 39 15 40 12 41 17 42 5 43 17 44 3 45 1 46 19 47 5 48 5 49 5 50 4 51 2 54 16 55 13 56 12 57 17 58 10 59 19 60 15 61 17 62 9 63 19 64 9 65 6 67 4 52 4 66 12 69 2 70 6 71 18 72 5 73 15 75 19 76 2 77 12 78 9 79 14 80 18 81 8 82 3 83 8 84 20 85 18 86 6 87 12 88 8 89 20 90 14 91 3 92 8 93 14 94 17 95 14 96 11 97 12 98 19 74 4
69 0 4 1 7 3 3 4 4 5 16 7 2 8 14 9 20 11 9 12 20 13 13 14 14 15 12 16 16 17 12 18 16 19 11 20 3 21 20 22 14 23 13 24 4 25 9 26 16 28 8 29 13 30 7 31 5 32 19 33 7 34 20 35 17 36 6 37 18 38 16 39 12 40 20 41 7 42 2 43 9 44 18 45 16 46 8 47 12 49 3 50 7 51 18 52 18 53 6 54 2 55 8 56 15 57 15 59 6 60 9 61 6 62 2 63 14 64 14 65 6 66 6 67 16 68 2 2 11 6 9 10 19 27 2 48 19 58 10 71 16 72 12 73 9 74 13 75 12 76 11 77 5 78 2 79 3 80 2 81 13 82 7 83 20 84 14 85 6 86 2 87 3 88 7 89 3 90 7 91 16 92 10 93 19 94 11 95 1 96 1 97 3 98 3 70 19
70 0 12 1 9 2 13 3 9 4 11 5 15 6 16 7 15 8 9 9 11 10 6 11 18 12 5 13 19 15 14 16 19 17 20 18 20 19 3 21 18 22 20 24 6 26 3 27 18 28 18 29 16 30 18 31 20 32 7 33 16 34 16 35 19 36 6 38 5 39 12 40 10 41 10 42 13 43 10 44 15 45 18 46 9 47 13 48 4 49 9 50 10 51 3 52 1 54 1 55 8 56 3 58 2 60 16 61 11 63 16 64 6 66 16 67 15 68 6 23 10 25 5 37 13 53 10 57 1 59 14 69 19 71 3 73 7 74 2 75 18 76 7 77 1 78 2 79 15 80 17 81 20 82 17 83 3 84 12 85 8 86 17 87 6 88 9 89 4 91 9 92 18 93 19 94 11 95 6 96 6 97 9 98 2 72 1 90 2
71 0 12 1 20 2 6 3 2 4 4 5 4 6 2 7 8 8 4 9 19 10 13 11 7 12 15 13 11 14 9 15 4 16 6 17 4 18 10 19 1 20 8 21 2 22 3 23 1 24 17 26 8 27 14 28 8 29 12 30 17 31 15 33 20 34 13 35 7 36 5 37 13 38 17 39 16 40 1 41 6 42 17 43 14 44 14 45 5 46 14 47 17 48 19 49 9 50 3 51 18 52 8 53 10 55 13 56 8 57 9 58 9 59 19 61 3 63 7 64 19 65 7 67 5 68 18 69 16 70 3 25 4 32 7 54 9 62 2 66 16 72 1 73 14 75 5 76 18 77 6 78 13 79 16 80 14 81 13 82 18 83 11 84 8 85 10 87 3 88 18 89 1 90 5 91 18 92 11 93 13 95 8 96 7 97 3 98 17 74 6 86 1 94 13
72 1 4 2 13 3 14 4 15 5 9 6 12 7 12 9 13 10 5 11 14 12 1 13 5 14 4 16 11 17 10 18 11 19 16 20 3 21 2 22 17 23 15 24 14 26 1 27 6 28 10 29 15 30 14 31 13 32 15 33 10 34 5 35 18 37 17 38 17 39 16 40 16 41 1 42 20 43 11 44 13 45 18 47 20 48 7 49 14 50 6 51 12 52 17 53 10 54 2 55 6 56 2 57 9 58 13 59 11 60 15 61 9 62 12 64 10 65 11 66 5 67 10 68 5 69 12 71 1 0 6 8 18 15 10 25 3 63 8 70 1 73 10 74 19 75 3 76 6 78 20 79 15 80 19 81 6 82 18 83 11 84 13 85 19 86 4 87 8 88 14 89 11 90 4 91 17 92 3 93 18 94 11 95 13 96 13 97 17 98 18 77 18
73 0 16 1 2 2 14 3 3 5 2 6 4 7 17 8 15 9 4 10 20 11 1 12 18 13 20 14 1 15 14 16 14 17 16 19 7 20 3 21 15 22 13 23 14 24 15 25 3 26 15 27 18 28 1 29 5 30 16 31 16 32 7 33 7 34 8 36 3 37 9 38 18 39 1 40 8 41 20 42 11 43 7 44 8 46 12 47 13 48 1 49 1 50 6 51 20 52 13 53 6 54 10 56 1 57 3 58 2 59 15 60 3 61 14 62 7 63 4 64 11 65 9 66 8 67 2 68 15 69 9 70 7 71 14 72 10 4 12 18 20 35 1 45 19 55 3 74 8 76 2 77 20 78 3 80 11 81 18 82 20 83 7 84 12 85 14 86 8 87 16 88 10 90 20 91 14 92 10 93 2 95 4 96 10 97 4 98 10 75 7 79 8 94 2
74 0 9 2 7 3 16 4 10 5 10 6 12 7 15 8 7 9 20 10 18 11 16 12 16 13 15 14 8 15 19 16 17 17 20 18 6 19 19 20 2 21 2 22 3 23 17 24 19 25 4 26 8 27 20 28 18 29 14 30 4 31 4 33 10 34 12 35 4 36 11 37 14 38 18 40 2 41 14 42 10 43 11 44 11 45 3 46 20 47 11 48 5 49 20 50 16 51 19 52 14 53 2 54 15 55 9 56 15 57 9 58 18 59 5 60 7 61 8 62 4 63 19 64 15 65 4 66 9 67 19 69 13 70 2 72 19 73 8 32 19 39 12 68 4 71 6 75 8 76 17 78 14 79 10 80 19 81 4 82 4 83 7 84 8 87 14 88 18 89 17 90 10 91 1 92 7 93 1 94 7 96 2 97 8 98 17 77 4 85 10 86 7
75 0 4 1 14 2 12 3 17 4 17 5 9 6 19 7 17 8 8 9 11 10 18 12 12 13 9 14 17 16 3 17 3 18 17 19 3 20 8 21 14 23 19 24 8 25 16 27 16 28 5 30 10 31 3 32 12 33 11 34 17 35 18 36 20 37 2 38 20 39 10 40 19 41 17 42 6 43 15 44 19 45 18 46 20 47 20 48 7 49 9 50 11 51 16 52 1 54 19 55 13 56 10 57 9 58 15 59 15 60 20 61 19 64 16 65 10 66 15 67 15 68 19 69 12 70 18 71 5 72 3 74 8 15 18 22 20 26 20 29 1 53 13 62 18 63 7 73 7 76 7 77 12 79 18 80 1 81 12 82 2 83 20 84 9 85 1 86 13 87 17 88 10 89 5 90 13 91 5 92 5 94 19 95 10 96 2 97 17 98 15 78 11 93 17
76 0 17 1 4 2 17 3 7 4 17 6 4 7 11 8 16 9 4 10 9 11 19 12 10 13 6 14 1 15 13 16 10 17 7 18 8 19 18 20 11 21 14 22 20 23 17 24 2 25 14 26 11 27 10 29 2 31 2 32 16 33 8 34 2 35 7 36 17 37 14 38 6 39 8 40 7 41 7 42 1 43 6 44 19 45 7 47 16 48 2 49 8 52 2 53 20 54 5 55 16 56 4 57 7 58 8 60 20 61 7 62 11 63 14 64 18 65 9 66 12 67 4 68 2 69 11 70 7 71 18 72 6 73 2 74 17 75 7 5 14 28 17 30 20 50 5 51 15 59 9 77 2 78 10 79 12 80 18 81 7 82 14 83 11 84 2 85 1 86 12 87 7 88 20 89 2 90 6 91 17 92 16 93 6 94 19 95 15 98 6 96 1 97 10
77 0 5 2 7 3 4 4 8 5 11 6 2 7 2 8 8 9 15 10 17 11 4 12 18 13 14 14 19 15 7 16 6 18 10 19 20 21 19 23 20 24 19 25 4 26 3 27 4 28 8 29 12 30 10 31 15 32 16 33 8 34 13 35 11 36 18 37 15 39 8 40 12 41 14 42 18 43 12 44 19 45 1 47 9 48 15 49 1 50 1 51 19 52 15 53 13 54 20 55 14 56 12 57 17 58 20 59 19 60 16 61 3 62 13 63 2 64 1 66 17 67 8 68 12 69 5 70 1 71 6 73 20 75 12 76 2 1 18 17 4 20 7 22 3 46 11 65 6 72 18 74 4 78 2 80 14 81 6 82 7 83 18 84 15 85 7 86 8 87 10 88 7 89 5 90 3 93 14 94 11 95 5 96 15 97 5 98 2 79 16 91 17 92 5
78 0 2 1 5 2 13 3 15 4 19 5 16 6 3 7 15 8 18 9 13 10 17 11 8 13 2 16 10 17 15 18 20 19 14 20 19 21 2 22 14 23 11 24 20 25 1 26 17 27 5 28 13 29 17 30 13 31 16 32 6 33 18 34 2 35 13 36 8 38 2 39 9 40 15 41 13 42 20 43 12 44 15 45 17 46 2 47 17 49 1 50 18 52 10 53 10 54 16 55 5 56 18 57 2 58 8 60 17 62 1 63 20 64 3 65 17 67 14 68 9 69 2 70 2 71 13 72 20 73 3 74 14 76 10 77 2 12 3 14 16 15 3 48 8 51 7 59 18 61 16 66 13 75 11 79 13 82 4 83 10 84 20 85 8 86 16 87 4 88 15 89 11 90 10 92 18 94 19 95 14 96 8 97 4 98 17 80 18 81 20 91 12 93 13
79 0 1 2 5 3 2 4 1 5 6 6 11 7 13 8 5 9 7 10 20 11 19 12 20 13 11 14 14 15 10 16 7 17 18 19 18 20 5 21 15 22 20 24 19 25 8 26 19 27 19 28 9 29 6 30 18 31 13 32 1 33 10 34 20 35 12 36 2 37 17 39 8 41 10 42 18 43 9 44 4 45 10 46 20 48 2 49 20 50 3 51 13 52 14 53 17 54 18 55 3 56 4 58 13 59 13 61 10 62 4 63 11 64 4 65 2 66 5 67 11 68 14 69 3 70 15 71 16 72 15 74 10 75 18 76 12 78 13 1 17 18 17 23 12 38 12 40 1 47 11 60 20 73 8 77 16 82 3 83 9 84 4 85 8 86 9 87 8 89 18 91 10 93 19 94 18 95 13 96 1 97 6 98 14 80 11 81 15 88 20 90 20 92 18
80 0 5 1 8 2 17 3 7 4 6 5 17 6 2 7 7 8 12 9 1 10 13 11 3 12 10 14 5 15 2 17 13 18 9 19 20 20 19 21 4 22 4 23 14 25 4 26 7 27 11 28 12 29 16 30 10 31 16 32 17 33 4 34 18 35 13 36 1 37 17 38 13 39 6 40 7 41 8 43 11 44 5 45 4 46 11 48 13 49 10 50 16 51 16 53 9 54 8 55 10 56 8 57 3 58 9 59 5 60 4 61 17 62 18 63 5 64 4 65 2 67 1 68 18 69 2 70 17 71 14 72 19 73 11 74 19 75 1 76 18 77 14 13 2 24 9 42 18 47 20 52 5 66 18 78 18 79 11 81 11 82 4 83 2 84 19 86 3 87 10 88 3 89 1 90 5 91 2 92 3 93 16 94 15 96 10 97 3 98 14 85 17 95 18
81 0 10 1 17 2 11 3 1 4 11 5 16 6 10 7 10 8 5 9 3 11 17 13 16 14 6 15 5 16 16 17 10 18 20 19 17 20 12 21 6 22 8 23 4 24 13 26 5 27 15 28 19 29 10 31 15 32 1 33 4 35 12 36 17 37 10 38 11 39 18 41 19 43 10 44 2 45 10 46 2 47 10 48 16 49 20 51 11 52 18 53 15 54 15 55 1 56 16 57 10 59 10 60 3 61 14 62 9 63 15 64 18 65 7 66 12 67 4 68 8 69 13 70 20 71 13 72 6 73 18 74 4 75 12 76 7 77 6 80 11 10 12 12 3 25 1 34 2 40 7 42 18 58 11 78 20 79 15 82 1 83 5 84 3 85 17 86 20 87 12 88 17 89 5 90 13 91 7 92 16 93 20 94 18 95 10 96 5 97 12 98 7
82 0 5 1 19 2 15 3 6 4 16 5 13 6 3 7 17 8 6 9 2 10 6 11 17 12 17 13 7 14 9 15 1 16 20 17 5 18 13 20 19 21 4 22 16 23 2 24 13 25 1 26 3 29 4 30 1 32 11 33 2 34 6 35 10 37 20 38 8 39 10 40 1 41 12 42 9 43 11 44 9 46 20 47 12 48 20 49 11 50 7 51 19 52 13 54 8 55 20 56 12 57 6 58 15 59 7 60 15 61 3 62 16 63 12 64 7 65 2 66 8 68 3 69 7 70 17 71 18 72 18 73 20 74 4 75 2 76 14 77 7 78 4 79 3 80 4 81 1 19 19 27 20 28 20 31 7 36 7 45 13 53 13 83 11 84 8 85 16 86 3 87 12 88 10 89 19 90 1 91 6 92 13 93 19 94 13 95 19 96 10 97 12
83 0 16 1 2 2 4 3 7 4 3 5 12 6 14 7 13 8 10 9 13 10 9 11 19 12 11 13 4 14 18 15 19 18 12 19 13 21 13 23 16 24 13 25 7 26 18 28 18 29 2 30 4 31 18 32 10 33 20 35 18 36 13 38 4 39 19 40 4 42 9 44 2 45 8 46 4 47 15 48 12 49 1 50 6 51 12 52 6 54 12 55 1 56 17 57 14 58 11 59 3 60 11 61 3 62 7 63 19 64 4 65 1 66 13 67 17 68 8 69 20 70 3 71 11 72 11 73 7 74 7 75 20 76 11 77 18 78 10 79 9 80 2 81 5 82 11 16 18 17 20 20 14 22 16 27 14 34 19 37 8 41 12 43 9 53 6 84 13 85 11 86 15 87 18 88 14 89 7 90 10 92 7 93 15 94 11 95 12 96 20 97 14 98 2 91 17
84 0 20 1 2 2 1 3 11 4 5 5 18 6 18 7 3 8 13 9 11 10 15 11 16 12 9 13 5 14 10 15 14 16 1 17 11 18 10 20 7 21 17 22 15 23 15 24 7 25 12 26 7 27 15 28 12 29 17 31 5 32 9 33 20 34 14 36 7 37 5 39 4 40 8 41 7 42 15 43 3 44 9 45 6 46 15 47 2 49 15 50 11 51 8 52 8 53 19 54 1 55 16 56 13 59 17 60 4 61 17 62 19 63 2 64 16 65 13 67 8 68 20 69 14 70 12 71 8 72 13 73 12 74 8 75 9 76 2 77 15 78 20 79 4 80 19 81 3 82 8 83 13 19 3 30 2 35 12 38 16 48 20 57 18 58 4 66 20 87 10 88 5 89 4 90 10 92 11 93 16 94 18 95 19 96 2 97 19 98 2 85 16 86 19 91 8
85 0 8 1 11 2 1 3 18 5 4 6 12 7 2 8 13 9 10 10 16 11 11 12 13 13 16 14 16 15 13 16 5 17 13 18 1 19 14 20 1 21 17 22 2 23 11 24 4 25 13 26 16 27 12 28 20 29 11 32 2 34 6 35 6 36 20 37 17 38 8 39 10 41 13 42 8 43 11 44 4 45 9 46 17 47 8 48 15 49 1 50 14 51 6 52 14 53 8 54 12 55 16 56 3 57 1 58 13 59 15 60 11 61 7 62 9 63 1 64 13 65 9 66 10 67 14 68 18 69 6 70 8 71 10 72 19 73 14 75 1 76 1 77 7 78 8 79 8 81 17 82 16 83 11 4 1 30 11 31 2 33 10 40 5 74 10 80 17 84 16 86 2 87 3 88 16 89 10 90 14 91 10 92 8 93 5 94 16 95 13 96 5 97 13 98 5
86 0 3 1 6 2 10 3 7 4 1 5 17 6 9 8 19 9 20 10 18 11 16 12 9 13 17 14 15 16 2 17 3 18 8 19 6 20 13 21 18 22 5 23 19 24 16 25 1 26 17 27 7 28 6 29 4 30 19 31 2 32 15 33 2 34 4 35 8 36 7 37 6 38 17 39 13 40 5 41 9 42 9 43 11 44 14 45 3 46 8 47 2 48 16 49 9 50 10 53 20 54 6 55 9 56 12 57 15 58 20 59 11 60 1 61 6 63 16 64 5 65 5 66 2 67 17 68 6 69 2 70 17 72 4 73 8 75 13 76 12 77 8 78 16 79 9 80 3 81 20 82 3 83 15 85 2 7 8 15 11 51 11 52 18 62 20 71 1 74 7 84 19 87 17 88 3 89 18 90 12 91 9 92 5 94 10 95 2 96 6 97 17 98 12
87 0 10 1 11 2 19 3 5 4 16 7 12 8 19 9 17 10 12 11 6 12 18 13 17 16 16 18 12 19 6 20 13 21 8 22 1 23 12 24 12 25 7 26 9 28 12 29 7 30 11 31 11 32 1 33 8 34 2 35 4 36 18 37 6 38 13 39 4 40 14 41 2 43 5 44 11 45 12 46 4 47 16 48 1 49 14 50 14 51 11 52 2 53 14 54 19 55 2 56 12 57 13 60 15 61 7 62 19 63 17 64 17 65 7 66 15 67 16 68 12 69 3 70 6 71 3 72 8 73 16 74 14 75 17 76 7 77 10 78 4 79 8 80 10 81 12 82 12 83 18 84 10 85 3 86 17 5 1 6 7 14 18 15 5 17 8 27 8 42 8 58 20 88 13 89 6 91 6 93 9 94 16 95 3 96 3 97 19 90 15 92 13 98 1
88 0 18 2 13 3 18 4 17 5 11 7 15 8 14 9 2 10 3 11 16 13 4 16 13 17 20 18 17 19 13 20 6 21 18 22 8 23 12 24 5 26 3 27 20 28 10 29 7 30 3 31 15 32 1 33 1 34 9 35 8 37 12 38 9 40 17 41 10 42 20 43 12 44 1 45 8 46 12 47 4 48 17 49 18 50 13 51 16 52 1 53 6 54 16 55 5 56 4 57 8 58 10 59 8 60 8 61 15 62 15 63 10 64 9 65 16 66 10 67 3 68 8 69 7 70 9 71 18 72 14 73 10 74 18 75 10 76 20 77 7 78 15 80 3 81 17 82 10 83 14 84 5 85 16 86 3 87 13 1 11 6 2 12 7 14 2 36 18 39 3 79 20 89 4 90 14 91 4 92 6 93 7 94 11 95 5 96 12 97 4 98 18
89 0 15 3 19 4 14 5 16 6 6 7 3 8 20 9 2 10 6 11 5 12 13 13 9 14 2 15 11 16 13 17 5 18 4 19 5 20 3 21 3 22 15 24 12 25 17 27 20 28 4 29 2 30 7 31 20 32 10 33 17 35 9 36 6 37 15 39 11 40 18 41 15 42 14 43 15 44 8 45 19 46 8 47 15 48 4 49 20 50 8 51 7 52 18 53 2 54 20 55 20 56 15 57 17 58 19 59 10 60 2 61 4 62 1 63 7 64 4 65 1 66 5 67 6 68 20 69 3 70 4 71 1 72 11 74 17 75 5 76 2 77 5 78 11 79 18 80 1 81 5 82 19 83 7 84 4 85 10 86 18 87 6 88 4 1 12 2 19 23 12 26 13 34 12 38 17 90 15 91 7 93 18 94 14 95 2 96 15 97 20 98 7 92 2
90 0 6 1 2 2 4 4 1 5 5 6 10 7 14 8 18 9 9 10 15 11 19 12 14 13 2 14 11 15 6 16 8 17 15 18 8 19 19 20 11 21 8 22 7 23 5 24 2 25 12 27 13 28 17 29 16 30 6 31 16 32 19 33 1 34 8 35 3 36 3 37 2 38 18 39 12 40 2 41 3 42 18 43 2 44 15 45 6 46 14 47 4 48 5 49 17 50 10 51 8 52 3 53 13 54 15 55 20 56 4 57 16 58 12 59 6 60 12 61 1 62 5 63 12 64 7 65 14 67 9 68 14 69 7 71 5 72 4 73 20 74 10 75 13 76 6 77 3 78 10 80 5 81 13 82 1 83 10 84 10 85 14 86 12 88 14 89 15 3 5 66 10 70 2 79 20 87 15 91 11 92 16 93 20 94 17 95 18 96 16 97 1 98 18
91 0 12 1 9 2 19 3 20 4 7 5 4 6 6 7 18 8 17 9 17 10 11 11 1 12 13 13 5 14 16 15 6 16 8 17 19 18 17 20 9 21 13 22 2 23 8 25 1 26 10 27 12 28 6 29 16 30 3 32 1 33 14 34 5 35 16 36 12 37 13 38 8 39 10 40 11 41 14 42 12 43 11 44 18 45 16 46 16 47 12 48 14 49 2 50 16 51 15 52 13 53 7 54 14 55 14 56 7 57 9 58 9 59 20 60 19 61 2 62 20 63 5 64 4 65 13 66 3 67 10 68 3 69 16 70 9 71 18 72 17 73 14 74 1 75 5 76 17 79 10 80 2 81 7 82 6 85 10 86 9 87 6 88 4 89 7 90 11 19 6 24 20 31 20 77 17 78 12 83 17 84 8 92 6 93 5 94 16 95 17 96 20 97 13 98 5
92 0 7 2 10 3 6 4 7 5 8 6 9 7 8 8 1 9 15 10 7 11 2 12 19 13 18 14 8 15 2 16 18 17 8 18 12 19 19 20 9 21 17 22 16 23 16 25 12 26 1 27 9 28 5 29 5 30 7 31 20 32 20 33 17 34 14 35 19 36 13 37 15 38 18 40 16 41 18 42 17 43 16 44 5 45 1 46 17 47 4 48 17 49 12 50 8 51 10 52 17 53 11 54 13 56 5 57 3 59 12 62 16 63 20 64 12 65 8 67 20 68 8 69 10 70 18 71 11 72 3 73 10 74 7 75 5 76 16 78 18 80 3 81 16 82 13 83 7 84 11 85 8 86 5 88 6 90 16 91 6 1 19 24 14 39 16 55 7 60 4 61 10 66 10 77 5 79 18 87 13 89 2 93 6 94 11 96 5 97 6 98 13 95 7
93 0 18 1 9 2 4 3 9 4 3 5 8 6 4 7 5 8 3 9 5 11 11 12 12 13 19 14 13 16 14 17 16 18 19 19 16 20 17 21 4 22 19 23 15 24 12 25 20 26 17 27 16 28 16 29 17 30 18 31 10 33 18 34 10 35 5 36 8 37 10 38 15 39 13 40 4 41 20 42 13 43 7 44 16 45 1 46 13 47 13 48 2 49 4 50 9 51 8 52 18 53 5 54 19 55 7 56 10 57 11 58 17 59 12 60 19 61 7 63 9 64 20 65 18 67 13 68 14 69 19 70 19 71 13 72 18 73 2 74 1 76 6 77 14 79 19 80 16 81 20 82 19 83 15 84 16 85 5 87 9 88 7 89 18 90 20 91 5 92 6 10 12 15 20 32 6 62 9 75 17 78 13 94 10 95 12 96 7 97 4 98 20
94 0 20 1 8 2 15 3 1 4 5 5 8 6 5 7 4 8 19 9 3 10 11 11 1 12 20 13 6 14 1 15 16 16 20 17 11 18 20 19 17 20 8 21 10 22 5 23 8 24 1 25 12 26 5 28 14 29 9 30 17 31 1 32 17 33 11 34 2 35 13 36 6 37 11 38 2 39 10 40 11 41 2 42 9 44 7 45 5 46 3 48 1 49 11 50 12 51 18 52 4 53 10 54 20 55 9 56 13 57 12 59 4 60 1 61 12 62 11 63 2 64 4 65 20 66 7 67 13 68 17 69 11 70 11 72 11 74 7 75 19 76 19 77 11 78 19 79 18 80 15 81 18 82 13 83 11 84 18 85 16 86 10 87 16 88 11 89 14 90 17 91 16 92 11 93 10 27 13 47 6 58 6 71 13 73 2 95 9 96 6 97 15 98 19
95 0 10 2 2 3 16 4 16 5 8 6 13 7 14 9 2 10 2 11 5 13 20 14 20 15 17 16 16 17 4 18 17 19 7 20 17 21 18 22 19 23 14 24 2 25 19 26 16 27 7 28 20 29 4 30 18 31 12 32 6 33 11 34 12 35 3 36 3 37 17 39 13 40 17 41 20 42 19 43 20 44 3 45 14 46 15 47 12 48 15 50 11 51 18 52 3 54 1 55 18 56 11 57 17 58 1 59 3 61 19 62 5 63 19 64 15 65 17 66 19 67 4 68 14 69 1 70 6 71 8 72 13 73 4 75 10 76 15 77 5 78 14 79 13 81 10 82 19 83 12 84 19 85 13 86 2 87 3 88 5 89 2 90 18 91 17 93 12 94 9 1 15 8 7 12 17 38 10 49 8 53 4 60 8 80 18 92 7 96 7 97 3 98 4
96 0 16 1 4 2 17 3 9 5 6 6 14 7 11 8 8 10 7 11 13 12 5 13 14 14 12 15 1 16 20 17 3 18 5 19 10 20 20 21 11 22 6 23 4 24 10 25 8 26 13 27 1 28 12 29 1 30 2 31 17 33 19 34 18 35 15 36 12 37 15 38 14 39 4 40 18 42 16 43 7 44 6 47 17 48 18 49 8 50 13 51 8 52 13 53 8 54 2 55 1 56 19 57 18 58 16 59 6 60 6 61 5 62 1 63 12 64 18 65 8 66 12 68 11 69 1 70 6 71 7 72 13 73 10 74 2 75 2 77 15 78 8 79 1 80 10 81 5 82 10 83 20 84 2 85 5 86 6 87 3 88 12 89 15 90 16 91 20 92 5 93 7 94 6 95 7 4 2 9 10 32 5 41 18 45 7 46 2 67 17 76 1 97 15 98 3
97 1 13 2 16 3 1 4 5 5 7 6 14 8 3 9 2 10 20 11 5 12 8 13 7 15 8 16 20 17 18 18 7 20 3 21 1 22 15 23 2 24 9 25 8 26 15 27 4 28 17 29 7 30 2 31 15 32 13 33 17 34 2 35 9 36 9 37 17 39 15 41 14 42 9 43 15 44 13 45 9 46 14 47 14 48 10 49 6 50 6 51 1 52 13 53 1 54 18 55 3 56 20 57 14 58 1 59 7 60 13 61 15 62 11 63 10 64 7 65 17 66 8 67 16 68 12 69 3 70 9 71 3 72 17 73 4 74 8 75 17 77 5 78 4 79 6 80 3 81 12 82 12 83 14 84 19 85 13 86 17 87 19 88 4 89 20 90 1 91 13 92 6 93 4 94 15 95 3 96 15 0 11 7 9 19 15 38 16 40 18 76 10 98 18
98 0 10 1 14 2 15 3 20 4 16 5 14 6 8 7 2 8 4 9 6 10 16 11 12 12 5 13 5 14 15 15 12 16 1 17 13 18 17 19 2 20 7 21 3 22 14 23 19 24 5 25 1 26 7 27 1 28 17 29 4 30 14 31 18 32 9 33 5 34 14 35 16 36 8 37 3 38 20 39 19 40 13 41 17 42 5 43 19 44 8 45 1 46 13 47 15 48 17 49 10 50 4 51 1 53 12 54 10 55 14 56 11 57 7 58 4 59 14 60 15 61 4 62 20 63 4 64 15 65 3 66 7 67 9 68 19 69 3 70 2 71 17 72 18 73 10 74 17 75 15 76 6 77 2 78 17 79 14 80 14 81 7 83 2 84 2 85 5 86 12 88 18 89 7 90 18 91 5 92 13 93 20 94 19 97 18 52 18 87 1 95 4 96 3
